1	0	1	1.4491456337875	color=(29,145,192)
1	1	2	-0.7293962982275	color=(65,182,196)
1	2	3	0.1075016508075	color=(65,182,196)
1	3	4	0.2045859928575	color=(65,182,196)
1	4	5	-0.384601234702499	color=(65,182,196)
1	5	6	0.62626217625	color=(65,182,196)
1	6	7	1.3545427207875	color=(29,145,192)
1	7	8	-1.22472657762	color=(127,205,187)
1	8	9	-0.6173058431925	color=(65,182,196)
1	9	10	-0.2077790331641	color=(65,182,196)
1	10	11	-0.312003927025	color=(65,182,196)
1	11	12	-1.3442951535675	color=(127,205,187)
1	12	13	1.206712001125	color=(29,145,192)
1	13	14	0.216679271897499	color=(65,182,196)
1	14	15	1.62020783448	color=(29,145,192)
1	15	16	0.148042371137125	color=(65,182,196)
1	16	17	0.2113358861055	color=(65,182,196)
1	17	18	0.73955647969	color=(65,182,196)
1	18	19	0.2116027189295	color=(65,182,196)
1	19	20	0.02237283982775	color=(65,182,196)
1	20	21	-0.4647767660745	color=(65,182,196)
1	21	22	0.49872066191	color=(65,182,196)
1	22	23	-0.355190646117499	color=(65,182,196)
1	23	24	-0.8188841831575	color=(65,182,196)
1	24	25	-0.1579210389375	color=(65,182,196)
1	25	26	-0.216586908955001	color=(65,182,196)
1	26	27	-0.4836550623975	color=(65,182,196)
1	27	28	1.1288375543975	color=(29,145,192)
1	28	29	-0.91446452628	color=(65,182,196)
1	29	30	-0.347945253163	color=(65,182,196)
1	30	31	-1.3110796831075	color=(127,205,187)
1	31	32	0.02848717766	color=(65,182,196)
1	32	33	1.1072090564325	color=(29,145,192)
1	33	34	-0.281735813368	color=(65,182,196)
1	34	35	0.0758251193124995	color=(65,182,196)
1	35	36	-1.7310171915875	color=(127,205,187)
1	36	37	0.0591796370625	color=(65,182,196)
1	37	38	-0.1059688023075	color=(65,182,196)
1	38	39	1.0689851292575	color=(65,182,196)
1	39	40	0.0931239616399999	color=(65,182,196)
1	40	41	-1.629629592855	color=(127,205,187)
1	41	42	1.224902620948	color=(29,145,192)
1	42	43	0.03971636704925	color=(65,182,196)
1	43	44	0.45249944197975	color=(65,182,196)
1	44	45	0.552710982999999	color=(65,182,196)
1	45	46	-1.0939924188425	color=(65,182,196)
1	46	47	-0.136068526055	color=(65,182,196)
1	47	48	-0.04716652903	color=(65,182,196)
1	48	49	0.31852808739	color=(65,182,196)
1	49	50	0.311130612825	color=(65,182,196)
1	50	51	-1.27588323032	color=(127,205,187)
1	51	52	-0.3825757938015	color=(65,182,196)
1	52	53	0.223878068405	color=(65,182,196)
1	53	54	-0.110792060345	color=(65,182,196)
1	54	55	0.655720534892501	color=(65,182,196)
1	55	56	1.744938273085	color=(29,145,192)
1	56	57	-1.241285320945	color=(127,205,187)
1	57	58	-0.241011789937501	color=(65,182,196)
1	58	59	0.7455902429175	color=(65,182,196)
1	59	60	-0.504947702340001	color=(65,182,196)
1	60	61	-1.92875305627	color=(127,205,187)
1	61	62	-0.41398796955	color=(65,182,196)
1	62	63	0.907449412624999	color=(65,182,196)
1	63	64	1.8410513694725	color=(29,145,192)
1	64	65	0.8800100660025	color=(65,182,196)
1	65	66	0.85398195594925	color=(65,182,196)
1	66	67	-0.179306029868	color=(65,182,196)
1	67	68	-1.47332029524	color=(127,205,187)
1	68	69	-0.2692060010535	color=(65,182,196)
1	69	70	-0.5774990009875	color=(65,182,196)
1	70	71	0.750610380180001	color=(65,182,196)
1	71	72	-0.583536488412499	color=(65,182,196)
1	72	73	0.8527164129725	color=(65,182,196)
1	73	74	0.7207074468975	color=(65,182,196)
1	74	75	0.872826488467	color=(65,182,196)
1	75	76	0.62425758707	color=(65,182,196)
1	76	77	-2.8249041899425	color=(127,205,187)
1	77	78	0.706451848055	color=(65,182,196)
1	78	79	-0.507168964175	color=(65,182,196)
1	79	80	-0.38886645605375	color=(65,182,196)
1	80	81	-1.89394375475425	color=(127,205,187)
1	81	82	1.8127727430825	color=(29,145,192)
1	82	83	-1.552690587565	color=(127,205,187)
1	83	84	0.376019847879	color=(65,182,196)
1	84	85	-1.20183329344	color=(127,205,187)
1	85	86	-0.4727807555625	color=(65,182,196)
1	86	87	-0.3546271142875	color=(65,182,196)
1	87	88	-0.40360610421625	color=(65,182,196)
1	88	89	-0.139885116332501	color=(65,182,196)
1	89	90	-1.06203533124	color=(65,182,196)
1	90	91	-1.7625218244575	color=(127,205,187)
1	91	92	0.092308609949999	color=(65,182,196)
1	92	93	-0.464763754765	color=(65,182,196)
1	93	94	0.06495773792405	color=(65,182,196)
1	94	95	-0.212595847591	color=(65,182,196)
1	95	96	-0.68081263353	color=(65,182,196)
1	96	97	-0.36489797700375	color=(65,182,196)
1	97	98	-0.483895816075	color=(65,182,196)
1	98	99	0.169644418324999	color=(65,182,196)
1	99	100	1.21431209760645	color=(29,145,192)
1	100	101	0.15265039343525	color=(65,182,196)
1	101	102	-0.4508402761575	color=(65,182,196)
1	102	103	0.604499208629999	color=(65,182,196)
1	103	104	-0.0152930710749999	color=(65,182,196)
1	104	105	1.74987192382125	color=(29,145,192)
1	105	106	0.7774606926355	color=(65,182,196)
1	106	107	0.09809236624985	color=(65,182,196)
1	107	108	0.2663061684775	color=(65,182,196)
1	108	109	0.18644383066	color=(65,182,196)
1	109	110	0.90293796785775	color=(65,182,196)
1	110	111	0.54282570326875	color=(65,182,196)
1	111	112	-1.213729667415	color=(127,205,187)
1	112	113	0.898960822875001	color=(65,182,196)
1	113	114	0.5495449447675	color=(65,182,196)
1	114	115	0.661375329495	color=(65,182,196)
1	115	116	1.474800651345	color=(29,145,192)
1	116	117	-0.31982931816	color=(65,182,196)
1	117	118	2.157638192163	color=(29,145,192)
1	118	119	0.1823874455165	color=(65,182,196)
1	119	120	0.1116314100325	color=(65,182,196)
1	120	121	0.76141547537	color=(65,182,196)
1	121	122	-1.95869860306	color=(127,205,187)
1	122	123	0.2166509596185	color=(65,182,196)
1	123	124	1.3909072612075	color=(29,145,192)
1	124	125	-0.7972834356895	color=(65,182,196)
1	125	126	-0.4713395866675	color=(65,182,196)
1	126	127	0.558585675050001	color=(65,182,196)
1	127	128	0.1841347247525	color=(65,182,196)
1	128	129	0.14555723369	color=(65,182,196)
1	129	130	0.24590887255885	color=(65,182,196)
1	130	131	0.017448260050001	color=(65,182,196)
1	131	132	0.772739065494999	color=(65,182,196)
1	132	133	-1.8719019725175	color=(127,205,187)
1	133	134	-1.6182534762075	color=(127,205,187)
1	134	135	-3.3305859252075	color=(127,205,187)
1	135	136	-1.6539956830275	color=(127,205,187)
1	136	137	-0.710845504335	color=(65,182,196)
1	137	138	-1.00069289385	color=(65,182,196)
1	138	139	-0.815501589375	color=(65,182,196)
1	139	140	-0.0991689682097501	color=(65,182,196)
1	140	141	1.5054522874125	color=(29,145,192)
1	141	142	-0.0707604320049997	color=(65,182,196)
1	142	143	-1.12767589851275	color=(127,205,187)
1	143	144	0.558838455935	color=(65,182,196)
1	144	145	-1.791687920145	color=(127,205,187)
1	145	146	-0.04110104015	color=(65,182,196)
1	146	147	1.150299070075	color=(29,145,192)
1	147	148	-0.7519207581575	color=(65,182,196)
1	148	149	1.5574637750225	color=(29,145,192)
1	149	150	-0.729230133449999	color=(65,182,196)
1	150	151	1.18630346325	color=(29,145,192)
1	151	152	-1.23931284721	color=(127,205,187)
1	152	153	-2.4628668140625	color=(127,205,187)
1	153	154	1.2228884185225	color=(29,145,192)
1	154	155	1.27174166187983	color=(29,145,192)
1	155	156	0.89210360574825	color=(65,182,196)
1	156	157	-1.009814558911	color=(65,182,196)
1	157	158	-0.208883585164999	color=(65,182,196)
1	158	159	-1.7728382081375	color=(127,205,187)
1	159	160	0.3365113161615	color=(65,182,196)
1	160	161	0.7766977005675	color=(65,182,196)
1	161	162	-0.30365096472045	color=(65,182,196)
1	162	163	0.2801972820975	color=(65,182,196)
1	163	164	-0.870690142045	color=(65,182,196)
1	164	165	-0.128959619625	color=(65,182,196)
1	165	166	-0.227324366631	color=(65,182,196)
1	166	167	-0.61399224738	color=(65,182,196)
1	167	168	0.0449017677449994	color=(65,182,196)
1	168	169	-1.4019019182125	color=(127,205,187)
1	169	170	1.16808277312	color=(29,145,192)
1	170	171	-1.2935572716225	color=(127,205,187)
1	171	172	-0.7283422407665	color=(65,182,196)
1	172	173	-0.863531375123	color=(65,182,196)
1	173	174	-1.315212604955	color=(127,205,187)
1	174	175	-0.87992951691	color=(65,182,196)
1	175	176	0.3215048434005	color=(65,182,196)
1	176	177	0.40466936486925	color=(65,182,196)
1	177	178	-0.655204352095	color=(65,182,196)
1	178	179	1.7186939650425	color=(29,145,192)
1	179	180	1.1129766576975	color=(29,145,192)
1	180	181	0.19907028231325	color=(65,182,196)
1	181	182	-1.182313361385	color=(127,205,187)
1	182	183	-2.1113355497825	color=(127,205,187)
1	183	184	0.56917398469575	color=(65,182,196)
1	184	185	-2.272716892555	color=(127,205,187)
1	185	186	-1.9754530975075	color=(127,205,187)
1	186	187	-1.93336825675	color=(127,205,187)
1	187	188	2.8198986602725	color=(29,145,192)
1	188	189	0.76928751272025	color=(65,182,196)
1	189	190	-0.9153821649275	color=(65,182,196)
1	190	191	0.34033254833225	color=(65,182,196)
1	191	192	0.1237938509225	color=(65,182,196)
1	192	193	-0.1163025668335	color=(65,182,196)
1	193	194	0.165145900679999	color=(65,182,196)
1	194	195	0.293295575437499	color=(65,182,196)
1	195	196	0.82195724044375	color=(65,182,196)
1	196	197	-1.5228640513675	color=(127,205,187)
1	197	198	-1.118172581895	color=(65,182,196)
1	198	199	-0.8828557275625	color=(65,182,196)
1	199	200	1.001326594435	color=(65,182,196)
1	200	201	0.469834229313	color=(65,182,196)
1	201	202	0.107473842057175	color=(65,182,196)
1	202	203	0.870312373365	color=(65,182,196)
1	203	204	-0.4764400992205	color=(65,182,196)
1	204	205	0.3556128935025	color=(65,182,196)
1	205	206	-0.52656365178925	color=(65,182,196)
1	206	207	0.30265539362925	color=(65,182,196)
1	207	208	-1.765129541355	color=(127,205,187)
1	208	209	-1.77040631915	color=(127,205,187)
1	209	210	-0.7143628019475	color=(65,182,196)
1	210	211	-1.30669467116	color=(127,205,187)
1	211	212	-0.04522930760275	color=(65,182,196)
1	212	213	0.2494451082615	color=(65,182,196)
1	213	214	-0.1689769894175	color=(65,182,196)
1	214	215	-1.1531084776425	color=(127,205,187)
1	215	216	-0.0629034100475003	color=(65,182,196)
1	216	217	0.737767827285	color=(65,182,196)
1	217	218	0.822446546557499	color=(65,182,196)
1	218	219	-0.149657855075001	color=(65,182,196)
1	219	220	-0.311915942825	color=(65,182,196)
1	220	221	-0.00148548587999997	color=(65,182,196)
1	221	222	-0.0555288981249991	color=(65,182,196)
1	222	223	1.096757976925	color=(65,182,196)
1	223	224	-1.87830465988775	color=(127,205,187)
1	224	225	-1.0794137765075	color=(65,182,196)
1	225	226	-0.735515647415	color=(65,182,196)
1	226	227	-0.174598196886125	color=(65,182,196)
1	227	228	-0.1999415109975	color=(65,182,196)
1	228	229	2.60414503300925	color=(29,145,192)
1	229	230	-0.493634695232	color=(65,182,196)
1	230	231	0.9215156860225	color=(65,182,196)
1	231	232	-0.0439928346649996	color=(65,182,196)
1	232	233	0.552266554899999	color=(65,182,196)
1	233	234	1.5764841519925	color=(29,145,192)
1	234	235	-2.06528993063	color=(127,205,187)
1	235	236	0.7400521150075	color=(65,182,196)
1	236	237	0.607516578273075	color=(65,182,196)
1	237	238	0.654822060192499	color=(65,182,196)
1	238	239	0.900949166915	color=(65,182,196)
2	0	1	-2.49759221857525	color=(127,205,187)
2	1	2	0.35628983181875	color=(65,182,196)
2	2	3	-2.07363776692	color=(127,205,187)
2	3	4	-1.3024133904716	color=(127,205,187)
2	4	5	-1.1957609472975	color=(127,205,187)
2	5	6	-1.44561157020575	color=(127,205,187)
2	6	7	-1.8463891457125	color=(127,205,187)
2	7	8	-1.8336538112175	color=(127,205,187)
2	8	9	-2.530774279565	color=(127,205,187)
2	9	10	-2.007616204905	color=(127,205,187)
2	10	11	-0.791142203252	color=(65,182,196)
2	11	12	-1.1919581700825	color=(127,205,187)
2	12	13	-1.8022101925475	color=(127,205,187)
2	13	14	-0.585271703107	color=(65,182,196)
2	14	15	-2.0031056863875	color=(127,205,187)
2	15	16	0.8052201747625	color=(65,182,196)
2	16	17	-1.625188018241	color=(127,205,187)
2	17	18	-2.25690254731175	color=(127,205,187)
2	18	19	-1.21502407382	color=(127,205,187)
2	19	20	-2.198759669367	color=(127,205,187)
2	20	21	-1.20434717379	color=(127,205,187)
2	21	22	-2.4457324650625	color=(127,205,187)
2	22	23	-3.27113015709	color=(127,205,187)
2	23	24	-2.27477856659	color=(127,205,187)
2	24	25	-1.3103437154375	color=(127,205,187)
2	25	26	-3.36934264376	color=(199,233,180)
2	26	27	-1.08918786022	color=(65,182,196)
2	27	28	-1.91099373124069	color=(127,205,187)
2	28	29	-2.0225151989425	color=(127,205,187)
2	29	30	0.058251675645	color=(65,182,196)
2	30	31	-1.487492537635	color=(127,205,187)
2	31	32	-0.3499469142275	color=(65,182,196)
2	32	33	0.859966865587499	color=(65,182,196)
2	33	34	-2.649478042415	color=(127,205,187)
2	34	35	-3.0112284451525	color=(127,205,187)
2	35	36	-2.68958688161	color=(127,205,187)
2	36	37	-1.58575702282025	color=(127,205,187)
2	37	38	-1.5921666649028	color=(127,205,187)
2	38	39	-1.1637279112825	color=(127,205,187)
2	39	40	-2.359977722283	color=(127,205,187)
2	40	41	-3.01296189065525	color=(127,205,187)
2	41	42	-1.5329406323125	color=(127,205,187)
2	42	43	0.609047345982825	color=(65,182,196)
2	43	44	-0.912544819385	color=(65,182,196)
2	44	45	-1.65031875828425	color=(127,205,187)
2	45	46	-3.300347472455	color=(127,205,187)
2	46	47	0.574851699642499	color=(65,182,196)
2	47	48	-2.31423893685	color=(127,205,187)
2	48	49	-2.489351609647	color=(127,205,187)
2	49	50	-2.56388487635	color=(127,205,187)
2	50	51	-2.684178728025	color=(127,205,187)
2	51	52	-3.5844214014675	color=(199,233,180)
2	52	53	-2.41305043934975	color=(127,205,187)
2	53	54	-0.7576499628125	color=(65,182,196)
2	54	55	-1.7154528956925	color=(127,205,187)
2	55	56	0.221243424160627	color=(65,182,196)
2	56	57	0.76718644410075	color=(65,182,196)
2	57	58	-0.325805542067251	color=(65,182,196)
2	58	59	0.0163093892999999	color=(65,182,196)
2	59	60	0.5331714844585	color=(65,182,196)
2	60	61	-1.53115915423775	color=(127,205,187)
2	61	62	-0.44205422973025	color=(65,182,196)
2	62	63	-2.87844859966	color=(127,205,187)
2	63	64	-3.2225945369875	color=(127,205,187)
2	64	65	-2.33813904309	color=(127,205,187)
2	65	66	-1.58389885688525	color=(127,205,187)
2	66	67	-0.5710816417125	color=(65,182,196)
2	67	68	-1.8461599335425	color=(127,205,187)
2	68	69	-2.573809315223	color=(127,205,187)
2	69	70	-0.0370581618927499	color=(65,182,196)
2	70	71	-1.2281313227775	color=(127,205,187)
2	71	72	-2.67131893879525	color=(127,205,187)
2	72	73	-1.95914287479275	color=(127,205,187)
2	73	74	-2.168214894895	color=(127,205,187)
2	74	75	-2.4463987207655	color=(127,205,187)
2	75	76	-0.64518739036575	color=(65,182,196)
2	76	77	-0.0225956523574995	color=(65,182,196)
2	77	78	-0.634238979384	color=(65,182,196)
2	78	79	-2.7776595438875	color=(127,205,187)
2	79	80	-3.6267539615725	color=(199,233,180)
2	80	81	-2.128595336411	color=(127,205,187)
2	81	82	-3.0958762903875	color=(127,205,187)
2	82	83	-2.133115471495	color=(127,205,187)
2	83	84	-1.598761591309	color=(127,205,187)
2	84	85	-1.441927482025	color=(127,205,187)
2	85	86	-1.1062724192025	color=(65,182,196)
2	86	87	-1.4347579151085	color=(127,205,187)
2	87	88	-0.9017062972515	color=(65,182,196)
2	88	89	-1.46556749737725	color=(127,205,187)
2	89	90	-0.4465242746275	color=(65,182,196)
2	90	91	-1.36667512271025	color=(127,205,187)
2	91	92	-4.08146980505	color=(199,233,180)
2	92	93	-1.751983035732	color=(127,205,187)
3	0	1	1.10830434817525	color=(29,145,192)
3	1	2	-0.70311293446375	color=(65,182,196)
3	2	3	1.5044477588525	color=(29,145,192)
3	3	4	1.35306400795135	color=(29,145,192)
3	4	5	1.58754926020042	color=(29,145,192)
3	5	6	0.37898999801225	color=(65,182,196)
3	6	7	3.20656985745825	color=(29,145,192)
3	7	8	1.39749858889875	color=(29,145,192)
3	8	9	1.99869126940825	color=(29,145,192)
3	9	10	0.548570508333174	color=(65,182,196)
3	10	11	-1.39104914760125	color=(127,205,187)
3	11	12	2.84786924208175	color=(29,145,192)
3	12	13	2.62810255059775	color=(29,145,192)
3	13	14	1.15449073727075	color=(29,145,192)
3	14	15	2.94465689668375	color=(29,145,192)
3	15	16	1.4186310986005	color=(29,145,192)
3	16	17	2.051819357965	color=(29,145,192)
3	17	18	3.8349536792075	color=(34,94,168)
3	18	19	0.51834861593675	color=(65,182,196)
3	19	20	2.6522341771395	color=(29,145,192)
3	20	21	1.3648624323625	color=(29,145,192)
3	21	22	2.20347836511	color=(29,145,192)
3	22	23	2.66643861636	color=(29,145,192)
3	23	24	2.57298381340225	color=(29,145,192)
3	24	25	1.83778543126175	color=(29,145,192)
3	25	26	3.25175333478	color=(29,145,192)
3	26	27	0.0854405422625	color=(65,182,196)
3	27	28	3.421324648351	color=(34,94,168)
3	28	29	2.8805435070835	color=(29,145,192)
3	29	30	1.69748733804425	color=(29,145,192)
3	30	31	1.43708472700575	color=(29,145,192)
3	31	32	2.3470665560945	color=(29,145,192)
3	32	33	2.1306787675785	color=(29,145,192)
3	33	34	1.107208974455	color=(29,145,192)
3	34	35	2.24921716787675	color=(29,145,192)
3	35	36	2.109455455856	color=(29,145,192)
3	36	37	2.7274754300966	color=(29,145,192)
3	37	38	2.0217160619525	color=(29,145,192)
3	38	39	1.42214591986285	color=(29,145,192)
3	39	40	1.6940747976125	color=(29,145,192)
3	40	41	2.20550343654375	color=(29,145,192)
3	41	42	0.0942347590002504	color=(65,182,196)
3	42	43	1.4624156989275	color=(29,145,192)
3	43	44	0.4238775736865	color=(65,182,196)
3	44	45	2.323191363871	color=(29,145,192)
3	45	46	0.0750681796244503	color=(65,182,196)
3	46	47	2.60883275236	color=(29,145,192)
3	47	48	1.693804810829	color=(29,145,192)
3	48	49	3.219720054975	color=(29,145,192)
3	49	50	3.0534797080765	color=(29,145,192)
3	50	51	1.27035043356425	color=(29,145,192)
3	51	52	2.0081645547475	color=(29,145,192)
3	52	53	1.34561337599775	color=(29,145,192)
3	53	54	0.8943246975475	color=(65,182,196)
3	54	55	4.7937361525585	color=(34,94,168)
3	55	56	-1.5033671199625	color=(127,205,187)
3	56	57	0.782844812852499	color=(65,182,196)
3	57	58	2.5336146704825	color=(29,145,192)
3	58	59	2.50372257733275	color=(29,145,192)
3	59	60	2.5966880827765	color=(29,145,192)
3	60	61	3.3176253882	color=(29,145,192)
3	61	62	2.18142325194763	color=(29,145,192)
3	62	63	-1.06599754866925	color=(65,182,196)
3	63	64	2.185555208832	color=(29,145,192)
3	64	65	-0.0321158708210003	color=(65,182,196)
3	65	66	2.904358131685	color=(29,145,192)
3	66	67	-0.39974941892375	color=(65,182,196)
3	67	68	1.89869352317775	color=(29,145,192)
3	68	69	2.25434973738752	color=(29,145,192)
3	69	70	2.73189585444015	color=(29,145,192)
3	70	71	2.68400624975108	color=(29,145,192)
3	71	72	1.458053327723	color=(29,145,192)
3	72	73	1.1085535975425	color=(29,145,192)
3	73	74	2.01683610253031	color=(29,145,192)
3	74	75	1.93716828094675	color=(29,145,192)
3	75	76	-0.85798078678125	color=(65,182,196)
3	76	77	1.522119924699	color=(29,145,192)
3	77	78	0.0851615431199999	color=(65,182,196)
3	78	79	2.1219165786525	color=(29,145,192)
3	79	80	2.040632789773	color=(29,145,192)
3	80	81	2.04440856322975	color=(29,145,192)
3	81	82	1.589741792721	color=(29,145,192)
3	82	83	2.6374675590375	color=(29,145,192)
3	83	84	1.720296607315	color=(29,145,192)
3	84	85	1.5244361785575	color=(29,145,192)
3	85	86	2.11794832927725	color=(29,145,192)
3	86	87	2.3205871726725	color=(29,145,192)
3	87	88	1.01891129850024	color=(65,182,196)
3	88	89	2.0547580080575	color=(29,145,192)
3	89	90	1.467940636716	color=(29,145,192)
3	90	91	0.5549444631535	color=(65,182,196)
3	91	92	2.01240212630875	color=(29,145,192)
3	92	93	0.6018490400575	color=(65,182,196)
3	93	94	2.77225001347132	color=(29,145,192)
3	94	95	2.67249808176808	color=(29,145,192)
3	95	96	1.49527185241375	color=(29,145,192)
3	96	97	0.985528256152501	color=(65,182,196)
3	97	98	-0.0955523218282499	color=(65,182,196)
3	98	99	0.696039733265	color=(65,182,196)
3	99	100	0.445842467937499	color=(65,182,196)
3	100	101	2.3747611137735	color=(29,145,192)
3	101	102	1.86685355625825	color=(29,145,192)
3	102	103	2.52487257304175	color=(29,145,192)
3	103	104	1.84405223858175	color=(29,145,192)
3	104	105	0.745385031496	color=(65,182,196)
3	105	106	1.44157833617907	color=(29,145,192)
3	106	107	1.1105068467995	color=(29,145,192)
3	107	108	1.6224453797775	color=(29,145,192)
3	108	109	2.892536602597	color=(29,145,192)
3	109	110	1.93913183026825	color=(29,145,192)
3	110	111	3.4936484419125	color=(34,94,168)
3	111	112	1.4321550104255	color=(29,145,192)
3	112	113	2.1678817838975	color=(29,145,192)
3	113	114	1.700195448093	color=(29,145,192)
3	114	115	0.75192568246725	color=(65,182,196)
3	115	116	-1.46857874817925	color=(127,205,187)
3	116	117	4.43389216036675	color=(34,94,168)
3	117	118	0.613116098965001	color=(65,182,196)
3	118	119	2.571826171925	color=(29,145,192)
3	119	120	4.21114083964363	color=(34,94,168)
3	120	121	3.418360236521	color=(34,94,168)
3	121	122	1.84500231020275	color=(29,145,192)
3	122	123	1.6026655808055	color=(29,145,192)
3	123	124	0.22708299436825	color=(65,182,196)
3	124	125	0.699473977199751	color=(65,182,196)
3	125	126	0.567168241709751	color=(65,182,196)
3	126	127	1.84926726678	color=(29,145,192)
3	127	128	1.505592233758	color=(29,145,192)
3	128	129	3.28792015946	color=(29,145,192)
4	0	1	-2.77689791377	color=(127,205,187)
4	1	2	-2.47019295809	color=(127,205,187)
4	2	3	-2.4546310939975	color=(127,205,187)
4	3	4	0.182550757615	color=(65,182,196)
4	4	5	-1.35804085592	color=(127,205,187)
4	5	6	-2.833207899095	color=(127,205,187)
4	6	7	-1.6925200278575	color=(127,205,187)
4	7	8	-1.1212116727025	color=(127,205,187)
4	8	9	-0.848478906715	color=(65,182,196)
4	9	10	-0.677282001860002	color=(65,182,196)
4	10	11	-2.4068855372975	color=(127,205,187)
4	11	12	-2.4992522420725	color=(127,205,187)
4	12	13	-1.75871419375	color=(127,205,187)
4	13	14	-1.676546051425	color=(127,205,187)
4	14	15	-2.467147388	color=(127,205,187)
4	15	16	-1.2058079968625	color=(127,205,187)
4	16	17	-0.768166827297	color=(65,182,196)
4	17	18	-2.58573038625175	color=(127,205,187)
4	18	19	-2.2733227008175	color=(127,205,187)
4	19	20	-1.7946107362825	color=(127,205,187)
4	20	21	-3.4060489464275	color=(199,233,180)
4	21	22	-2.47956293851	color=(127,205,187)
4	22	23	-1.6024758375325	color=(127,205,187)
4	23	24	-3.5661271159575	color=(199,233,180)
4	24	25	-1.466461264495	color=(127,205,187)
4	25	26	-2.6937714253325	color=(127,205,187)
4	26	27	-2.4950552562075	color=(127,205,187)
4	27	28	-1.3806501604225	color=(127,205,187)
4	28	29	-1.84802370788	color=(127,205,187)
4	29	30	-3.146203146025	color=(127,205,187)
4	30	31	-3.43651306969	color=(199,233,180)
4	31	32	-0.424667962275	color=(65,182,196)
4	32	33	-2.078554316805	color=(127,205,187)
4	33	34	-1.8701265961275	color=(127,205,187)
4	34	35	-1.71667902282	color=(127,205,187)
4	35	36	-2.306456129905	color=(127,205,187)
4	36	37	-2.851762452155	color=(127,205,187)
4	37	38	-1.706043263355	color=(127,205,187)
4	38	39	-1.0701939698315	color=(65,182,196)
4	39	40	-2.45992619363	color=(127,205,187)
4	40	41	-1.67767991003525	color=(127,205,187)
4	41	42	-2.4847501576825	color=(127,205,187)
4	42	43	-3.8138991388975	color=(199,233,180)
4	43	44	-3.3621558926525	color=(199,233,180)
4	44	45	-0.829926083662501	color=(65,182,196)
4	45	46	-2.658020220585	color=(127,205,187)
4	46	47	-1.7912000279525	color=(127,205,187)
4	47	48	-1.798132488436	color=(127,205,187)
4	48	49	-0.63167536232375	color=(65,182,196)
4	49	50	-1.57524087105	color=(127,205,187)
4	50	51	-2.38917163321	color=(127,205,187)
4	51	52	-0.7151808274225	color=(65,182,196)
4	52	53	-1.885256496932	color=(127,205,187)
4	53	54	-1.302621477225	color=(127,205,187)
4	54	55	-2.8290733698375	color=(127,205,187)
4	55	56	-1.55260037900075	color=(127,205,187)
4	56	57	-0.4753860209755	color=(65,182,196)
4	57	58	-2.6675305405375	color=(127,205,187)
4	58	59	-2.6421957397325	color=(127,205,187)
4	59	60	-1.2316591024975	color=(127,205,187)
4	60	61	-0.90649319012625	color=(65,182,196)
4	61	62	-1.45482132925	color=(127,205,187)
4	62	63	-1.3836529287275	color=(127,205,187)
4	63	64	-1.13243528841	color=(127,205,187)
4	64	65	-2.27083092995928	color=(127,205,187)
4	65	66	-1.9818142872125	color=(127,205,187)
4	66	67	-2.82461179133	color=(127,205,187)
4	67	68	-2.88694639297	color=(127,205,187)
4	68	69	-1.28030067667575	color=(127,205,187)
4	69	70	-1.95954207009	color=(127,205,187)
4	70	71	-2.6025300987175	color=(127,205,187)
5	0	1	-0.72509325970325	color=(65,182,196)
5	1	2	-3.777473185255	color=(199,233,180)
5	2	3	-0.58888629	color=(65,182,196)
5	3	4	-1.05441455305	color=(65,182,196)
5	4	5	-0.7768084373725	color=(65,182,196)
5	5	6	-0.32494042988	color=(65,182,196)
5	6	7	1.4801610412025	color=(29,145,192)
5	7	8	-1.46170375468	color=(127,205,187)
5	8	9	-1.499936279015	color=(127,205,187)
5	9	10	-0.241894308579999	color=(65,182,196)
5	10	11	-0.474444192975	color=(65,182,196)
5	11	12	-1.8180765388225	color=(127,205,187)
5	12	13	-0.4567741302955	color=(65,182,196)
5	13	14	-0.32226931245	color=(65,182,196)
5	14	15	0.05454487727165	color=(65,182,196)
5	15	16	-1.2244610160575	color=(127,205,187)
5	16	17	-2.84833405338	color=(127,205,187)
5	17	18	-0.2702939600161	color=(65,182,196)
5	18	19	-1.1855116945275	color=(127,205,187)
5	19	20	-1.4068744934175	color=(127,205,187)
5	20	21	-1.47724398118	color=(127,205,187)
5	21	22	-1.338890689443	color=(127,205,187)
5	22	23	-0.0785337068487499	color=(65,182,196)
5	23	24	-2.4306639259625	color=(127,205,187)
5	24	25	-1.6684743516675	color=(127,205,187)
5	25	26	-2.7488626486675	color=(127,205,187)
5	26	27	-0.628740426777499	color=(65,182,196)
5	27	28	-1.6194513495375	color=(127,205,187)
5	28	29	-0.318063568575001	color=(65,182,196)
5	29	30	-2.3315843560125	color=(127,205,187)
5	30	31	-0.2011709109408	color=(65,182,196)
5	31	32	-4.436291092925	color=(199,233,180)
5	32	33	-3.4686724858225	color=(199,233,180)
5	33	34	-2.1200126001025	color=(127,205,187)
5	34	35	0.077786841276125	color=(65,182,196)
5	35	36	-1.0182203436925	color=(65,182,196)
5	36	37	-4.9350329187475	color=(199,233,180)
5	37	38	-0.3430012105875	color=(65,182,196)
5	38	39	-2.4900518708475	color=(127,205,187)
5	39	40	-0.455781560575	color=(65,182,196)
5	40	41	-1.5725402883875	color=(127,205,187)
5	41	42	-0.061726586862501	color=(65,182,196)
5	42	43	0.0566972412499993	color=(65,182,196)
5	43	44	-0.876805683845001	color=(65,182,196)
5	44	45	-0.5742065758225	color=(65,182,196)
5	45	46	-1.35650153286	color=(127,205,187)
5	46	47	-2.1388019756325	color=(127,205,187)
5	47	48	-1.7650653765975	color=(127,205,187)
5	48	49	-0.767938110300001	color=(65,182,196)
5	49	50	-2.9253816879725	color=(127,205,187)
5	50	51	-3.46074448391	color=(199,233,180)
5	51	52	-1.7114786089825	color=(127,205,187)
5	52	53	-2.7855201587025	color=(127,205,187)
5	53	54	-1.5307798511325	color=(127,205,187)
5	54	55	-1.024580804375	color=(65,182,196)
5	55	56	-1.2705451441125	color=(127,205,187)
5	56	57	-1.0011652111075	color=(65,182,196)
5	57	58	-1.0751875533645	color=(65,182,196)
5	58	59	-0.571224639225001	color=(65,182,196)
5	59	60	-1.8830014975125	color=(127,205,187)
5	60	61	-1.925366472365	color=(127,205,187)
5	61	62	-5.1801090468125	color=(199,233,180)
5	62	63	-2.190872310765	color=(127,205,187)
5	63	64	-0.430491017774999	color=(65,182,196)
5	64	65	-1.5526969089	color=(127,205,187)
5	65	66	-2.389907485435	color=(127,205,187)
5	66	67	-2.3817323036175	color=(127,205,187)
5	67	68	-0.9339802958775	color=(65,182,196)
5	68	69	-1.566094317915	color=(127,205,187)
5	69	70	-1.4884439371775	color=(127,205,187)
5	70	71	-1.5714158495775	color=(127,205,187)
5	71	72	-1.10571062094	color=(65,182,196)
5	72	73	-2.3063046998625	color=(127,205,187)
5	73	74	-1.2147381913475	color=(127,205,187)
5	74	75	-0.0122567651524985	color=(65,182,196)
5	75	76	-1.7335002789175	color=(127,205,187)
5	76	77	-0.580630743275	color=(65,182,196)
5	77	78	-0.4402856978425	color=(65,182,196)
5	78	79	-1.6917272000625	color=(127,205,187)
5	79	80	-0.1462973885175	color=(65,182,196)
5	80	81	-1.57168125936	color=(127,205,187)
5	81	82	-0.00509161232499977	color=(65,182,196)
5	82	83	-2.9609210789275	color=(127,205,187)
5	83	84	-0.603894520599999	color=(65,182,196)
5	84	85	-1.3836554151625	color=(127,205,187)
5	85	86	-0.67994035270375	color=(65,182,196)
5	86	87	-0.516200526124999	color=(65,182,196)
5	87	88	-1.7232878718	color=(127,205,187)
5	88	89	0.2127895099755	color=(65,182,196)
5	89	90	-0.5144432822	color=(65,182,196)
5	90	91	-0.18239655621	color=(65,182,196)
5	91	92	-1.843317214805	color=(127,205,187)
5	92	93	0.7274387010125	color=(65,182,196)
5	93	94	-0.189948319375	color=(65,182,196)
5	94	95	-2.198253987395	color=(127,205,187)
5	95	96	-0.67572984501075	color=(65,182,196)
5	96	97	-0.792721691300001	color=(65,182,196)
5	97	98	-0.665263177099998	color=(65,182,196)
5	98	99	-0.249427117259	color=(65,182,196)
5	99	100	-1.977745346385	color=(127,205,187)
5	100	101	-2.0796646277025	color=(127,205,187)
5	101	102	-0.904493246902501	color=(65,182,196)
5	102	103	-1.619212774875	color=(127,205,187)
5	103	104	0.0734363487274994	color=(65,182,196)
5	104	105	1.1792350085335	color=(29,145,192)
5	105	106	-1.4479943910575	color=(127,205,187)
5	106	107	-0.425424272912499	color=(65,182,196)
5	107	108	-0.9996804027075	color=(65,182,196)
5	108	109	-1.11082258233375	color=(65,182,196)
5	109	110	-0.527180979660001	color=(65,182,196)
5	110	111	0.4657812107	color=(65,182,196)
5	111	112	-2.5977851089075	color=(127,205,187)
5	112	113	-0.6890996313975	color=(65,182,196)
5	113	114	-0.71975890535	color=(65,182,196)
5	114	115	-0.285374319147499	color=(65,182,196)
5	115	116	-0.821632956089999	color=(65,182,196)
5	116	117	0.697812116190001	color=(65,182,196)
5	117	118	-1.0226090945975	color=(65,182,196)
5	118	119	-0.3535323465175	color=(65,182,196)
5	119	120	-1.8177994390225	color=(127,205,187)
5	120	121	-2.60935148158	color=(127,205,187)
5	121	122	-0.76864690685	color=(65,182,196)
5	122	123	-2.120525864555	color=(127,205,187)
5	123	124	-1.303180213065	color=(127,205,187)
5	124	125	-1.4758782674675	color=(127,205,187)
5	125	126	0.0539445074275005	color=(65,182,196)
5	126	127	-2.3917411371175	color=(127,205,187)
5	127	128	-2.4780190793225	color=(127,205,187)
5	128	129	-3.633667384475	color=(199,233,180)
5	129	130	-0.262616700057499	color=(65,182,196)
5	130	131	-2.2410197779525	color=(127,205,187)
5	131	132	-1.10525196388	color=(65,182,196)
5	132	133	-0.751210809455001	color=(65,182,196)
5	133	134	-2.5348589341075	color=(127,205,187)
5	134	135	1.2663527434425	color=(29,145,192)
5	135	136	-0.9429907484175	color=(65,182,196)
5	136	137	-1.419022511935	color=(127,205,187)
5	137	138	-2.5101609492175	color=(127,205,187)
5	138	139	-1.1348513918725	color=(127,205,187)
5	139	140	-1.3618082216325	color=(127,205,187)
5	140	141	-0.6572660359225	color=(65,182,196)
5	141	142	-3.6505255481625	color=(199,233,180)
5	142	143	-0.183900497625	color=(65,182,196)
5	143	144	-1.94041566942	color=(127,205,187)
5	144	145	-1.5129026942575	color=(127,205,187)
5	145	146	1.00068458314725	color=(65,182,196)
5	146	147	-2.2010125572275	color=(127,205,187)
5	147	148	-2.4472309865325	color=(127,205,187)
5	148	149	-2.43397158317	color=(127,205,187)
5	149	150	-1.94114291731	color=(127,205,187)
5	150	151	-0.202129051549999	color=(65,182,196)
5	151	152	-1.993124141045	color=(127,205,187)
5	152	153	-0.6191172907	color=(65,182,196)
5	153	154	-1.2083092249	color=(127,205,187)
5	154	155	-0.167794699157501	color=(65,182,196)
5	155	156	-2.864555672545	color=(127,205,187)
5	156	157	-3.14370339757	color=(127,205,187)
5	157	158	-2.5127485686875	color=(127,205,187)
5	158	159	-1.006737179995	color=(65,182,196)
5	159	160	-2.7875290251625	color=(127,205,187)
5	160	161	-0.6529409712085	color=(65,182,196)
5	161	162	-1.36363500244	color=(127,205,187)
5	162	163	-2.5626449202525	color=(127,205,187)
5	163	164	0.3239283179	color=(65,182,196)
5	164	165	-0.1635359189075	color=(65,182,196)
5	165	166	-2.5219614217375	color=(127,205,187)
6	0	1	0.5937672608325	color=(65,182,196)
6	1	2	1.871861891516	color=(29,145,192)
6	2	3	-0.59973652400095	color=(65,182,196)
6	3	4	-0.0330074340475006	color=(65,182,196)
6	4	5	-1.9743137845675	color=(127,205,187)
6	5	6	-1.0510694331325	color=(65,182,196)
6	6	7	-0.2971426040525	color=(65,182,196)
6	7	8	-2.2290125074075	color=(127,205,187)
6	8	9	1.22907902583075	color=(29,145,192)
6	9	10	1.3354432045743	color=(29,145,192)
6	10	11	0.917115045701251	color=(65,182,196)
6	11	12	-2.19204962738763	color=(127,205,187)
6	12	13	-1.194106325455	color=(127,205,187)
6	13	14	0.5897748077975	color=(65,182,196)
6	14	15	2.094929609295	color=(29,145,192)
6	15	16	-1.614848047543	color=(127,205,187)
6	16	17	1.405111855915	color=(29,145,192)
6	17	18	-1.05878209326	color=(65,182,196)
6	18	19	0.573395806545001	color=(65,182,196)
6	19	20	1.6036445537125	color=(29,145,192)
6	20	21	-0.95124051150475	color=(65,182,196)
6	21	22	1.2206579450315	color=(29,145,192)
6	22	23	2.14744407646675	color=(29,145,192)
6	23	24	1.206119694115	color=(29,145,192)
6	24	25	1.2242319600725	color=(29,145,192)
6	25	26	-1.885167302195	color=(127,205,187)
6	26	27	1.30632496727	color=(29,145,192)
6	27	28	0.48296061119375	color=(65,182,196)
6	28	29	0.191393291775	color=(65,182,196)
6	29	30	2.72860001410775	color=(29,145,192)
6	30	31	0.263265864906	color=(65,182,196)
6	31	32	-0.0770649533225001	color=(65,182,196)
6	32	33	0.864784048275	color=(65,182,196)
6	33	34	2.2414739664425	color=(29,145,192)
6	34	35	0.76474065247	color=(65,182,196)
6	35	36	-0.9273833877055	color=(65,182,196)
6	36	37	1.938448681515	color=(29,145,192)
6	37	38	0.19464983606	color=(65,182,196)
6	38	39	-2.2768776357125	color=(127,205,187)
6	39	40	2.39448696865325	color=(29,145,192)
6	40	41	1.18748432801375	color=(29,145,192)
6	41	42	0.895886108868	color=(65,182,196)
6	42	43	2.1367004041225	color=(29,145,192)
6	43	44	1.6640041691025	color=(29,145,192)
6	44	45	-2.7450138434825	color=(127,205,187)
6	45	46	1.08068783747525	color=(65,182,196)
6	46	47	1.3400191555975	color=(29,145,192)
6	47	48	0.0652341893725001	color=(65,182,196)
6	48	49	1.8581189496075	color=(29,145,192)
6	49	50	-0.742857598615	color=(65,182,196)
6	50	51	2.01787065942175	color=(29,145,192)
6	51	52	-0.388939140030001	color=(65,182,196)
6	52	53	-0.5259182672575	color=(65,182,196)
6	53	54	-0.656547460797499	color=(65,182,196)
6	54	55	-1.05590184479175	color=(65,182,196)
6	55	56	0.680574231410001	color=(65,182,196)
6	56	57	-0.9850055904425	color=(65,182,196)
6	57	58	1.2133869000035	color=(29,145,192)
6	58	59	-2.27446363158175	color=(127,205,187)
6	59	60	-0.4565957224575	color=(65,182,196)
6	60	61	0.221264596124749	color=(65,182,196)
6	61	62	2.36856902689	color=(29,145,192)
6	62	63	-0.207604904725	color=(65,182,196)
6	63	64	2.33498770443175	color=(29,145,192)
6	64	65	-0.30387462276875	color=(65,182,196)
6	65	66	1.262794576942	color=(29,145,192)
6	66	67	1.35771967255	color=(29,145,192)
6	67	68	0.4932931463745	color=(65,182,196)
6	68	69	-1.30321876250431	color=(127,205,187)
6	69	70	1.04906604655475	color=(65,182,196)
6	70	71	1.81768114230075	color=(29,145,192)
6	71	72	-0.98146867166525	color=(65,182,196)
6	72	73	-0.6251776840425	color=(65,182,196)
6	73	74	0.365325220015	color=(65,182,196)
6	74	75	-0.0525060671824999	color=(65,182,196)
6	75	76	1.0267364661785	color=(65,182,196)
6	76	77	1.299084336724	color=(29,145,192)
6	77	78	-0.0212225046999999	color=(65,182,196)
6	78	79	0.1900244444685	color=(65,182,196)
6	79	80	0.327837828014999	color=(65,182,196)
6	80	81	0.6768522122625	color=(65,182,196)
6	81	82	2.65127182328025	color=(29,145,192)
6	82	83	0.420600996133	color=(65,182,196)
6	83	84	1.167011439255	color=(29,145,192)
6	84	85	0.578752429835	color=(65,182,196)
6	85	86	1.22904951105	color=(29,145,192)
6	86	87	1.2445581594225	color=(29,145,192)
6	87	88	1.7992273779095	color=(29,145,192)
6	88	89	0.570090668864999	color=(65,182,196)
6	89	90	1.6758270771675	color=(29,145,192)
6	90	91	0.36895313839525	color=(65,182,196)
6	91	92	0.2001468754	color=(65,182,196)
6	92	93	0.43599973499	color=(65,182,196)
6	93	94	0.120686338445	color=(65,182,196)
6	94	95	0.34755959165825	color=(65,182,196)
6	95	96	1.057469224919	color=(65,182,196)
6	96	97	1.6712311996325	color=(29,145,192)
6	97	98	2.05088437308825	color=(29,145,192)
6	98	99	2.044135690663	color=(29,145,192)
6	99	100	-2.212953197045	color=(127,205,187)
6	100	101	-0.28762891463	color=(65,182,196)
6	101	102	-1.22166659762625	color=(127,205,187)
6	102	103	1.68894727118675	color=(29,145,192)
6	103	104	-0.568669336675	color=(65,182,196)
6	104	105	1.6092617387525	color=(29,145,192)
6	105	106	-0.45059506919775	color=(65,182,196)
6	106	107	-1.50561145343	color=(127,205,187)
6	107	108	-0.4174982965075	color=(65,182,196)
6	108	109	-1.33407160496675	color=(127,205,187)
6	109	110	0.8525107022725	color=(65,182,196)
6	110	111	0.79504344512825	color=(65,182,196)
6	111	112	0.488518192575	color=(65,182,196)
6	112	113	1.22087463834	color=(29,145,192)
6	113	114	-2.009816046755	color=(127,205,187)
6	114	115	-1.3125628421045	color=(127,205,187)
6	115	116	-0.816859410237	color=(65,182,196)
6	116	117	2.748706022255	color=(29,145,192)
6	117	118	0.9866792925	color=(65,182,196)
6	118	119	0.2836522263175	color=(65,182,196)
6	119	120	0.0707804264025	color=(65,182,196)
6	120	121	0.82497270113	color=(65,182,196)
6	121	122	0.51549575416725	color=(65,182,196)
6	122	123	2.73277650280725	color=(29,145,192)
6	123	124	-0.186243017595	color=(65,182,196)
6	124	125	0.609854380072499	color=(65,182,196)
6	125	126	-2.035373761885	color=(127,205,187)
6	126	127	-2.1006786516335	color=(127,205,187)
6	127	128	0.57574119278625	color=(65,182,196)
6	128	129	1.27981183327625	color=(29,145,192)
6	129	130	1.6780914767375	color=(29,145,192)
6	130	131	0.547723119565	color=(65,182,196)
6	131	132	2.08288493710375	color=(29,145,192)
6	132	133	0.75093423165075	color=(65,182,196)
6	133	134	-0.3930868825505	color=(65,182,196)
6	134	135	-1.614000636164	color=(127,205,187)
6	135	136	-0.5740680680175	color=(65,182,196)
6	136	137	-1.48145494116875	color=(127,205,187)
6	137	138	-0.23326710294325	color=(65,182,196)
6	138	139	-1.855015586097	color=(127,205,187)
6	139	140	-1.31657800596	color=(127,205,187)
6	140	141	0.72222107189925	color=(65,182,196)
6	141	142	0.3750461080255	color=(65,182,196)
6	142	143	1.12385603983775	color=(29,145,192)
6	143	144	-1.7774683207	color=(127,205,187)
6	144	145	-0.825429541349	color=(65,182,196)
6	145	146	2.19921665378375	color=(29,145,192)
6	146	147	1.00845698654625	color=(65,182,196)
6	147	148	1.228177441445	color=(29,145,192)
6	148	149	0.62682815748	color=(65,182,196)
6	149	150	0.5063095553975	color=(65,182,196)
6	150	151	2.9186930455225	color=(29,145,192)
6	151	152	0.0198196579427501	color=(65,182,196)
6	152	153	-0.2308925502625	color=(65,182,196)
6	153	154	1.9340690226525	color=(29,145,192)
6	154	155	-1.26268006241963	color=(127,205,187)
6	155	156	2.0525539164725	color=(29,145,192)
6	156	157	1.935734337528	color=(29,145,192)
6	157	158	2.47427353390875	color=(29,145,192)
6	158	159	0.20461336794225	color=(65,182,196)
6	159	160	0.567929895723	color=(65,182,196)
6	160	161	0.0585985214199995	color=(65,182,196)
6	161	162	1.3070782556375	color=(29,145,192)
6	162	163	-0.6414165326645	color=(65,182,196)
6	163	164	0.7285028708475	color=(65,182,196)
6	164	165	0.0398686772175001	color=(65,182,196)
6	165	166	-0.9585046240225	color=(65,182,196)
6	166	167	1.44869886466	color=(29,145,192)
6	167	168	-0.716159220116	color=(65,182,196)
6	168	169	0.0405695732742499	color=(65,182,196)
6	169	170	0.414135560794725	color=(65,182,196)
6	170	171	-2.79811805375	color=(127,205,187)
6	171	172	1.64305018528875	color=(29,145,192)
6	172	173	2.382226791275	color=(29,145,192)
6	173	174	-0.1096572141375	color=(65,182,196)
6	174	175	-0.192276213395	color=(65,182,196)
6	175	176	1.7926911472075	color=(29,145,192)
6	176	177	3.806823750817	color=(34,94,168)
6	177	178	0.2486728957175	color=(65,182,196)
6	178	179	0.49492502030725	color=(65,182,196)
7	0	1	3.85220536737025	color=(34,94,168)
7	1	2	4.2395801573325	color=(34,94,168)
7	2	3	4.713891378494	color=(34,94,168)
7	3	4	3.619333978368	color=(34,94,168)
7	4	5	2.97962587996	color=(29,145,192)
7	5	6	1.46943577371227	color=(29,145,192)
7	6	7	3.09195034055975	color=(29,145,192)
7	7	8	6.0489897446025	color=(37,52,148)
7	8	9	5.08298060209975	color=(34,94,168)
7	9	10	3.2013388760525	color=(29,145,192)
7	10	11	4.555733574679	color=(34,94,168)
7	11	12	4.933049875522	color=(34,94,168)
7	12	13	3.4384789703425	color=(34,94,168)
7	13	14	2.56533611926275	color=(29,145,192)
7	14	15	3.218982972967	color=(29,145,192)
7	15	16	4.93853514299	color=(34,94,168)
7	16	17	4.545684203238	color=(34,94,168)
7	17	18	4.69349480454975	color=(34,94,168)
7	18	19	3.03615624683	color=(29,145,192)
7	19	20	4.99009882326475	color=(34,94,168)
7	20	21	5.0263726272925	color=(34,94,168)
7	21	22	5.0393550384995	color=(34,94,168)
7	22	23	4.7649206862475	color=(34,94,168)
7	23	24	4.69863829440375	color=(34,94,168)
7	24	25	3.481312040205	color=(34,94,168)
7	25	26	4.433557218877	color=(34,94,168)
7	26	27	3.638383646575	color=(34,94,168)
7	27	28	4.77107647419625	color=(34,94,168)
7	28	29	4.9816323708075	color=(34,94,168)
7	29	30	4.16813039814925	color=(34,94,168)
7	30	31	4.8608446183075	color=(34,94,168)
7	31	32	4.17194276019	color=(34,94,168)
7	32	33	6.3425525856525	color=(37,52,148)
7	33	34	2.3832444535225	color=(29,145,192)
7	34	35	6.23337808153637	color=(37,52,148)
7	35	36	5.22942267556275	color=(34,94,168)
7	36	37	3.0395291166575	color=(29,145,192)
7	37	38	3.5308160826325	color=(34,94,168)
7	38	39	3.164061823185	color=(29,145,192)
7	39	40	5.6274217601825	color=(37,52,148)
7	40	41	3.9069352485225	color=(34,94,168)
7	41	42	4.73009716517	color=(34,94,168)
7	42	43	5.519059756934	color=(34,94,168)
7	43	44	4.99043327214	color=(34,94,168)
7	44	45	3.1274596440025	color=(29,145,192)
7	45	46	4.5735579468465	color=(34,94,168)
7	46	47	4.6951884086325	color=(34,94,168)
7	47	48	2.87501905230475	color=(29,145,192)
7	48	49	3.7672466202925	color=(34,94,168)
7	49	50	3.60517798203175	color=(34,94,168)
7	50	51	3.76219961509625	color=(34,94,168)
7	51	52	4.6690659096025	color=(34,94,168)
7	52	53	1.4935182130925	color=(29,145,192)
7	53	54	2.627564242665	color=(29,145,192)
7	54	55	4.688770513055	color=(34,94,168)
7	55	56	4.80813144499175	color=(34,94,168)
7	56	57	2.31772290993898	color=(29,145,192)
7	57	58	3.501358459062	color=(34,94,168)
7	58	59	3.50847050856725	color=(34,94,168)
7	59	60	3.24704812500875	color=(29,145,192)
7	60	61	3.5819112522125	color=(34,94,168)
7	61	62	5.69815880136975	color=(37,52,148)
7	62	63	4.1017369672285	color=(34,94,168)
7	63	64	5.782914537573	color=(37,52,148)
7	64	65	5.12572876507075	color=(34,94,168)
7	65	66	4.37735102641	color=(34,94,168)
7	66	67	1.5287453184175	color=(29,145,192)
7	67	68	5.048463189683	color=(34,94,168)
7	68	69	1.4569946252825	color=(29,145,192)
7	69	70	2.87722929465	color=(29,145,192)
7	70	71	2.915191502047	color=(29,145,192)
7	71	72	4.20878205203	color=(34,94,168)
7	72	73	1.6624889324695	color=(29,145,192)
7	73	74	2.666530184755	color=(29,145,192)
7	74	75	4.5220434827575	color=(34,94,168)
7	75	76	4.2743110625425	color=(34,94,168)
7	76	77	3.1651363143225	color=(29,145,192)
7	77	78	3.25031684471775	color=(29,145,192)
7	78	79	3.6426955718075	color=(34,94,168)
7	79	80	4.4958295169306	color=(34,94,168)
7	80	81	5.02705788732875	color=(34,94,168)
7	81	82	4.13652250832825	color=(34,94,168)
7	82	83	4.2938687665275	color=(34,94,168)
7	83	84	2.4245602169125	color=(29,145,192)
7	84	85	4.453553641485	color=(34,94,168)
7	85	86	2.997890186225	color=(29,145,192)
8	0	1	2.6200671816325	color=(29,145,192)
8	1	2	0.808633261625	color=(65,182,196)
8	2	3	1.02411490185625	color=(65,182,196)
8	3	4	-0.242854209875	color=(65,182,196)
8	4	5	1.4705890608775	color=(29,145,192)
8	5	6	-0.0113713412125005	color=(65,182,196)
8	6	7	1.862029389865	color=(29,145,192)
8	7	8	1.1699254698125	color=(29,145,192)
8	8	9	-0.1574855206095	color=(65,182,196)
8	9	10	1.884908187545	color=(29,145,192)
8	10	11	2.0370395012525	color=(29,145,192)
8	11	12	1.8136212342625	color=(29,145,192)
8	12	13	2.2124710959125	color=(29,145,192)
8	13	14	-1.14386946935475	color=(127,205,187)
8	14	15	0.913276110257499	color=(65,182,196)
8	15	16	-0.1622710103225	color=(65,182,196)
8	16	17	2.9014002355225	color=(29,145,192)
8	17	18	3.871269871965	color=(34,94,168)
8	18	19	-1.0397743298125	color=(65,182,196)
8	19	20	0.69863017527825	color=(65,182,196)
8	20	21	-0.20744198013275	color=(65,182,196)
8	21	22	1.314576895775	color=(29,145,192)
8	22	23	1.801475064025	color=(29,145,192)
8	23	24	2.2778777244375	color=(29,145,192)
8	24	25	0.8980798099475	color=(65,182,196)
8	25	26	0.3193263483125	color=(65,182,196)
8	26	27	1.1949309097625	color=(29,145,192)
8	27	28	4.559544897965	color=(34,94,168)
8	28	29	3.5893008125015	color=(34,94,168)
8	29	30	-0.19306426842925	color=(65,182,196)
8	30	31	-0.4605636061825	color=(65,182,196)
8	31	32	1.21076002756625	color=(29,145,192)
8	32	33	2.52572495954	color=(29,145,192)
8	33	34	2.939009213945	color=(29,145,192)
8	34	35	1.6415820221775	color=(29,145,192)
8	35	36	0.62682763938	color=(65,182,196)
8	36	37	1.536244	color=(29,145,192)
8	37	38	-0.3211645	color=(65,182,196)
8	38	39	1.319552	color=(29,145,192)
8	39	40	3.772689	color=(34,94,168)
8	40	41	0.9484678	color=(65,182,196)
8	41	42	2.407322	color=(29,145,192)
8	42	43	3.800004	color=(34,94,168)
8	43	44	2.038764	color=(29,145,192)
8	44	45	0.2662423	color=(65,182,196)
8	45	46	0.2951245	color=(65,182,196)
8	46	47	-0.6670965	color=(65,182,196)
8	47	48	3.373869	color=(34,94,168)
8	48	49	1.889362	color=(29,145,192)
8	49	50	4.140561	color=(34,94,168)
8	50	51	1.478566	color=(29,145,192)
8	51	52	0.2534457	color=(65,182,196)
8	52	53	-0.5411309	color=(65,182,196)
8	53	54	0.1921074	color=(65,182,196)
8	54	55	0.585931	color=(65,182,196)
8	55	56	2.141964	color=(29,145,192)
8	56	57	-0.6079571	color=(65,182,196)
8	57	58	1.417024	color=(29,145,192)
8	58	59	1.664529	color=(29,145,192)
8	59	60	4.185617	color=(34,94,168)
8	60	61	0.4395894	color=(65,182,196)
8	61	62	0.2688479	color=(65,182,196)
8	62	63	2.566234	color=(29,145,192)
8	63	64	-1.441507	color=(127,205,187)
8	64	65	2.525081	color=(29,145,192)
8	65	66	2.795997	color=(29,145,192)
8	66	67	3.071161	color=(29,145,192)
8	67	68	2.572816	color=(29,145,192)
8	68	69	2.368858	color=(29,145,192)
8	69	70	4.23044	color=(34,94,168)
8	70	71	3.124257	color=(29,145,192)
8	71	72	2.016214	color=(29,145,192)
8	72	73	3.474823	color=(34,94,168)
8	73	74	0.2696393	color=(65,182,196)
8	74	75	0.06882534	color=(65,182,196)
8	75	76	0.5624436	color=(65,182,196)
8	76	77	2.194931	color=(29,145,192)
8	77	78	2.915672	color=(29,145,192)
8	78	79	-0.01430412	color=(65,182,196)
8	79	80	3.820891	color=(34,94,168)
8	80	81	2.922317	color=(29,145,192)
8	81	82	-0.7113712	color=(65,182,196)
8	82	83	0.3551859	color=(65,182,196)
8	83	84	0.5582559	color=(65,182,196)
8	84	85	0.2477253	color=(65,182,196)
8	85	86	0.1661797	color=(65,182,196)
8	86	87	0.7253815	color=(65,182,196)
8	87	88	0.2974415	color=(65,182,196)
8	88	89	0.5569285	color=(65,182,196)
8	89	90	2.197329	color=(29,145,192)
8	90	91	2.189348	color=(29,145,192)
8	91	92	-0.0444068	color=(65,182,196)
8	92	93	1.978048	color=(29,145,192)
8	93	94	2.464041	color=(29,145,192)
8	94	95	0.5403814	color=(65,182,196)
8	95	96	0.3065387	color=(65,182,196)
8	96	97	-0.6424925	color=(65,182,196)
8	97	98	1.031404	color=(65,182,196)
8	98	99	1.542128	color=(29,145,192)
8	99	100	0.4997189	color=(65,182,196)
8	100	101	0.708834	color=(65,182,196)
8	101	102	2.05397	color=(29,145,192)
8	102	103	0.05292837	color=(65,182,196)
8	103	104	-0.1835041	color=(65,182,196)
8	104	105	3.849631	color=(34,94,168)
8	105	106	0.1266156	color=(65,182,196)
8	106	107	2.38015	color=(29,145,192)
8	107	108	0.7548459	color=(65,182,196)
8	108	109	-0.03821699	color=(65,182,196)
8	109	110	2.345945	color=(29,145,192)
8	110	111	-0.8949472	color=(65,182,196)
8	111	112	2.255649	color=(29,145,192)
8	112	113	2.837605	color=(29,145,192)
8	113	114	1.972134	color=(29,145,192)
8	114	115	1.145042	color=(29,145,192)
8	115	116	1.417916	color=(29,145,192)
8	116	117	3.380344	color=(34,94,168)
8	117	118	3.85738	color=(34,94,168)
8	118	119	1.291787	color=(29,145,192)
8	119	120	-0.5847186	color=(65,182,196)
8	120	121	1.839432	color=(29,145,192)
8	121	122	-0.7378047	color=(65,182,196)
8	122	123	3.184593	color=(29,145,192)
8	123	124	-0.2300415	color=(65,182,196)
9	0	1	0.5440461	color=(65,182,196)
9	1	2	2.851199	color=(29,145,192)
9	2	3	-0.1647886	color=(65,182,196)
9	3	4	0.6403528	color=(65,182,196)
9	4	5	-0.02032831	color=(65,182,196)
9	5	6	0.145922	color=(65,182,196)
9	6	7	0.2888806	color=(65,182,196)
9	7	8	0.7032742	color=(65,182,196)
9	8	9	0.06279673	color=(65,182,196)
9	9	10	-0.2149288	color=(65,182,196)
9	10	11	0.8395593	color=(65,182,196)
9	11	12	1.079509	color=(65,182,196)
9	12	13	0.9236261	color=(65,182,196)
9	13	14	-0.9329741	color=(65,182,196)
9	14	15	1.552731	color=(29,145,192)
9	15	16	-0.2094821	color=(65,182,196)
9	16	17	1.013132	color=(65,182,196)
9	17	18	1.341031	color=(29,145,192)
9	18	19	-0.5162797	color=(65,182,196)
9	19	20	0.07205871	color=(65,182,196)
9	20	21	1.445798	color=(29,145,192)
9	21	22	1.767247	color=(29,145,192)
9	22	23	1.214863	color=(29,145,192)
9	23	24	2.419012	color=(29,145,192)
9	24	25	-1.029808	color=(65,182,196)
9	25	26	1.502229	color=(29,145,192)
9	26	27	-0.8560104	color=(65,182,196)
9	27	28	0.2477707	color=(65,182,196)
9	28	29	-0.03585964	color=(65,182,196)
9	29	30	0.4918604	color=(65,182,196)
9	30	31	0.6706342	color=(65,182,196)
9	31	32	1.282267	color=(29,145,192)
9	32	33	1.220345	color=(29,145,192)
9	33	34	1.649349	color=(29,145,192)
9	34	35	1.657626	color=(29,145,192)
9	35	36	0.6311572	color=(65,182,196)
9	36	37	1.725218	color=(29,145,192)
9	37	38	-0.2072347	color=(65,182,196)
9	38	39	0.3493335	color=(65,182,196)
9	39	40	-0.5403411	color=(65,182,196)
9	40	41	0.5547512	color=(65,182,196)
9	41	42	1.14237	color=(29,145,192)
9	42	43	0.547195	color=(65,182,196)
9	43	44	0.4414746	color=(65,182,196)
9	44	45	0.04516088	color=(65,182,196)
9	45	46	1.29239	color=(29,145,192)
9	46	47	-0.009601195	color=(65,182,196)
9	47	48	0.05172168	color=(65,182,196)
9	48	49	0.6794315	color=(65,182,196)
9	49	50	0.1138025	color=(65,182,196)
9	50	51	-0.6028406	color=(65,182,196)
9	51	52	0.9540839	color=(65,182,196)
9	52	53	0.8012333	color=(65,182,196)
9	53	54	-0.9488077	color=(65,182,196)
9	54	55	-0.6601809	color=(65,182,196)
9	55	56	-0.2681535	color=(65,182,196)
9	56	57	1.208274	color=(29,145,192)
9	57	58	0.8592588	color=(65,182,196)
9	58	59	-0.986993	color=(65,182,196)
9	59	60	1.697663	color=(29,145,192)
