1	0	1	-1.8769149923925	color=(127,205,187)
1	1	2	-0.2924068022675	color=(65,182,196)
1	2	3	0.6822284122075	color=(65,182,196)
1	3	4	-1.4059599009625	color=(127,205,187)
1	4	5	-0.4714258081225	color=(65,182,196)
1	5	6	0.11508603235	color=(65,182,196)
1	6	7	0.3935540360775	color=(65,182,196)
1	7	8	-1.76156983179	color=(127,205,187)
1	8	9	-0.8967095542125	color=(65,182,196)
1	9	10	-0.5938563574897	color=(65,182,196)
1	10	11	0.092573738275	color=(65,182,196)
1	11	12	1.2932466233825	color=(29,145,192)
1	12	13	0.301823578024999	color=(65,182,196)
1	13	14	-0.6211246558225	color=(65,182,196)
1	14	15	-1.1959989103	color=(127,205,187)
1	15	16	-0.737302494418375	color=(65,182,196)
1	16	17	-1.4840724907615	color=(127,205,187)
1	17	18	0.122992127289999	color=(65,182,196)
1	18	19	1.3106021941515	color=(29,145,192)
1	19	20	0.98035205906075	color=(65,182,196)
1	20	21	0.4979486296515	color=(65,182,196)
1	21	22	0.42321541438	color=(65,182,196)
1	22	23	1.0135038126725	color=(65,182,196)
1	23	24	-1.0379939473975	color=(65,182,196)
1	24	25	-1.4733201501775	color=(127,205,187)
1	25	26	-1.455186316165	color=(127,205,187)
1	26	27	-0.5013418896975	color=(65,182,196)
1	27	28	-2.1790596840425	color=(127,205,187)
1	28	29	0.01850668303	color=(65,182,196)
1	29	30	1.161350832797	color=(29,145,192)
1	30	31	-0.2446096336175	color=(65,182,196)
1	31	32	0.81187864993	color=(65,182,196)
1	32	33	1.0609338002625	color=(65,182,196)
1	33	34	-1.353360634975	color=(127,205,187)
1	34	35	-0.503295240937501	color=(65,182,196)
1	35	36	1.1681998294325	color=(29,145,192)
1	36	37	-2.2621990597475	color=(127,205,187)
1	37	38	1.5042751911165	color=(29,145,192)
1	38	39	0.5694343897675	color=(65,182,196)
1	39	40	1.90460123614	color=(29,145,192)
1	40	41	0.624408897175	color=(65,182,196)
1	41	42	0.531548872898	color=(65,182,196)
1	42	43	0.28198531462925	color=(65,182,196)
1	43	44	-1.08957885735925	color=(65,182,196)
1	44	45	-0.448223584400001	color=(65,182,196)
1	45	46	-0.4613881037325	color=(65,182,196)
1	46	47	-0.038264897705	color=(65,182,196)
1	47	48	1.161078327582	color=(29,145,192)
1	48	49	0.29931885749	color=(65,182,196)
1	49	50	0.274544974725	color=(65,182,196)
1	50	51	-2.21753690577	color=(127,205,187)
1	51	52	0.6373659938085	color=(65,182,196)
1	52	53	-1.054373656205	color=(65,182,196)
1	53	54	0.232261958935	color=(65,182,196)
1	54	55	0.00831896654249942	color=(65,182,196)
1	55	56	1.047499652175	color=(65,182,196)
1	56	57	-0.541014346435	color=(65,182,196)
1	57	58	-1.3116497625875	color=(127,205,187)
1	58	59	-2.5261170876725	color=(127,205,187)
1	59	60	-1.58866438343	color=(127,205,187)
1	60	61	1.68132259281	color=(29,145,192)
1	61	62	-0.578022732649998	color=(65,182,196)
1	62	63	0.135804579824999	color=(65,182,196)
1	63	64	0.6475136047325	color=(65,182,196)
1	64	65	0.3014722725325	color=(65,182,196)
1	65	66	1.06916439609925	color=(65,182,196)
1	66	67	1.990424708872	color=(29,145,192)
1	67	68	0.25832136343	color=(65,182,196)
1	68	69	1.6402485778045	color=(29,145,192)
1	69	70	1.2016845101125	color=(29,145,192)
1	70	71	0.450686471580001	color=(65,182,196)
1	71	72	0.0490993313974997	color=(65,182,196)
1	72	73	-0.4594024273675	color=(65,182,196)
1	73	74	0.583290674227499	color=(65,182,196)
1	74	75	1.011711881297	color=(65,182,196)
1	75	76	0.96300787617	color=(65,182,196)
1	76	77	2.0270778799775	color=(29,145,192)
1	77	78	0.796272069255	color=(65,182,196)
1	78	79	0.413412117655	color=(65,182,196)
1	79	80	0.33156082751925	color=(65,182,196)
1	80	81	1.66260576787575	color=(29,145,192)
1	81	82	-0.4270451576975	color=(65,182,196)
1	82	83	0.0901231797249999	color=(65,182,196)
1	83	84	-1.037028305121	color=(65,182,196)
1	84	85	-0.91951677369	color=(65,182,196)
1	85	86	-0.5553399705025	color=(65,182,196)
1	86	87	1.2023534447625	color=(29,145,192)
1	87	88	0.01312106678275	color=(65,182,196)
1	88	89	-1.4535064728825	color=(127,205,187)
1	89	90	-1.45734319723	color=(127,205,187)
1	90	91	1.5406927610825	color=(29,145,192)
1	91	92	-0.32505991635	color=(65,182,196)
1	92	93	-0.812756315125	color=(65,182,196)
1	93	94	0.43223067224865	color=(65,182,196)
1	94	95	0.881040555722	color=(65,182,196)
1	95	96	-0.619985628329999	color=(65,182,196)
1	96	97	-0.39509966350775	color=(65,182,196)
1	97	98	0.959482547215	color=(65,182,196)
1	98	99	-1.086070823075	color=(65,182,196)
1	99	100	0.39343674434745	color=(65,182,196)
1	100	101	0.0232444836652499	color=(65,182,196)
1	101	102	-0.3854611570875	color=(65,182,196)
1	102	103	0.368813245529999	color=(65,182,196)
1	103	104	-1.455855766975	color=(127,205,187)
1	104	105	-1.22417455295375	color=(127,205,187)
1	105	106	-1.2132559948465	color=(127,205,187)
1	106	107	-1.05450786747995	color=(65,182,196)
1	107	108	-0.575413400882501	color=(65,182,196)
1	108	109	0.51494479156	color=(65,182,196)
1	109	110	-0.11964757091225	color=(65,182,196)
1	110	111	-0.30665668828125	color=(65,182,196)
1	111	112	-0.349836218775	color=(65,182,196)
1	112	113	0.326739884675	color=(65,182,196)
1	113	114	-0.7564983028825	color=(65,182,196)
1	114	115	-0.326807399645	color=(65,182,196)
1	115	116	-0.555188244005	color=(65,182,196)
1	116	117	-0.283952679150001	color=(65,182,196)
1	117	118	-0.806478149079	color=(65,182,196)
1	118	119	1.0434723851365	color=(65,182,196)
1	119	120	-0.568661850407501	color=(65,182,196)
1	120	121	-0.13845021489	color=(65,182,196)
1	121	122	0.50797469233	color=(65,182,196)
1	122	123	0.4113686992185	color=(65,182,196)
1	123	124	0.6644924760475	color=(65,182,196)
1	124	125	-0.2237093178995	color=(65,182,196)
1	125	126	1.1102679521825	color=(29,145,192)
1	126	127	-0.76392672585	color=(65,182,196)
1	127	128	1.8817851491725	color=(29,145,192)
1	128	129	1.78282230621	color=(29,145,192)
1	129	130	-1.35321211168295	color=(127,205,187)
1	130	131	0.0695868666500008	color=(65,182,196)
1	131	132	-1.427945597535	color=(127,205,187)
1	132	133	2.4799213819725	color=(29,145,192)
1	133	134	0.3391300045325	color=(65,182,196)
1	134	135	0.2351541430425	color=(65,182,196)
1	135	136	-0.7202754827175	color=(65,182,196)
1	136	137	-0.137766612255001	color=(65,182,196)
1	137	138	-0.23223500335	color=(65,182,196)
1	138	139	0.979926716025	color=(65,182,196)
1	139	140	0.89862946199325	color=(65,182,196)
1	140	141	0.567003504612501	color=(65,182,196)
1	141	142	1.735179823745	color=(29,145,192)
1	142	143	1.30297581640225	color=(29,145,192)
1	143	144	0.321551703615	color=(65,182,196)
1	144	145	1.707244545875	color=(29,145,192)
1	145	146	-0.0575162519500001	color=(65,182,196)
1	146	147	-0.674350411924999	color=(65,182,196)
1	147	148	-1.6732287634775	color=(127,205,187)
1	148	149	-1.5445787139575	color=(127,205,187)
1	149	150	-1.02581373955	color=(65,182,196)
1	150	151	-0.04107031725	color=(65,182,196)
1	151	152	1.10061635888	color=(29,145,192)
1	152	153	2.4912553778975	color=(29,145,192)
1	153	154	0.2886529685625	color=(65,182,196)
1	154	155	1.50245005894983	color=(29,145,192)
1	155	156	1.17856166066825	color=(29,145,192)
1	156	157	0.442722164507	color=(65,182,196)
1	157	158	-0.644693559965001	color=(65,182,196)
1	158	159	2.0705433699125	color=(29,145,192)
1	159	160	0.6236747894715	color=(65,182,196)
1	160	161	0.0331816356674999	color=(65,182,196)
1	161	162	-0.48870333811045	color=(65,182,196)
1	162	163	0.1320655293775	color=(65,182,196)
1	163	164	-0.934807529585	color=(65,182,196)
1	164	165	-0.546774351845	color=(65,182,196)
1	165	166	-0.144161793467	color=(65,182,196)
1	166	167	-0.73104684035	color=(65,182,196)
1	167	168	-0.247773669655	color=(65,182,196)
1	168	169	0.4762823382475	color=(65,182,196)
1	169	170	0.61459638252	color=(65,182,196)
1	170	171	-0.9819040634625	color=(65,182,196)
1	171	172	-0.7115000851785	color=(65,182,196)
1	172	173	2.051518521001	color=(29,145,192)
1	173	174	-0.570138574475	color=(65,182,196)
1	174	175	-0.16034177069	color=(65,182,196)
1	175	176	-0.2718115671615	color=(65,182,196)
1	176	177	-0.02016479662375	color=(65,182,196)
1	177	178	0.555703270985	color=(65,182,196)
1	178	179	-0.8628468730475	color=(65,182,196)
1	179	180	-0.5287569371625	color=(65,182,196)
1	180	181	-0.53097635410975	color=(65,182,196)
1	181	182	1.422955419085	color=(29,145,192)
1	182	183	-0.4773004917225	color=(65,182,196)
1	183	184	-2.23930995296425	color=(127,205,187)
1	184	185	0.197682194775	color=(65,182,196)
1	185	186	-1.0183015111675	color=(65,182,196)
1	186	187	0.24571024402	color=(65,182,196)
1	187	188	-0.8706260518475	color=(65,182,196)
1	188	189	-0.35018824906675	color=(65,182,196)
1	189	190	1.2889776139425	color=(29,145,192)
1	190	191	-1.46504852599775	color=(127,205,187)
1	191	192	-1.3199223030175	color=(127,205,187)
1	192	193	-1.4704885385955	color=(127,205,187)
1	193	194	-1.58364493098	color=(127,205,187)
1	194	195	0.368625627137499	color=(65,182,196)
1	195	196	0.49602797744375	color=(65,182,196)
1	196	197	1.1514820064425	color=(29,145,192)
1	197	198	-0.222272412985	color=(65,182,196)
1	198	199	-0.2647155815525	color=(65,182,196)
1	199	200	-0.910062586725	color=(65,182,196)
1	200	201	-0.973174793089	color=(65,182,196)
1	201	202	-0.289113507943725	color=(65,182,196)
1	202	203	-0.892619714505	color=(65,182,196)
1	203	204	1.1190716830855	color=(29,145,192)
1	204	205	1.3682258561325	color=(29,145,192)
1	205	206	0.58232865007975	color=(65,182,196)
1	206	207	-1.30042833394975	color=(127,205,187)
1	207	208	-0.0366992916750002	color=(65,182,196)
1	208	209	-0.21441957229	color=(65,182,196)
1	209	210	-0.2848214286775	color=(65,182,196)
1	210	211	-0.35475277022	color=(65,182,196)
1	211	212	-1.32759753305575	color=(127,205,187)
1	212	213	-1.2069335131105	color=(127,205,187)
1	213	214	0.1341026031145	color=(65,182,196)
1	214	215	-0.9723327840925	color=(65,182,196)
1	215	216	0.6296915471725	color=(65,182,196)
1	216	217	-1.409244497135	color=(127,205,187)
1	217	218	-0.670737455442501	color=(65,182,196)
1	218	219	0.529871352604999	color=(65,182,196)
1	219	220	-0.637181180124999	color=(65,182,196)
1	220	221	0.44078552491	color=(65,182,196)
1	221	222	-0.477351534024999	color=(65,182,196)
1	222	223	-1.311309921845	color=(127,205,187)
1	223	224	2.20082581132225	color=(29,145,192)
1	224	225	0.6250315818425	color=(65,182,196)
1	225	226	2.245994580865	color=(29,145,192)
1	226	227	-0.540839868017625	color=(65,182,196)
1	227	228	-0.742287383067501	color=(65,182,196)
1	228	229	-0.72520958877575	color=(65,182,196)
1	229	230	1.165291135884	color=(29,145,192)
1	230	231	-0.671783693177499	color=(65,182,196)
1	231	232	-0.196510198204999	color=(65,182,196)
1	232	233	-0.329891977300001	color=(65,182,196)
1	233	234	-0.3038610621375	color=(65,182,196)
1	234	235	0.67924641999	color=(65,182,196)
1	235	236	-0.5279051513125	color=(65,182,196)
1	236	237	-0.537565179309225	color=(65,182,196)
1	237	238	-0.0598386680975	color=(65,182,196)
1	238	239	0.192595920735	color=(65,182,196)
2	0	1	5.91383264377475	color=(37,52,148)
2	1	2	4.65075737009875	color=(34,94,168)
2	2	3	5.48654747091	color=(34,94,168)
2	3	4	7.4954654538394	color=(37,52,148)
2	4	5	4.2050728028825	color=(34,94,168)
2	5	6	3.94450121927525	color=(34,94,168)
2	6	7	4.0336459759575	color=(34,94,168)
2	7	8	4.1604262877625	color=(34,94,168)
2	8	9	7.704677922625	color=(37,52,148)
2	9	10	7.960659548465	color=(8,29,88)
2	10	11	2.738891821063	color=(29,145,192)
2	11	12	6.3827026068775	color=(37,52,148)
2	12	13	4.0162581410425	color=(34,94,168)
2	13	14	3.204752507289	color=(29,145,192)
2	14	15	7.2312909181625	color=(37,52,148)
2	15	16	6.3094557468225	color=(37,52,148)
2	16	17	7.330351117169	color=(37,52,148)
2	17	18	4.75340101266825	color=(34,94,168)
2	18	19	6.92798457057	color=(37,52,148)
2	19	20	5.855645891333	color=(37,52,148)
2	20	21	6.03885812934	color=(37,52,148)
2	21	22	7.6239403967175	color=(37,52,148)
2	22	23	5.42488090994	color=(34,94,168)
2	23	24	3.60162672912	color=(34,94,168)
2	24	25	2.8574332381125	color=(29,145,192)
2	25	26	4.95858334994	color=(34,94,168)
2	26	27	3.18333384408	color=(29,145,192)
2	27	28	4.97697852961931	color=(34,94,168)
2	28	29	8.5751574360475	color=(8,29,88)
2	29	30	6.547517449295	color=(37,52,148)
2	30	31	3.638806829135	color=(34,94,168)
2	31	32	5.6498126468525	color=(37,52,148)
2	32	33	2.7266079026275	color=(29,145,192)
2	33	34	4.571529889305	color=(34,94,168)
2	34	35	5.1126508328275	color=(34,94,168)
2	35	36	4.14855655977	color=(34,94,168)
2	36	37	6.40312445115675	color=(37,52,148)
2	37	38	6.5929209371232	color=(37,52,148)
2	38	39	2.7607832708775	color=(29,145,192)
2	39	40	6.016961460377	color=(37,52,148)
2	40	41	7.50343921866475	color=(37,52,148)
2	41	42	3.0398715631875	color=(29,145,192)
2	42	43	5.90517687018283	color=(37,52,148)
2	43	44	2.944175759995	color=(29,145,192)
2	44	45	7.10013293905075	color=(37,52,148)
2	45	46	4.231664820125	color=(34,94,168)
2	46	47	4.5007920259225	color=(34,94,168)
2	47	48	4.41892798831	color=(34,94,168)
2	48	49	8.250312532013	color=(8,29,88)
2	49	50	4.75873074438	color=(34,94,168)
2	50	51	7.206093609095	color=(37,52,148)
2	51	52	5.4039720761125	color=(34,94,168)
2	52	53	5.65210730644025	color=(37,52,148)
2	53	54	6.2750452798175	color=(37,52,148)
2	54	55	2.6626435883875	color=(29,145,192)
2	55	56	3.25996653628646	color=(29,145,192)
2	56	57	4.21548547109075	color=(34,94,168)
2	57	58	6.78962162638275	color=(37,52,148)
2	58	59	3.7201621818	color=(34,94,168)
2	59	60	2.9323892759885	color=(29,145,192)
2	60	61	3.80457269200225	color=(34,94,168)
2	61	62	5.92402300889975	color=(37,52,148)
2	62	63	7.79723832974	color=(8,29,88)
2	63	64	5.7758754378925	color=(37,52,148)
2	64	65	5.44944438634	color=(34,94,168)
2	65	66	3.16770384321475	color=(29,145,192)
2	66	67	3.5667460489075	color=(34,94,168)
2	67	68	8.1348442003175	color=(8,29,88)
2	68	69	8.185350025697	color=(8,29,88)
2	69	70	4.62109352968425	color=(34,94,168)
2	70	71	2.9619279463025	color=(29,145,192)
2	71	72	6.66924897982475	color=(37,52,148)
2	72	73	5.65606518779725	color=(37,52,148)
2	73	74	6.613705325315	color=(37,52,148)
2	74	75	5.4364175470645	color=(34,94,168)
2	75	76	3.73002681600125	color=(34,94,168)
2	76	77	3.3108196104725	color=(29,145,192)
2	77	78	6.644793178626	color=(37,52,148)
2	78	79	5.7630863019725	color=(37,52,148)
2	79	80	6.2046753629675	color=(37,52,148)
2	80	81	5.030024186679	color=(34,94,168)
2	81	82	3.2337333260725	color=(29,145,192)
2	82	83	6.744355215435	color=(37,52,148)
2	83	84	2.889629375711	color=(29,145,192)
2	84	85	8.632499053715	color=(8,29,88)
2	85	86	3.2468852328475	color=(29,145,192)
2	86	87	3.9214304870195	color=(34,94,168)
2	87	88	5.0720522515225	color=(34,94,168)
2	88	89	9.23227992844275	color=(8,29,88)
2	89	90	3.5949720629125	color=(34,94,168)
2	90	91	3.56044775545675	color=(34,94,168)
2	91	92	3.78050473278	color=(34,94,168)
2	92	93	3.037259307138	color=(29,145,192)
3	0	1	0.883691537875251	color=(65,182,196)
3	1	2	1.72965949836625	color=(29,145,192)
3	2	3	0.424043010132499	color=(65,182,196)
3	3	4	0.33988759667135	color=(65,182,196)
3	4	5	-1.02114338532957	color=(65,182,196)
3	5	6	-0.47762419548775	color=(65,182,196)
3	6	7	-0.19795084227175	color=(65,182,196)
3	7	8	-1.33701335871125	color=(127,205,187)
3	8	9	0.68533377547825	color=(65,182,196)
3	9	10	0.740041202683175	color=(65,182,196)
3	10	11	0.75703743095875	color=(65,182,196)
3	11	12	1.42042630888175	color=(29,145,192)
3	12	13	1.69931114319775	color=(29,145,192)
3	13	14	0.51436392801075	color=(65,182,196)
3	14	15	-0.0402810342062505	color=(65,182,196)
3	15	16	-0.6386040908295	color=(65,182,196)
3	16	17	-0.143062798335	color=(65,182,196)
3	17	18	0.1566675887575	color=(65,182,196)
3	18	19	0.78806542979675	color=(65,182,196)
3	19	20	0.1736123918995	color=(65,182,196)
3	20	21	0.209380478722499	color=(65,182,196)
3	21	22	0.123212469670001	color=(65,182,196)
3	22	23	0.619988903620001	color=(65,182,196)
3	23	24	0.60010584857225	color=(65,182,196)
3	24	25	-0.47196275418825	color=(65,182,196)
3	25	26	0.49075816545	color=(65,182,196)
3	26	27	0.2096930060625	color=(65,182,196)
3	27	28	2.427425096951	color=(29,145,192)
3	28	29	1.5293597015835	color=(29,145,192)
3	29	30	-0.94683535941575	color=(65,182,196)
3	30	31	-0.47851579404425	color=(65,182,196)
3	31	32	0.7405695437845	color=(65,182,196)
3	32	33	0.653219316028501	color=(65,182,196)
3	33	34	0.0395143439149992	color=(65,182,196)
3	34	35	0.19744439457675	color=(65,182,196)
3	35	36	1.021820712306	color=(65,182,196)
3	36	37	0.636793341636601	color=(65,182,196)
3	37	38	-1.6630350198875	color=(127,205,187)
3	38	39	1.93637159907285	color=(29,145,192)
3	39	40	0.3135698180725	color=(65,182,196)
3	40	41	0.65595056792375	color=(65,182,196)
3	41	42	-0.45029235299975	color=(65,182,196)
3	42	43	0.1629179208175	color=(65,182,196)
3	43	44	2.2311295507665	color=(29,145,192)
3	44	45	-0.022337952749	color=(65,182,196)
3	45	46	1.33632161598445	color=(29,145,192)
3	46	47	0.61478843181	color=(65,182,196)
3	47	48	-0.0332283682009997	color=(65,182,196)
3	48	49	0.140005255585001	color=(65,182,196)
3	49	50	-0.1398924491635	color=(65,182,196)
3	50	51	0.0533675469142496	color=(65,182,196)
3	51	52	0.0462511835075006	color=(65,182,196)
3	52	53	0.0723657629377499	color=(65,182,196)
3	53	54	-0.1654965963025	color=(65,182,196)
3	54	55	-0.500245610691501	color=(65,182,196)
3	55	56	1.2504312088275	color=(29,145,192)
3	56	57	-0.3566923416675	color=(65,182,196)
3	57	58	-0.2862497712575	color=(65,182,196)
3	58	59	0.79706152774275	color=(65,182,196)
3	59	60	0.2508240237765	color=(65,182,196)
3	60	61	-0.28539438441	color=(65,182,196)
3	61	62	0.0860972268376248	color=(65,182,196)
3	62	63	-0.38437939182925	color=(65,182,196)
3	63	64	0.173751274392	color=(65,182,196)
3	64	65	-0.0798252605109999	color=(65,182,196)
3	65	66	-0.500080522865001	color=(65,182,196)
3	66	67	0.58095658667625	color=(65,182,196)
3	67	68	-0.131811446332249	color=(65,182,196)
3	68	69	1.89250446578752	color=(29,145,192)
3	69	70	-0.974992988499849	color=(65,182,196)
3	70	71	0.677927958851075	color=(65,182,196)
3	71	72	1.511724928483	color=(29,145,192)
3	72	73	-0.4063025616675	color=(65,182,196)
3	73	74	0.442332888500309	color=(65,182,196)
3	74	75	-0.0100071911632504	color=(65,182,196)
3	75	76	0.401083320958749	color=(65,182,196)
3	76	77	0.0909780749189997	color=(65,182,196)
3	77	78	-1.13921825588	color=(127,205,187)
3	78	79	-0.490425996097501	color=(65,182,196)
3	79	80	1.041637618973	color=(65,182,196)
3	80	81	0.0410505809897508	color=(65,182,196)
3	81	82	-0.848122766899	color=(65,182,196)
3	82	83	-0.0623484119925006	color=(65,182,196)
3	83	84	-1.057577964835	color=(65,182,196)
3	84	85	0.168133817567501	color=(65,182,196)
3	85	86	0.74239654477725	color=(65,182,196)
3	86	87	-0.3876129892375	color=(65,182,196)
3	87	88	-0.344054509729758	color=(65,182,196)
3	88	89	-0.554314240232499	color=(65,182,196)
3	89	90	1.084605931026	color=(65,182,196)
3	90	91	0.5375978457435	color=(65,182,196)
3	91	92	-1.07193885105125	color=(65,182,196)
3	92	93	0.7209787484875	color=(65,182,196)
3	93	94	-1.19103511982868	color=(127,205,187)
3	94	95	-0.143137262941925	color=(65,182,196)
3	95	96	0.20984401315375	color=(65,182,196)
3	96	97	0.4817574115625	color=(65,182,196)
3	97	98	1.02662174737175	color=(65,182,196)
3	98	99	-0.217549698455	color=(65,182,196)
3	99	100	-0.6642758942425	color=(65,182,196)
3	100	101	0.855746182913499	color=(65,182,196)
3	101	102	0.524804973548251	color=(65,182,196)
3	102	103	-0.93273631904825	color=(65,182,196)
3	103	104	0.60643216195175	color=(65,182,196)
3	104	105	1.770447516136	color=(29,145,192)
3	105	106	0.634201149409074	color=(65,182,196)
3	106	107	0.244904401209499	color=(65,182,196)
3	107	108	0.8133087084775	color=(65,182,196)
3	108	109	0.358141089217	color=(65,182,196)
3	109	110	0.60667376818825	color=(65,182,196)
3	110	111	-0.164711099357501	color=(65,182,196)
3	111	112	-0.2754305576645	color=(65,182,196)
3	112	113	-1.3579033454125	color=(127,205,187)
3	113	114	0.691321160533001	color=(65,182,196)
3	114	115	3.01356605976725	color=(29,145,192)
3	115	116	2.60332294394075	color=(29,145,192)
3	116	117	-1.91805507122325	color=(127,205,187)
3	117	118	-0.711040396334999	color=(65,182,196)
3	118	119	-0.653265714145	color=(65,182,196)
3	119	120	-1.28593303008638	color=(127,205,187)
3	120	121	0.304876943281	color=(65,182,196)
3	121	122	0.757170256752749	color=(65,182,196)
3	122	123	-0.4574945991745	color=(65,182,196)
3	123	124	-0.00628486181174992	color=(65,182,196)
3	124	125	1.39526293958975	color=(29,145,192)
3	125	126	-0.0430831902402495	color=(65,182,196)
3	126	127	-0.36255878419	color=(65,182,196)
3	127	128	-0.078856040282	color=(65,182,196)
3	128	129	-0.0680677447400004	color=(65,182,196)
4	0	1	-1.76947752405	color=(127,205,187)
4	1	2	2.67669320816	color=(29,145,192)
4	2	3	-1.4620131561475	color=(127,205,187)
4	3	4	0.216401021315	color=(65,182,196)
4	4	5	0.0937946865800008	color=(65,182,196)
4	5	6	-0.183527728474999	color=(65,182,196)
4	6	7	-1.0960827336115	color=(65,182,196)
4	7	8	2.6352750531975	color=(29,145,192)
4	8	9	-1.418516669855	color=(127,205,187)
4	9	10	-1.81461082512	color=(127,205,187)
4	10	11	0.419952671812499	color=(65,182,196)
4	11	12	0.0788789490074997	color=(65,182,196)
4	12	13	-0.87623289255	color=(65,182,196)
4	13	14	-2.174016157255	color=(127,205,187)
4	14	15	-1.34766926903	color=(127,205,187)
4	15	16	-1.9599470991525	color=(127,205,187)
4	16	17	-0.880358745927	color=(65,182,196)
4	17	18	3.55639477565825	color=(34,94,168)
4	18	19	-1.9442356664575	color=(127,205,187)
4	19	20	-1.3637621312125	color=(127,205,187)
4	20	21	-1.6727443537875	color=(127,205,187)
4	21	22	-3.89890055666	color=(199,233,180)
4	22	23	-2.3371621950825	color=(127,205,187)
4	23	24	-0.418567630487499	color=(65,182,196)
4	24	25	3.017921656695	color=(29,145,192)
4	25	26	-0.0926648663325	color=(65,182,196)
4	26	27	-1.3204948544175	color=(127,205,187)
4	27	28	2.1537603876575	color=(29,145,192)
4	28	29	2.4864582634	color=(29,145,192)
4	29	30	-0.417687802725	color=(65,182,196)
4	30	31	1.37091662835	color=(29,145,192)
4	31	32	0.854999054175	color=(65,182,196)
4	32	33	-1.722241406935	color=(127,205,187)
4	33	34	-2.2807543249975	color=(127,205,187)
4	34	35	0.96247120351	color=(65,182,196)
4	35	36	-1.458842191105	color=(127,205,187)
4	36	37	-0.719604994965	color=(65,182,196)
4	37	38	-2.777009438635	color=(127,205,187)
4	38	39	-0.4795911938915	color=(65,182,196)
4	39	40	0.379042835370001	color=(65,182,196)
4	40	41	-2.78154846094425	color=(127,205,187)
4	41	42	1.1710581703675	color=(29,145,192)
4	42	43	5.6706989012725	color=(37,52,148)
4	43	44	3.6574631815775	color=(34,94,168)
4	44	45	0.548896918437499	color=(65,182,196)
4	45	46	2.532800331335	color=(29,145,192)
4	46	47	-1.6684849247025	color=(127,205,187)
4	47	48	-2.013818742472	color=(127,205,187)
4	48	49	-1.48021783592275	color=(127,205,187)
4	49	50	3.1193947356	color=(29,145,192)
4	50	51	-2.78289751409	color=(127,205,187)
4	51	52	-0.6577751918425	color=(65,182,196)
4	52	53	3.217786509548	color=(29,145,192)
4	53	54	0.973228217305	color=(65,182,196)
4	54	55	-0.6393032019775	color=(65,182,196)
4	55	56	1.57421717430925	color=(29,145,192)
4	56	57	0.4263899074645	color=(65,182,196)
4	57	58	-1.5820759588075	color=(127,205,187)
4	58	59	-1.7247398319325	color=(127,205,187)
4	59	60	-0.7352465328075	color=(65,182,196)
4	60	61	0.78852109096875	color=(65,182,196)
4	61	62	-1.67736330861	color=(127,205,187)
4	62	63	-1.3205246379075	color=(127,205,187)
4	63	64	-0.73253412981	color=(65,182,196)
4	64	65	1.72033878875072	color=(29,145,192)
4	65	66	-2.8353359024125	color=(127,205,187)
4	66	67	-0.65395563459	color=(65,182,196)
4	67	68	-0.663285363410001	color=(65,182,196)
4	68	69	0.91289790426025	color=(65,182,196)
4	69	70	-0.91338177907	color=(65,182,196)
4	70	71	0.353522345942499	color=(65,182,196)
5	0	1	0.51785468824775	color=(65,182,196)
5	1	2	-2.462594853735	color=(127,205,187)
5	2	3	-1.7225908412	color=(127,205,187)
5	3	4	-0.68032031375	color=(65,182,196)
5	4	5	-0.269644878942501	color=(65,182,196)
5	5	6	-0.04473644644	color=(65,182,196)
5	6	7	-1.5915687582575	color=(127,205,187)
5	7	8	-0.202922651550001	color=(65,182,196)
5	8	9	-0.394349347504999	color=(65,182,196)
5	9	10	-0.336959378369999	color=(65,182,196)
5	10	11	-0.574453546205	color=(65,182,196)
5	11	12	0.8132000373675	color=(65,182,196)
5	12	13	-0.2377081996655	color=(65,182,196)
5	13	14	-0.723113536350001	color=(65,182,196)
5	14	15	0.08565185955445	color=(65,182,196)
5	15	16	-0.033264323547499	color=(65,182,196)
5	16	17	-1.45948121094	color=(127,205,187)
5	17	18	-0.6988323101217	color=(65,182,196)
5	18	19	0.1438711305825	color=(65,182,196)
5	19	20	-0.4145702121875	color=(65,182,196)
5	20	21	2.84454861823	color=(29,145,192)
5	21	22	-0.845080960159	color=(65,182,196)
5	22	23	-1.40136618919575	color=(127,205,187)
5	23	24	-0.4113304436725	color=(65,182,196)
5	24	25	1.4153360576025	color=(29,145,192)
5	25	26	1.9353805057825	color=(29,145,192)
5	26	27	-0.226111185727499	color=(65,182,196)
5	27	28	-0.6995788427675	color=(65,182,196)
5	28	29	-0.121095386745001	color=(65,182,196)
5	29	30	0.0579146656475	color=(65,182,196)
5	30	31	-0.5110055821126	color=(65,182,196)
5	31	32	1.075664821675	color=(65,182,196)
5	32	33	0.6236228901875	color=(65,182,196)
5	33	34	1.1962540583975	color=(29,145,192)
5	34	35	0.406905305352625	color=(65,182,196)
5	35	36	-0.4175173761025	color=(65,182,196)
5	36	37	2.3867316919425	color=(29,145,192)
5	37	38	0.7123337993525	color=(65,182,196)
5	38	39	1.6890619891125	color=(29,145,192)
5	39	40	0.191401015425001	color=(65,182,196)
5	40	41	-2.3048937518475	color=(127,205,187)
5	41	42	-0.2485073853425	color=(65,182,196)
5	42	43	-0.247299196949999	color=(65,182,196)
5	43	44	-0.0594315181450007	color=(65,182,196)
5	44	45	-0.7619477182525	color=(65,182,196)
5	45	46	-0.40544412074	color=(65,182,196)
5	46	47	-0.9813725946725	color=(65,182,196)
5	47	48	0.8030606942925	color=(65,182,196)
5	48	49	-0.3268889257	color=(65,182,196)
5	49	50	1.3422496884775	color=(29,145,192)
5	50	51	-0.17300898824	color=(65,182,196)
5	51	52	-0.8065420947125	color=(65,182,196)
5	52	53	-0.5543136809725	color=(65,182,196)
5	53	54	-1.9595669061425	color=(127,205,187)
5	54	55	-0.134601350975	color=(65,182,196)
5	55	56	-0.8075818161925	color=(65,182,196)
5	56	57	1.3266927495125	color=(29,145,192)
5	57	58	0.5408292905475	color=(65,182,196)
5	58	59	0.371536974234999	color=(65,182,196)
5	59	60	-0.4645339391225	color=(65,182,196)
5	60	61	0.363933751575	color=(65,182,196)
5	61	62	0.119759771237501	color=(65,182,196)
5	62	63	-1.612829112605	color=(127,205,187)
5	63	64	-0.789347119275	color=(65,182,196)
5	64	65	-0.942759473099999	color=(65,182,196)
5	65	66	1.316617787835	color=(29,145,192)
5	66	67	-2.7269592223375	color=(127,205,187)
5	67	68	1.8027264422025	color=(29,145,192)
5	68	69	0.677465100435	color=(65,182,196)
5	69	70	-1.0771941417475	color=(65,182,196)
5	70	71	-1.6447014221475	color=(127,205,187)
5	71	72	0.67594331085	color=(65,182,196)
5	72	73	1.1986340643375	color=(29,145,192)
5	73	74	-0.7135587558875	color=(65,182,196)
5	74	75	0.00251106552750002	color=(65,182,196)
5	75	76	-0.5283780955875	color=(65,182,196)
5	76	77	0.290308601854999	color=(65,182,196)
5	77	78	-0.6178629866475	color=(65,182,196)
5	78	79	-1.7112791193025	color=(127,205,187)
5	79	80	-1.7875219954175	color=(127,205,187)
5	80	81	0.14273967839	color=(65,182,196)
5	81	82	-0.0461380451249997	color=(65,182,196)
5	82	83	-2.5976749369775	color=(127,205,187)
5	83	84	-0.880779265199999	color=(65,182,196)
5	84	85	0.440217497987501	color=(65,182,196)
5	85	86	-1.94455385577475	color=(127,205,187)
5	86	87	-0.741396272724998	color=(65,182,196)
5	87	88	-0.296705494399999	color=(65,182,196)
5	88	89	-0.5390892555135	color=(65,182,196)
5	89	90	-0.197045408999999	color=(65,182,196)
5	90	91	0.22248553775	color=(65,182,196)
5	91	92	-0.534111573545	color=(65,182,196)
5	92	93	-0.8680880471675	color=(65,182,196)
5	93	94	-0.475088722975	color=(65,182,196)
5	94	95	1.030251552545	color=(65,182,196)
5	95	96	0.92526224041525	color=(65,182,196)
5	96	97	-1.3555849673	color=(127,205,187)
5	97	98	-0.806116061999999	color=(65,182,196)
5	98	99	-1.723846777917	color=(127,205,187)
5	99	100	-0.465946033865	color=(65,182,196)
5	100	101	1.9995623440975	color=(29,145,192)
5	101	102	-2.4107560031125	color=(127,205,187)
5	102	103	0.186114253225	color=(65,182,196)
5	103	104	-0.3148984591725	color=(65,182,196)
5	104	105	-1.2600144034805	color=(127,205,187)
5	105	106	1.1367563365125	color=(29,145,192)
5	106	107	-1.1455613924925	color=(127,205,187)
5	107	108	1.4990761256425	color=(29,145,192)
5	108	109	1.27328504415725	color=(29,145,192)
5	109	110	0.31021443771	color=(65,182,196)
5	110	111	-0.79701160783	color=(65,182,196)
5	111	112	1.5352056128025	color=(29,145,192)
5	112	113	1.0845853000625	color=(65,182,196)
5	113	114	-1.28903366855	color=(127,205,187)
5	114	115	-0.868314966717499	color=(65,182,196)
5	115	116	-0.33429550024	color=(65,182,196)
5	116	117	-2.20175282909	color=(127,205,187)
5	117	118	0.0102163183025006	color=(65,182,196)
5	118	119	-2.3771237458875	color=(127,205,187)
5	119	120	1.3991292179375	color=(29,145,192)
5	120	121	-1.1333537037	color=(127,205,187)
5	121	122	-0.329087053649999	color=(65,182,196)
5	122	123	1.334920284785	color=(29,145,192)
5	123	124	-0.646683623684999	color=(65,182,196)
5	124	125	2.6187435126825	color=(29,145,192)
5	125	126	0.351640104627499	color=(65,182,196)
5	126	127	0.5077898770525	color=(65,182,196)
5	127	128	1.2156687921675	color=(29,145,192)
5	128	129	0.351659376995	color=(65,182,196)
5	129	130	-0.323877752447499	color=(65,182,196)
5	130	131	-1.4165056137925	color=(127,205,187)
5	131	132	-0.54251277486	color=(65,182,196)
5	132	133	0.130263127445	color=(65,182,196)
5	133	134	-1.2092552181775	color=(127,205,187)
5	134	135	-1.4515823227675	color=(127,205,187)
5	135	136	-0.6813900286675	color=(65,182,196)
5	136	137	1.075034242375	color=(65,182,196)
5	137	138	0.2921430432925	color=(65,182,196)
5	138	139	-0.913447737492501	color=(65,182,196)
5	139	140	0.5488901407475	color=(65,182,196)
5	140	141	1.8481441317075	color=(29,145,192)
5	141	142	1.4910035598675	color=(29,145,192)
5	142	143	0.190247625974999	color=(65,182,196)
5	143	144	0.93348000323	color=(65,182,196)
5	144	145	0.00848987451250016	color=(65,182,196)
5	145	146	-1.17695942224575	color=(127,205,187)
5	146	147	-1.0091948103475	color=(65,182,196)
5	147	148	0.2624263776875	color=(65,182,196)
5	148	149	0.731564122	color=(65,182,196)
5	149	150	0.0770499758400005	color=(65,182,196)
5	150	151	-1.31608539175	color=(127,205,187)
5	151	152	-2.237769355395	color=(127,205,187)
5	152	153	0.2502143054	color=(65,182,196)
5	153	154	-1.01754568506	color=(65,182,196)
5	154	155	-2.5824015275775	color=(127,205,187)
5	155	156	-0.783124278554999	color=(65,182,196)
5	156	157	1.93155586676	color=(29,145,192)
5	157	158	-1.2070252356775	color=(127,205,187)
5	158	159	-0.881980580124999	color=(65,182,196)
5	159	160	-0.2333675784325	color=(65,182,196)
5	160	161	-2.6290134669945	color=(127,205,187)
5	161	162	-0.50742939696	color=(65,182,196)
5	162	163	-0.2857756368325	color=(65,182,196)
5	163	164	-0.496791178100001	color=(65,182,196)
5	164	165	0.0581590190324999	color=(65,182,196)
5	165	166	-1.1698768494475	color=(127,205,187)
6	0	1	0.0434501885325003	color=(65,182,196)
6	1	2	-0.156027263374	color=(65,182,196)
6	2	3	0.89561276588905	color=(65,182,196)
6	3	4	-0.5245404583575	color=(65,182,196)
6	4	5	1.4512480234325	color=(29,145,192)
6	5	6	-0.3081607541025	color=(65,182,196)
6	6	7	0.0605634357975	color=(65,182,196)
6	7	8	1.9875804879225	color=(29,145,192)
6	8	9	0.23542996910075	color=(65,182,196)
6	9	10	1.4489816511643	color=(29,145,192)
6	10	11	0.13858327548125	color=(65,182,196)
6	11	12	1.75428859004237	color=(29,145,192)
6	12	13	3.075032693215	color=(29,145,192)
6	13	14	0.3947434740375	color=(65,182,196)
6	14	15	-0.306910847235	color=(65,182,196)
6	15	16	1.661240246861	color=(29,145,192)
6	16	17	0.514765921965	color=(65,182,196)
6	17	18	2.98482864367	color=(29,145,192)
6	18	19	-0.0984905551949993	color=(65,182,196)
6	19	20	0.3211429761025	color=(65,182,196)
6	20	21	1.02010502808525	color=(65,182,196)
6	21	22	0.539891781331501	color=(65,182,196)
6	22	23	0.82352457156675	color=(65,182,196)
6	23	24	-0.410318291185	color=(65,182,196)
6	24	25	0.2378934283225	color=(65,182,196)
6	25	26	0.806877935135001	color=(65,182,196)
6	26	27	-0.0740606402999999	color=(65,182,196)
6	27	28	1.61380094383375	color=(29,145,192)
6	28	29	-0.0809842291250003	color=(65,182,196)
6	29	30	0.22282714850775	color=(65,182,196)
6	30	31	0.151458781406	color=(65,182,196)
6	31	32	0.0792626478874996	color=(65,182,196)
6	32	33	-0.505306171325	color=(65,182,196)
6	33	34	0.9162080211425	color=(65,182,196)
6	34	35	1.05960478524	color=(65,182,196)
6	35	36	-0.5863158317695	color=(65,182,196)
6	36	37	-0.650741451605001	color=(65,182,196)
6	37	38	0.137935061399999	color=(65,182,196)
6	38	39	2.2559873251275	color=(29,145,192)
6	39	40	-0.79634942433675	color=(65,182,196)
6	40	41	-0.27737028688625	color=(65,182,196)
6	41	42	-0.839425665592	color=(65,182,196)
6	42	43	0.1407542788125	color=(65,182,196)
6	43	44	-0.8117465291075	color=(65,182,196)
6	44	45	1.3359785478575	color=(29,145,192)
6	45	46	0.77468601070525	color=(65,182,196)
6	46	47	0.6113622610975	color=(65,182,196)
6	47	48	0.5342911442725	color=(65,182,196)
6	48	49	0.798478345737499	color=(65,182,196)
6	49	50	0.609201596865	color=(65,182,196)
6	50	51	0.13876594870175	color=(65,182,196)
6	51	52	-0.26024161708	color=(65,182,196)
6	52	53	-1.6965011147475	color=(127,205,187)
6	53	54	0.803336620802501	color=(65,182,196)
6	54	55	0.0497232697982501	color=(65,182,196)
6	55	56	2.14440736971	color=(29,145,192)
6	56	57	0.3556929864375	color=(65,182,196)
6	57	58	1.4944069322935	color=(29,145,192)
6	58	59	2.18041671222825	color=(29,145,192)
6	59	60	-0.0589768321274997	color=(65,182,196)
6	60	61	-0.52691269965525	color=(65,182,196)
6	61	62	-1.04969531555	color=(65,182,196)
6	62	63	0.224874083975	color=(65,182,196)
6	63	64	0.28815425188175	color=(65,182,196)
6	64	65	0.184897768771251	color=(65,182,196)
6	65	66	0.497041893792	color=(65,182,196)
6	66	67	-1.62102631532	color=(127,205,187)
6	67	68	-0.4309496185155	color=(65,182,196)
6	68	69	0.0629736421656926	color=(65,182,196)
6	69	70	-0.40421804422525	color=(65,182,196)
6	70	71	1.19281129714075	color=(29,145,192)
6	71	72	2.19739017523475	color=(29,145,192)
6	72	73	0.9614259534375	color=(65,182,196)
6	73	74	-0.168799982745	color=(65,182,196)
6	74	75	0.1695725450075	color=(65,182,196)
6	75	76	-0.6013060458715	color=(65,182,196)
6	76	77	0.446828728294	color=(65,182,196)
6	77	78	0.99758049289	color=(65,182,196)
6	78	79	1.3825084736285	color=(29,145,192)
6	79	80	0.0988715757249992	color=(65,182,196)
6	80	81	0.6232064466625	color=(65,182,196)
6	81	82	-0.22366161221975	color=(65,182,196)
6	82	83	1.199231900193	color=(29,145,192)
6	83	84	-0.493901861335001	color=(65,182,196)
6	84	85	0.0510173601749999	color=(65,182,196)
6	85	86	-0.33575709822	color=(65,182,196)
6	86	87	-1.0645009825275	color=(65,182,196)
6	87	88	-0.6450264149005	color=(65,182,196)
6	88	89	2.274918746125	color=(29,145,192)
6	89	90	0.665294207147499	color=(65,182,196)
6	90	91	0.93618345433525	color=(65,182,196)
6	91	92	0.21517651706	color=(65,182,196)
6	92	93	-0.4807271693	color=(65,182,196)
6	93	94	0.670522609875	color=(65,182,196)
6	94	95	0.69929625582825	color=(65,182,196)
6	95	96	-0.515342044891	color=(65,182,196)
6	96	97	-0.7072964678575	color=(65,182,196)
6	97	98	0.941119284238249	color=(65,182,196)
6	98	99	0.652727172713	color=(65,182,196)
6	99	100	0.391169539495	color=(65,182,196)
6	100	101	1.22249340791	color=(29,145,192)
6	101	102	0.55328762141375	color=(65,182,196)
6	102	103	-0.57976348012325	color=(65,182,196)
6	103	104	0.989096649015	color=(65,182,196)
6	104	105	1.2343903157625	color=(29,145,192)
6	105	106	-1.81226382700075	color=(127,205,187)
6	106	107	0.40793669191	color=(65,182,196)
6	107	108	0.0287002091624999	color=(65,182,196)
6	108	109	1.31192635522325	color=(29,145,192)
6	109	110	-0.0976754521374996	color=(65,182,196)
6	110	111	-0.66025632185175	color=(65,182,196)
6	111	112	-0.748050882234999	color=(65,182,196)
6	112	113	-0.97244683497	color=(65,182,196)
6	113	114	3.146590870595	color=(29,145,192)
6	114	115	0.3697206329515	color=(65,182,196)
6	115	116	1.245740913063	color=(29,145,192)
6	116	117	0.376592691875	color=(65,182,196)
6	117	118	0.33690840743	color=(65,182,196)
6	118	119	1.0547866938975	color=(65,182,196)
6	119	120	3.1211493226625	color=(29,145,192)
6	120	121	-0.54459787346	color=(65,182,196)
6	121	122	0.79339912796725	color=(65,182,196)
6	122	123	-0.78501029484275	color=(65,182,196)
6	123	124	0.483914607365	color=(65,182,196)
6	124	125	-0.0737398027775003	color=(65,182,196)
6	125	126	0.659789558545	color=(65,182,196)
6	126	127	3.9075713327865	color=(34,94,168)
6	127	128	1.30181315202625	color=(29,145,192)
6	128	129	-1.26818872634875	color=(127,205,187)
6	129	130	-0.8997998891025	color=(65,182,196)
6	130	131	1.278461085995	color=(29,145,192)
6	131	132	-0.95948677089625	color=(65,182,196)
6	132	133	0.21070653086075	color=(65,182,196)
6	133	134	0.3436234589995	color=(65,182,196)
6	134	135	1.528507302848	color=(29,145,192)
6	135	136	0.6300661198325	color=(65,182,196)
6	136	137	0.15647592557325	color=(65,182,196)
6	137	138	0.19411846608675	color=(65,182,196)
6	138	139	2.079497762153	color=(29,145,192)
6	139	140	1.01633468357	color=(65,182,196)
6	140	141	0.31855588406925	color=(65,182,196)
6	141	142	1.2116865919155	color=(29,145,192)
6	142	143	-1.78296303661325	color=(127,205,187)
6	143	144	2.44981074724	color=(29,145,192)
6	144	145	0.773079280051	color=(65,182,196)
6	145	146	-0.78026035126625	color=(65,182,196)
6	146	147	-0.94036015717375	color=(65,182,196)
6	147	148	0.454222754645	color=(65,182,196)
6	148	149	-0.53141807901	color=(65,182,196)
6	149	150	-0.8955183238225	color=(65,182,196)
6	150	151	0.7354964098825	color=(65,182,196)
6	151	152	-0.57088973613725	color=(65,182,196)
6	152	153	-0.6561739769225	color=(65,182,196)
6	153	154	-0.0554942994275001	color=(65,182,196)
6	154	155	-0.265574336599625	color=(65,182,196)
6	155	156	-1.8296042438475	color=(127,205,187)
6	156	157	-0.114829390052	color=(65,182,196)
6	157	158	-0.87352394965125	color=(65,182,196)
6	158	159	-0.82405781845775	color=(65,182,196)
6	159	160	0.636956137963	color=(65,182,196)
6	160	161	0.63823117497	color=(65,182,196)
6	161	162	0.1587563414175	color=(65,182,196)
6	162	163	0.7547984544755	color=(65,182,196)
6	163	164	2.3437478424475	color=(29,145,192)
6	164	165	0.6458367578175	color=(65,182,196)
6	165	166	0.1879321011575	color=(65,182,196)
6	166	167	-1.18259348025	color=(127,205,187)
6	167	168	0.0386312080019999	color=(65,182,196)
6	168	169	-0.40520843987575	color=(65,182,196)
6	169	170	-0.219847381585275	color=(65,182,196)
6	170	171	1.9496990081	color=(29,145,192)
6	171	172	-0.638449782651251	color=(65,182,196)
6	172	173	-0.349070585505	color=(65,182,196)
6	173	174	-0.0532688606775	color=(65,182,196)
6	174	175	0.735736874295	color=(65,182,196)
6	175	176	-0.3447311437025	color=(65,182,196)
6	176	177	-3.275990377023	color=(127,205,187)
6	177	178	0.6609581697875	color=(65,182,196)
6	178	179	-0.15907081958275	color=(65,182,196)
7	0	1	0.0916568649602496	color=(65,182,196)
7	1	2	-0.310818539027499	color=(65,182,196)
7	2	3	1.804925613384	color=(29,145,192)
7	3	4	1.333017290798	color=(29,145,192)
7	4	5	0.68405288848	color=(65,182,196)
7	5	6	2.10272590133227	color=(29,145,192)
7	6	7	3.95965723791975	color=(34,94,168)
7	7	8	3.1696880896725	color=(29,145,192)
7	8	9	2.14644521521975	color=(29,145,192)
7	9	10	-0.2018619999175	color=(65,182,196)
7	10	11	1.661351979259	color=(29,145,192)
7	11	12	2.492195997082	color=(29,145,192)
7	12	13	0.6501804688725	color=(65,182,196)
7	13	14	1.36480566883275	color=(29,145,192)
7	14	15	0.170100510676999	color=(65,182,196)
7	15	16	2.43774678551	color=(29,145,192)
7	16	17	1.346709429058	color=(29,145,192)
7	17	18	1.70375719161975	color=(29,145,192)
7	18	19	0.39317097853	color=(65,182,196)
7	19	20	1.60479191290475	color=(29,145,192)
7	20	21	2.0676816220125	color=(29,145,192)
7	21	22	2.0893801577095	color=(29,145,192)
7	22	23	1.6653280751375	color=(29,145,192)
7	23	24	1.51003737132375	color=(29,145,192)
7	24	25	1.200762083405	color=(29,145,192)
7	25	26	1.791665333677	color=(29,145,192)
7	26	27	0.858541624875	color=(65,182,196)
7	27	28	2.41837714318625	color=(29,145,192)
7	28	29	1.9094869197875	color=(29,145,192)
7	29	30	3.83424583990925	color=(34,94,168)
7	30	31	2.4282734446375	color=(29,145,192)
7	31	32	1.37317132229	color=(29,145,192)
7	32	33	3.3790395174025	color=(34,94,168)
7	33	34	2.3134567274925	color=(29,145,192)
7	34	35	3.16038688131638	color=(29,145,192)
7	35	36	2.30933930454275	color=(29,145,192)
7	36	37	0.436969875907499	color=(65,182,196)
7	37	38	1.1261051217425	color=(29,145,192)
7	38	39	1.278956444635	color=(29,145,192)
7	39	40	2.1701070569125	color=(29,145,192)
7	40	41	1.7745017515925	color=(29,145,192)
7	41	42	1.14796121206	color=(29,145,192)
7	42	43	2.083513654314	color=(29,145,192)
7	43	44	1.59820991439	color=(29,145,192)
7	44	45	-0.0472402627274988	color=(65,182,196)
7	45	46	1.5405586329565	color=(29,145,192)
7	46	47	1.5650917680025	color=(29,145,192)
7	47	48	-0.26872010259525	color=(65,182,196)
7	48	49	1.8054489781525	color=(29,145,192)
7	49	50	1.72959485735175	color=(29,145,192)
7	50	51	1.88877103290625	color=(29,145,192)
7	51	52	1.7450949573725	color=(29,145,192)
7	52	53	2.1852033723325	color=(29,145,192)
7	53	54	1.958160735665	color=(29,145,192)
7	54	55	2.160029431755	color=(29,145,192)
7	55	56	1.58404236569175	color=(29,145,192)
7	56	57	0.770780955528975	color=(65,182,196)
7	57	58	0.190473087771999	color=(65,182,196)
7	58	59	1.52488775887725	color=(29,145,192)
7	59	60	0.27471931085875	color=(65,182,196)
7	60	61	1.3972896423525	color=(29,145,192)
7	61	62	2.70689337729975	color=(29,145,192)
7	62	63	0.9213160466185	color=(65,182,196)
7	63	64	2.603731263563	color=(29,145,192)
7	64	65	1.27873260982075	color=(29,145,192)
7	65	66	1.3732247299	color=(29,145,192)
7	66	67	1.7178907559675	color=(29,145,192)
7	67	68	3.073484794243	color=(29,145,192)
7	68	69	2.1623056496425	color=(29,145,192)
7	69	70	0.88105907021	color=(65,182,196)
7	70	71	0.915144742237	color=(65,182,196)
7	71	72	2.16312749914	color=(29,145,192)
7	72	73	1.3993291983295	color=(29,145,192)
7	73	74	0.383757606554999	color=(65,182,196)
7	74	75	1.1018136463775	color=(29,145,192)
7	75	76	1.1696751904625	color=(29,145,192)
7	76	77	2.3222905069525	color=(29,145,192)
7	77	78	0.69827985527775	color=(65,182,196)
7	78	79	0.3441939902675	color=(65,182,196)
7	79	80	1.2504081607606	color=(29,145,192)
7	80	81	1.45093076860875	color=(29,145,192)
7	81	82	1.00052174696825	color=(65,182,196)
7	82	83	0.9715294683275	color=(65,182,196)
7	83	84	0.1443428752725	color=(65,182,196)
7	84	85	1.007899899235	color=(65,182,196)
7	85	86	-0.828418836525	color=(65,182,196)
8	0	1	-0.198221216357501	color=(65,182,196)
8	1	2	0.298824309485	color=(65,182,196)
8	2	3	1.07459043310625	color=(65,182,196)
8	3	4	1.907738244955	color=(29,145,192)
8	4	5	1.9410271048775	color=(29,145,192)
8	5	6	0.5393935866975	color=(65,182,196)
8	6	7	0.968698811365002	color=(65,182,196)
8	7	8	0.5028779293425	color=(65,182,196)
8	8	9	0.8064035110265	color=(65,182,196)
8	9	10	0.921970216944999	color=(65,182,196)
8	10	11	0.2115999283125	color=(65,182,196)
8	11	12	-1.3261730007975	color=(127,205,187)
8	12	13	0.9658120224125	color=(65,182,196)
8	13	14	3.27191924509925	color=(29,145,192)
8	14	15	-0.6013631692325	color=(65,182,196)
8	15	16	1.2864540255375	color=(29,145,192)
8	16	17	-0.5310091477275	color=(65,182,196)
8	17	18	0.921310834725	color=(65,182,196)
8	18	19	3.8247280656575	color=(34,94,168)
8	19	20	2.11226457565725	color=(29,145,192)
8	20	21	2.15171547767725	color=(29,145,192)
8	21	22	-0.282439827995	color=(65,182,196)
8	22	23	0.243842541535	color=(65,182,196)
8	23	24	2.0890995201375	color=(29,145,192)
8	24	25	0.622833021177501	color=(65,182,196)
8	25	26	0.316853494622499	color=(65,182,196)
8	26	27	0.2904685104625	color=(65,182,196)
8	27	28	0.879300847065	color=(65,182,196)
8	28	29	1.1611733363715	color=(29,145,192)
8	29	30	2.77847575353475	color=(29,145,192)
8	30	31	1.6188086909175	color=(29,145,192)
8	31	32	0.367748620536251	color=(65,182,196)
8	32	33	-0.625599584690001	color=(65,182,196)
8	33	34	-1.197027577835	color=(127,205,187)
8	34	35	-1.3543865401925	color=(127,205,187)
8	35	36	-0.0852088048499997	color=(65,182,196)
8	36	37	0.465146	color=(65,182,196)
8	37	38	2.243382	color=(29,145,192)
8	38	39	-0.5718218	color=(65,182,196)
8	39	40	1.237749	color=(29,145,192)
8	40	41	0.4467404	color=(65,182,196)
8	41	42	0.2830182	color=(65,182,196)
8	42	43	0.5176723	color=(65,182,196)
8	43	44	0.146091	color=(65,182,196)
8	44	45	2.522168	color=(29,145,192)
8	45	46	0.34483	color=(65,182,196)
8	46	47	2.989722	color=(29,145,192)
8	47	48	0.3192011	color=(65,182,196)
8	48	49	0.8067657	color=(65,182,196)
8	49	50	0.956553	color=(65,182,196)
8	50	51	0.7500124	color=(65,182,196)
8	51	52	1.330424	color=(29,145,192)
8	52	53	1.014791	color=(65,182,196)
8	53	54	0.135766	color=(65,182,196)
8	54	55	-0.1687387	color=(65,182,196)
8	55	56	1.234325	color=(29,145,192)
8	56	57	2.88657	color=(29,145,192)
8	57	58	0.01708655	color=(65,182,196)
8	58	59	1.348097	color=(29,145,192)
8	59	60	-0.2141082	color=(65,182,196)
8	60	61	0.007948054	color=(65,182,196)
8	61	62	1.126263	color=(29,145,192)
8	62	63	0.01130598	color=(65,182,196)
8	63	64	2.446151	color=(29,145,192)
8	64	65	-1.014759	color=(65,182,196)
8	65	66	3.159266	color=(29,145,192)
8	66	67	1.577499	color=(29,145,192)
8	67	68	2.021757	color=(29,145,192)
8	68	69	0.4123049	color=(65,182,196)
8	69	70	0.4715092	color=(65,182,196)
8	70	71	-0.4146948	color=(65,182,196)
8	71	72	-0.6160319	color=(65,182,196)
8	72	73	-0.2557256	color=(65,182,196)
8	73	74	1.383009	color=(29,145,192)
8	74	75	1.81973	color=(29,145,192)
8	75	76	1.973382	color=(29,145,192)
8	76	77	0.3962198	color=(65,182,196)
8	77	78	3.250321	color=(29,145,192)
8	78	79	0.6787934	color=(65,182,196)
8	79	80	0.7807763	color=(65,182,196)
8	80	81	1.603478	color=(29,145,192)
8	81	82	1.964929	color=(29,145,192)
8	82	83	2.235786	color=(29,145,192)
8	83	84	0.2777137	color=(65,182,196)
8	84	85	1.488113	color=(29,145,192)
8	85	86	2.283013	color=(29,145,192)
8	86	87	3.180847	color=(29,145,192)
8	87	88	3.86802	color=(34,94,168)
8	88	89	0.1583345	color=(65,182,196)
8	89	90	-0.3798492	color=(65,182,196)
8	90	91	-0.02400664	color=(65,182,196)
8	91	92	0.616235	color=(65,182,196)
8	92	93	1.075243	color=(65,182,196)
8	93	94	-0.9440669	color=(65,182,196)
8	94	95	0.1932175	color=(65,182,196)
8	95	96	0.1804119	color=(65,182,196)
8	96	97	2.962086	color=(29,145,192)
8	97	98	0.8996668	color=(65,182,196)
8	98	99	1.435157	color=(29,145,192)
8	99	100	3.995429	color=(34,94,168)
8	100	101	0.1534165	color=(65,182,196)
8	101	102	1.206435	color=(29,145,192)
8	102	103	0.689281	color=(65,182,196)
8	103	104	0.5913194	color=(65,182,196)
8	104	105	0.9415254	color=(65,182,196)
8	105	106	0.709814	color=(65,182,196)
8	106	107	1.117548	color=(29,145,192)
8	107	108	0.1436976	color=(65,182,196)
8	108	109	1.534385	color=(29,145,192)
8	109	110	-0.9092505	color=(65,182,196)
8	110	111	2.426243	color=(29,145,192)
8	111	112	0.9577814	color=(65,182,196)
8	112	113	-0.01181771	color=(65,182,196)
8	113	114	1.234514	color=(29,145,192)
8	114	115	-0.3710796	color=(65,182,196)
8	115	116	-0.4245441	color=(65,182,196)
8	116	117	-1.723033	color=(127,205,187)
8	117	118	0.5281823	color=(65,182,196)
8	118	119	1.046344	color=(65,182,196)
8	119	120	2.956186	color=(29,145,192)
8	120	121	1.404952	color=(29,145,192)
8	121	122	3.391837	color=(34,94,168)
8	122	123	1.028772	color=(65,182,196)
8	123	124	1.04203	color=(65,182,196)
9	0	1	-3.080051	color=(127,205,187)
9	1	2	-1.698805	color=(127,205,187)
9	2	3	-0.4070602	color=(65,182,196)
9	3	4	-2.385524	color=(127,205,187)
9	4	5	-1.986211	color=(127,205,187)
9	5	6	-0.9512826	color=(65,182,196)
9	6	7	-1.253009	color=(127,205,187)
9	7	8	-4.441723	color=(199,233,180)
9	8	9	-1.920551	color=(127,205,187)
9	9	10	-2.057282	color=(127,205,187)
9	10	11	-2.953512	color=(127,205,187)
9	11	12	-4.221632	color=(199,233,180)
9	12	13	-2.926393	color=(127,205,187)
9	13	14	-0.6719471	color=(65,182,196)
9	14	15	-1.227405	color=(127,205,187)
9	15	16	-1.152372	color=(127,205,187)
9	16	17	-2.526865	color=(127,205,187)
9	17	18	-3.763043	color=(199,233,180)
9	18	19	-2.510099	color=(127,205,187)
9	19	20	-2.026526	color=(127,205,187)
9	20	21	-4.762729	color=(199,233,180)
9	21	22	-3.804935	color=(199,233,180)
9	22	23	-3.38993	color=(199,233,180)
9	23	24	-4.054955	color=(199,233,180)
9	24	25	-2.163887	color=(127,205,187)
9	25	26	-4.837406	color=(199,233,180)
9	26	27	-2.801371	color=(127,205,187)
9	27	28	-2.744698	color=(127,205,187)
9	28	29	-2.094228	color=(127,205,187)
9	29	30	-1.499565	color=(127,205,187)
9	30	31	-2.022175	color=(127,205,187)
9	31	32	-4.527437	color=(199,233,180)
9	32	33	-1.576991	color=(127,205,187)
9	33	34	-2.149326	color=(127,205,187)
9	34	35	-1.786162	color=(127,205,187)
9	35	36	-3.541993	color=(199,233,180)
9	36	37	-3.889223	color=(199,233,180)
9	37	38	-2.035232	color=(127,205,187)
9	38	39	-1.448904	color=(127,205,187)
9	39	40	-2.32227	color=(127,205,187)
9	40	41	-3.52595	color=(199,233,180)
9	41	42	-4.319705	color=(199,233,180)
9	42	43	-2.820002	color=(127,205,187)
9	43	44	-1.675241	color=(127,205,187)
9	44	45	-0.8231231	color=(65,182,196)
9	45	46	-4.098855	color=(199,233,180)
9	46	47	-0.6216388	color=(65,182,196)
9	47	48	-2.061936	color=(127,205,187)
9	48	49	-0.9428252	color=(65,182,196)
9	49	50	-1.518754	color=(127,205,187)
9	50	51	-3.210568	color=(127,205,187)
9	51	52	-4.120446	color=(199,233,180)
9	52	53	-3.783805	color=(199,233,180)
9	53	54	-1.267013	color=(127,205,187)
9	54	55	-2.921436	color=(127,205,187)
9	55	56	-2.315888	color=(127,205,187)
9	56	57	-3.122701	color=(127,205,187)
9	57	58	-1.753157	color=(127,205,187)
9	58	59	-3.498208	color=(199,233,180)
9	59	60	-1.937365	color=(127,205,187)
