1	0	1	1.4908418144775	color=(29,145,192)
1	1	2	2.1952747034525	color=(29,145,192)
1	2	3	0.526822474507501	color=(65,182,196)
1	3	4	1.3988555979675	color=(29,145,192)
1	4	5	1.2952020506075	color=(29,145,192)
1	5	6	0.787946214149999	color=(65,182,196)
1	6	7	1.1477714848875	color=(29,145,192)
1	7	8	3.02730405759	color=(29,145,192)
1	8	9	2.6470321272075	color=(29,145,192)
1	9	10	2.7461440860569	color=(29,145,192)
1	10	11	1.134137233075	color=(29,145,192)
1	11	12	0.4999745874225	color=(65,182,196)
1	12	13	0.0874755608250002	color=(65,182,196)
1	13	14	2.5611349679275	color=(29,145,192)
1	14	15	-0.40189401151	color=(65,182,196)
1	15	16	1.74514422974562	color=(29,145,192)
1	16	17	2.2176128904755	color=(29,145,192)
1	17	18	1.66184324539	color=(29,145,192)
1	18	19	-0.6546856308255	color=(65,182,196)
1	19	20	0.07937222346075	color=(65,182,196)
1	20	21	2.1122850037515	color=(29,145,192)
1	21	22	1.81858310203	color=(29,145,192)
1	22	23	0.0527579982424999	color=(65,182,196)
1	23	24	2.1918456272025	color=(29,145,192)
1	24	25	3.7117842410225	color=(34,94,168)
1	25	26	2.656071191945	color=(29,145,192)
1	26	27	2.0841018936025	color=(29,145,192)
1	27	28	2.1701429967875	color=(29,145,192)
1	28	29	1.28028842555	color=(29,145,192)
1	29	30	1.968383725507	color=(29,145,192)
1	30	31	2.4570315265125	color=(29,145,192)
1	31	32	1.66957233896	color=(29,145,192)
1	32	33	1.0679788605125	color=(65,182,196)
1	33	34	3.099157808682	color=(29,145,192)
1	34	35	1.5562027885125	color=(29,145,192)
1	35	36	1.1577795039325	color=(29,145,192)
1	36	37	3.8027462713325	color=(34,94,168)
1	37	38	0.0517141539345	color=(65,182,196)
1	38	39	-0.4745042597135	color=(65,182,196)
1	39	40	0.604131281540001	color=(65,182,196)
1	40	41	3.114220453115	color=(29,145,192)
1	41	42	0.029111923366	color=(65,182,196)
1	42	43	0.91968027145925	color=(65,182,196)
1	43	44	2.88997426519975	color=(29,145,192)
1	44	45	0.7546798897	color=(65,182,196)
1	45	46	2.3826867480375	color=(29,145,192)
1	46	47	1.676767034535	color=(29,145,192)
1	47	48	0.11120220745	color=(65,182,196)
1	48	49	2.11278224769	color=(29,145,192)
1	49	50	0.777790507624999	color=(65,182,196)
1	50	51	2.87586790763	color=(29,145,192)
1	51	52	2.2498104560685	color=(29,145,192)
1	52	53	2.824289637005	color=(29,145,192)
1	53	54	1.361931617785	color=(29,145,192)
1	54	55	2.1001869778025	color=(29,145,192)
1	55	56	0.316270466545	color=(65,182,196)
1	56	57	2.703857148225	color=(29,145,192)
1	57	58	3.5247825850625	color=(34,94,168)
1	58	59	2.1557866312975	color=(29,145,192)
1	59	60	3.90960397443	color=(34,94,168)
1	60	61	1.07366514131	color=(65,182,196)
1	61	62	1.31634168595	color=(29,145,192)
1	62	63	0.116149634425	color=(65,182,196)
1	63	64	-0.2107833731775	color=(65,182,196)
1	64	65	0.525081864272501	color=(65,182,196)
1	65	66	-0.45164525681775	color=(65,182,196)
1	66	67	1.039618131942	color=(65,182,196)
1	67	68	1.55108870021	color=(29,145,192)
1	68	69	0.4479391330745	color=(65,182,196)
1	69	70	1.4585303181025	color=(29,145,192)
1	70	71	-0.262349116219999	color=(65,182,196)
1	71	72	1.2630313836675	color=(29,145,192)
1	72	73	0.9403285007625	color=(65,182,196)
1	73	74	0.346407745787499	color=(65,182,196)
1	74	75	-0.215805750383	color=(65,182,196)
1	75	76	1.41697118137	color=(29,145,192)
1	76	77	1.5032886038475	color=(29,145,192)
1	77	78	-0.0597908736449995	color=(65,182,196)
1	78	79	1.413308412565	color=(29,145,192)
1	79	80	1.39072384557925	color=(29,145,192)
1	80	81	2.75314860925575	color=(29,145,192)
1	81	82	-0.2096354815575	color=(65,182,196)
1	82	83	1.822897253235	color=(29,145,192)
1	83	84	2.384388553639	color=(29,145,192)
1	84	85	3.09451377748	color=(29,145,192)
1	85	86	2.6406335778275	color=(29,145,192)
1	86	87	-0.2397571433975	color=(65,182,196)
1	87	88	2.51290780291175	color=(29,145,192)
1	88	89	2.6160103715175	color=(29,145,192)
1	89	90	2.38060783983	color=(29,145,192)
1	90	91	1.9570643718825	color=(29,145,192)
1	91	92	2.11200431965	color=(29,145,192)
1	92	93	3.309966457885	color=(29,145,192)
1	93	94	0.31854696968365	color=(65,182,196)
1	94	95	0.763311877352	color=(65,182,196)
1	95	96	1.88957547592	color=(29,145,192)
1	96	97	1.51936709925425	color=(29,145,192)
1	97	98	1.442561650255	color=(29,145,192)
1	98	99	1.925754125325	color=(29,145,192)
1	99	100	-0.38495283715435	color=(65,182,196)
1	100	101	1.48563963314525	color=(29,145,192)
1	101	102	1.9363978200125	color=(29,145,192)
1	102	103	0.0541560864299999	color=(65,182,196)
1	103	104	1.327422095025	color=(29,145,192)
1	104	105	1.83814849103125	color=(29,145,192)
1	105	106	2.1581412396955	color=(29,145,192)
1	106	107	2.51542741127005	color=(29,145,192)
1	107	108	2.0977079815175	color=(29,145,192)
1	108	109	1.21687696446	color=(29,145,192)
1	109	110	1.38745740763775	color=(29,145,192)
1	110	111	0.73510661388875	color=(65,182,196)
1	111	112	2.516479927125	color=(29,145,192)
1	112	113	0.135924749175	color=(65,182,196)
1	113	114	0.7873893834375	color=(65,182,196)
1	114	115	1.922954999695	color=(29,145,192)
1	115	116	1.311429290335	color=(29,145,192)
1	116	117	1.74844106206	color=(29,145,192)
1	117	118	1.330508227153	color=(29,145,192)
1	118	119	1.3811218975065	color=(29,145,192)
1	119	120	1.0561772484825	color=(65,182,196)
1	120	121	2.08644035855	color=(29,145,192)
1	121	122	2.23942729631	color=(29,145,192)
1	122	123	0.8301484273985	color=(65,182,196)
1	123	124	0.8751300744175	color=(65,182,196)
1	124	125	2.9413779076705	color=(29,145,192)
1	125	126	0.6163768689125	color=(65,182,196)
1	126	127	1.72114103345	color=(29,145,192)
1	127	128	0.9002584901125	color=(65,182,196)
1	128	129	-0.49551471746	color=(65,182,196)
1	129	130	2.36978959790705	color=(29,145,192)
1	130	131	0.949666122750001	color=(65,182,196)
1	131	132	2.652441455755	color=(29,145,192)
1	132	133	1.8304655664325	color=(29,145,192)
1	133	134	1.7107723096525	color=(29,145,192)
1	134	135	4.2804604274525	color=(34,94,168)
1	135	136	4.1298070563625	color=(34,94,168)
1	136	137	1.236704989175	color=(29,145,192)
1	137	138	2.83933312555	color=(29,145,192)
1	138	139	1.311083249125	color=(29,145,192)
1	139	140	0.74349683788325	color=(65,182,196)
1	140	141	0.159502800812501	color=(65,182,196)
1	141	142	0.598261160985	color=(65,182,196)
1	142	143	0.95131899148225	color=(65,182,196)
1	143	144	0.221149797815	color=(65,182,196)
1	144	145	2.495285907165	color=(29,145,192)
1	145	146	1.06894223495	color=(65,182,196)
1	146	147	0.0423187839750003	color=(65,182,196)
1	147	148	2.3374343031525	color=(29,145,192)
1	148	149	1.1643430275425	color=(29,145,192)
1	149	150	2.17454879955	color=(29,145,192)
1	150	151	0.783966559950001	color=(65,182,196)
1	151	152	1.07166216119	color=(65,182,196)
1	152	153	1.4621192201275	color=(29,145,192)
1	153	154	0.4046157979925	color=(65,182,196)
1	154	155	-0.738666708959475	color=(65,182,196)
1	155	156	-0.32893335676175	color=(65,182,196)
1	156	157	1.398483307807	color=(29,145,192)
1	157	158	2.386263669335	color=(29,145,192)
1	158	159	0.5790937149625	color=(65,182,196)
1	159	160	0.2802639741115	color=(65,182,196)
1	160	161	0.1922990808675	color=(65,182,196)
1	161	162	2.82536530308955	color=(29,145,192)
1	162	163	0.4330285738475	color=(65,182,196)
1	163	164	1.789812857025	color=(29,145,192)
1	164	165	2.108698625275	color=(29,145,192)
1	165	166	1.497967850052	color=(29,145,192)
1	166	167	1.62588236001	color=(29,145,192)
1	167	168	2.513660099745	color=(29,145,192)
1	168	169	1.7805968873075	color=(29,145,192)
1	169	170	0.76458621902	color=(65,182,196)
1	170	171	2.2103600162975	color=(29,145,192)
1	171	172	2.9989327099055	color=(29,145,192)
1	172	173	1.500836017261	color=(29,145,192)
1	173	174	1.748077928915	color=(29,145,192)
1	174	175	2.0732185935	color=(29,145,192)
1	175	176	2.1983331973105	color=(29,145,192)
1	176	177	0.92849660436925	color=(65,182,196)
1	177	178	2.219439089045	color=(29,145,192)
1	178	179	0.226776494442499	color=(65,182,196)
1	179	180	0.726114302667499	color=(65,182,196)
1	180	181	2.80133393945325	color=(29,145,192)
1	181	182	2.058952252555	color=(29,145,192)
1	182	183	2.6034859060375	color=(29,145,192)
1	183	184	3.11310897222575	color=(29,145,192)
1	184	185	2.354577082955	color=(29,145,192)
1	185	186	3.5607834522525	color=(34,94,168)
1	186	187	2.18620276358	color=(29,145,192)
1	187	188	0.0364514008725001	color=(65,182,196)
1	188	189	1.02845952511325	color=(65,182,196)
1	189	190	2.3127494478025	color=(29,145,192)
1	190	191	3.26673385596225	color=(29,145,192)
1	191	192	2.5880700794925	color=(29,145,192)
1	192	193	3.5960116986945	color=(34,94,168)
1	193	194	2.90338273652	color=(29,145,192)
1	194	195	1.0907777822375	color=(65,182,196)
1	195	196	1.61649474820375	color=(29,145,192)
1	196	197	1.4852085772425	color=(29,145,192)
1	197	198	2.025114866275	color=(29,145,192)
1	198	199	2.0903266965775	color=(29,145,192)
1	199	200	2.141427127635	color=(29,145,192)
1	200	201	2.598099077643	color=(29,145,192)
1	201	202	1.31228074218328	color=(29,145,192)
1	202	203	1.882407388835	color=(29,145,192)
1	203	204	1.3647482158655	color=(29,145,192)
1	204	205	0.8860937697525	color=(65,182,196)
1	205	206	2.15427701645975	color=(29,145,192)
1	206	207	2.18863201134025	color=(29,145,192)
1	207	208	1.897841621605	color=(29,145,192)
1	208	209	3.20715749816	color=(29,145,192)
1	209	210	1.3073948919025	color=(29,145,192)
1	210	211	3.35571500296	color=(34,94,168)
1	211	212	3.22472363038425	color=(29,145,192)
1	212	213	2.1044525228895	color=(29,145,192)
1	213	214	1.2062622939685	color=(29,145,192)
1	214	215	2.4839621997675	color=(29,145,192)
1	215	216	0.877983525782501	color=(65,182,196)
1	216	217	2.862609333755	color=(29,145,192)
1	217	218	1.6222153353575	color=(29,145,192)
1	218	219	1.751951695715	color=(29,145,192)
1	219	220	1.984988091675	color=(29,145,192)
1	220	221	1.90859767036	color=(29,145,192)
1	221	222	1.264589764575	color=(29,145,192)
1	222	223	2.076892805125	color=(29,145,192)
1	223	224	1.87675593651225	color=(29,145,192)
1	224	225	1.8577198560325	color=(29,145,192)
1	225	226	-0.256615766865	color=(65,182,196)
1	226	227	2.60353700927688	color=(29,145,192)
1	227	228	1.7623136096725	color=(29,145,192)
1	228	229	-0.50003450676075	color=(65,182,196)
1	229	230	1.407370404814	color=(29,145,192)
1	230	231	1.4781410445225	color=(29,145,192)
1	231	232	1.223853565585	color=(29,145,192)
1	232	233	0.8109945222	color=(65,182,196)
1	233	234	1.3115132312425	color=(29,145,192)
1	234	235	3.15045367788	color=(29,145,192)
1	235	236	1.8846648123575	color=(29,145,192)
1	236	237	1.77834523094307	color=(29,145,192)
1	237	238	0.901161662842499	color=(65,182,196)
1	238	239	1.679730133615	color=(29,145,192)
2	0	1	2.14809819192475	color=(29,145,192)
2	1	2	-0.59805645370125	color=(65,182,196)
2	2	3	0.330375491120001	color=(65,182,196)
2	3	4	-4.0730068529206	color=(199,233,180)
2	4	5	1.4167274588725	color=(29,145,192)
2	5	6	-0.52129259931475	color=(65,182,196)
2	6	7	0.2884167845475	color=(65,182,196)
2	7	8	-1.0686219629975	color=(65,182,196)
2	8	9	-1.002557004485	color=(65,182,196)
2	9	10	-0.0086681600849996	color=(65,182,196)
2	10	11	-0.181692468137	color=(65,182,196)
2	11	12	-0.3756276121125	color=(65,182,196)
2	12	13	-2.4104469957875	color=(127,205,187)
2	13	14	-0.114197005451	color=(65,182,196)
2	14	15	-1.6334807840675	color=(127,205,187)
2	15	16	-3.8528702477775	color=(199,233,180)
2	16	17	-3.429096406967	color=(199,233,180)
2	17	18	2.82157761604825	color=(29,145,192)
2	18	19	-1.18477011956	color=(127,205,187)
2	19	20	0.0549529772729995	color=(65,182,196)
2	20	21	-0.794257487409999	color=(65,182,196)
2	21	22	-2.6258474950325	color=(127,205,187)
2	22	23	-1.35352252291	color=(127,205,187)
2	23	24	0.22715197478	color=(65,182,196)
2	24	25	-0.3155771470275	color=(65,182,196)
2	25	26	-1.7652488884	color=(127,205,187)
2	26	27	-0.40691069865	color=(65,182,196)
2	27	28	1.37039318195931	color=(29,145,192)
2	28	29	-0.554823657732499	color=(65,182,196)
2	29	30	-3.277058855625	color=(127,205,187)
2	30	31	-2.314972715895	color=(127,205,187)
2	31	32	-0.8869734423675	color=(65,182,196)
2	32	33	-0.8297640231725	color=(65,182,196)
2	33	34	-0.569044996585	color=(65,182,196)
2	34	35	1.3355993903975	color=(29,145,192)
2	35	36	1.34191776704	color=(29,145,192)
2	36	37	-3.76989443123325	color=(199,233,180)
2	37	38	-2.5432775867256	color=(127,205,187)
2	38	39	-0.1264503998625	color=(65,182,196)
2	39	40	-4.411427162421	color=(199,233,180)
2	40	41	0.29150953855475	color=(65,182,196)
2	41	42	0.7893990126075	color=(65,182,196)
2	42	43	0.0216772971628254	color=(65,182,196)
2	43	44	-0.619619198445	color=(65,182,196)
2	44	45	-3.85294499570925	color=(199,233,180)
2	45	46	0.548855000945	color=(65,182,196)
2	46	47	-1.7889802570075	color=(127,205,187)
2	47	48	2.21358475367	color=(29,145,192)
2	48	49	-1.007200868567	color=(65,182,196)
2	49	50	-2.88981382369	color=(127,205,187)
2	50	51	-1.872439278525	color=(127,205,187)
2	51	52	1.8584841489025	color=(29,145,192)
2	52	53	1.12081621618025	color=(29,145,192)
2	53	54	0.0731955384275	color=(65,182,196)
2	54	55	1.0776175747875	color=(65,182,196)
2	55	56	-1.94377786584354	color=(127,205,187)
2	56	57	1.31747308928075	color=(29,145,192)
2	57	58	-1.76789754770725	color=(127,205,187)
2	58	59	0.49988945464	color=(65,182,196)
2	59	60	-0.9266364390155	color=(65,182,196)
2	60	61	2.11691526962225	color=(29,145,192)
2	61	62	-1.97795260383925	color=(127,205,187)
2	62	63	-1.84277962065	color=(127,205,187)
2	63	64	-3.5898989898375	color=(199,233,180)
2	64	65	-1.41716511756	color=(127,205,187)
2	65	66	0.26193949482475	color=(65,182,196)
2	66	67	0.0276679498174994	color=(65,182,196)
2	67	68	-2.5190953913825	color=(127,205,187)
2	68	69	-1.297178607683	color=(127,205,187)
2	69	70	-2.54551368293575	color=(127,205,187)
2	70	71	-0.0326204366475	color=(65,182,196)
2	71	72	-4.80331852982425	color=(199,233,180)
2	72	73	-0.16420678323275	color=(65,182,196)
2	73	74	-1.487053535315	color=(127,205,187)
2	74	75	2.6890613834245	color=(29,145,192)
2	75	76	-0.45283507884675	color=(65,182,196)
2	76	77	1.1939114933625	color=(29,145,192)
2	77	78	-2.638356107279	color=(127,205,187)
2	78	79	-2.0011369471575	color=(127,205,187)
2	79	80	0.9215642549775	color=(65,182,196)
2	80	81	2.970701422569	color=(29,145,192)
2	81	82	0.0144162645125006	color=(65,182,196)
2	82	83	0.818857035724999	color=(65,182,196)
2	83	84	0.809385148511	color=(65,182,196)
2	84	85	-2.497207820815	color=(127,205,187)
2	85	86	1.4960072102575	color=(29,145,192)
2	86	87	1.0422830461695	color=(65,182,196)
2	87	88	-1.1519944109335	color=(127,205,187)
2	88	89	-2.55749081068725	color=(127,205,187)
2	89	90	0.0932310535325005	color=(65,182,196)
2	90	91	-0.0527576577432498	color=(65,182,196)
2	91	92	1.12300686848	color=(29,145,192)
2	92	93	1.178839997248	color=(29,145,192)
3	0	1	7.50549245947525	color=(37,52,148)
3	1	2	6.42818471844625	color=(37,52,148)
3	2	3	3.9076086898225	color=(34,94,168)
3	3	4	4.36667279684135	color=(34,94,168)
3	4	5	5.22579630256042	color=(34,94,168)
3	5	6	5.34370985867225	color=(34,94,168)
3	6	7	3.76541632907825	color=(34,94,168)
3	7	8	5.09713353334875	color=(34,94,168)
3	8	9	5.39325230353825	color=(34,94,168)
3	9	10	4.42580449985317	color=(34,94,168)
3	10	11	6.73945092931875	color=(37,52,148)
3	11	12	4.39673082728175	color=(34,94,168)
3	12	13	3.34202905849775	color=(34,94,168)
3	13	14	3.98451051782075	color=(34,94,168)
3	14	15	6.22762411318375	color=(37,52,148)
3	15	16	4.4566614556805	color=(34,94,168)
3	16	17	5.995954906965	color=(37,52,148)
3	17	18	3.9173966582075	color=(34,94,168)
3	18	19	4.39238895364675	color=(34,94,168)
3	19	20	3.3479651370795	color=(34,94,168)
3	20	21	5.2847395948725	color=(34,94,168)
3	21	22	3.01813967861	color=(29,145,192)
3	22	23	3.76105646926	color=(34,94,168)
3	23	24	3.38953574270225	color=(34,94,168)
3	24	25	4.59704837993175	color=(34,94,168)
3	25	26	2.76987109853	color=(29,145,192)
3	26	27	5.1304821294825	color=(34,94,168)
3	27	28	5.613181747751	color=(37,52,148)
3	28	29	6.4332623062835	color=(37,52,148)
3	29	30	5.57313794184425	color=(37,52,148)
3	30	31	5.11996903376575	color=(34,94,168)
3	31	32	2.5149460914945	color=(29,145,192)
3	32	33	5.5271691789785	color=(34,94,168)
3	33	34	4.557938507485	color=(34,94,168)
3	34	35	4.89447063181675	color=(34,94,168)
3	35	36	4.609891286386	color=(34,94,168)
3	36	37	5.6463650023966	color=(37,52,148)
3	37	38	6.1021716865525	color=(37,52,148)
3	38	39	2.87843984565285	color=(29,145,192)
3	39	40	3.4266332459525	color=(34,94,168)
3	40	41	3.53091532703375	color=(34,94,168)
3	41	42	7.60031323072025	color=(37,52,148)
3	42	43	4.1137934119875	color=(34,94,168)
3	43	44	3.7943165219965	color=(34,94,168)
3	44	45	4.788949962071	color=(34,94,168)
3	45	46	4.51677392872445	color=(34,94,168)
3	46	47	4.14236727866	color=(34,94,168)
3	47	48	5.979102797119	color=(37,52,148)
3	48	49	3.451839837775	color=(34,94,168)
3	49	50	2.4186150785765	color=(29,145,192)
3	50	51	4.24225548088425	color=(34,94,168)
3	51	52	3.7313972602475	color=(34,94,168)
3	52	53	3.99607750373775	color=(34,94,168)
3	53	54	6.6668822544875	color=(37,52,148)
3	54	55	5.9534279887585	color=(37,52,148)
3	55	56	6.3986732236775	color=(37,52,148)
3	56	57	5.0971051624225	color=(34,94,168)
3	57	58	3.5373044668825	color=(34,94,168)
3	58	59	4.01790055438275	color=(34,94,168)
3	59	60	6.3146772654765	color=(37,52,148)
3	60	61	4.2256429117	color=(34,94,168)
3	61	62	3.32504091908763	color=(34,94,168)
3	62	63	7.91143147228075	color=(8,29,88)
3	63	64	3.340369672912	color=(34,94,168)
3	64	65	5.672190769279	color=(37,52,148)
3	65	66	5.619125652985	color=(37,52,148)
3	66	67	5.47774612202625	color=(34,94,168)
3	67	68	4.04234591356775	color=(34,94,168)
3	68	69	5.16413900178752	color=(34,94,168)
3	69	70	4.38309506927015	color=(34,94,168)
3	70	71	6.30793060775108	color=(37,52,148)
3	71	72	5.691123341283	color=(37,52,148)
3	72	73	4.5373581819525	color=(34,94,168)
3	73	74	3.73243647692031	color=(34,94,168)
3	74	75	3.98955763475675	color=(34,94,168)
3	75	76	6.30801728052875	color=(37,52,148)
3	76	77	3.862921811839	color=(34,94,168)
3	77	78	6.04122610791	color=(37,52,148)
3	78	79	6.1148871180525	color=(37,52,148)
3	79	80	6.009634258273	color=(37,52,148)
3	80	81	4.03177110595975	color=(34,94,168)
3	81	82	4.502128225811	color=(34,94,168)
3	82	83	4.0109909307375	color=(34,94,168)
3	83	84	4.936452969015	color=(34,94,168)
3	84	85	5.4833530062575	color=(34,94,168)
3	85	86	5.60478204897725	color=(37,52,148)
3	86	87	3.7898145753625	color=(34,94,168)
3	87	88	5.59898333867024	color=(37,52,148)
3	88	89	5.1510189224375	color=(34,94,168)
3	89	90	5.073328381706	color=(34,94,168)
3	90	91	4.5881343513935	color=(34,94,168)
3	91	92	4.17143336084875	color=(34,94,168)
3	92	93	5.0200735717275	color=(34,94,168)
3	93	94	3.89058734689133	color=(34,94,168)
3	94	95	3.32807624449808	color=(34,94,168)
3	95	96	5.54329816624375	color=(37,52,148)
3	96	97	5.0789341618625	color=(34,94,168)
3	97	98	4.87516932200175	color=(34,94,168)
3	98	99	5.468366069065	color=(34,94,168)
3	99	100	5.3970359893375	color=(34,94,168)
3	100	101	2.7975095986635	color=(29,145,192)
3	101	102	5.41473479772825	color=(34,94,168)
3	102	103	3.55001850026175	color=(34,94,168)
3	103	104	5.12392810068175	color=(34,94,168)
3	104	105	5.430071684006	color=(34,94,168)
3	105	106	3.44742472579907	color=(34,94,168)
3	106	107	4.1974448088395	color=(34,94,168)
3	107	108	5.9536042516775	color=(37,52,148)
3	108	109	2.538789786817	color=(29,145,192)
3	109	110	6.59928991106825	color=(37,52,148)
3	110	111	2.2549922991725	color=(29,145,192)
3	111	112	6.0409926678355	color=(37,52,148)
3	112	113	5.4406406841975	color=(34,94,168)
3	113	114	5.647842327393	color=(37,52,148)
3	114	115	2.84358377788725	color=(29,145,192)
3	115	116	5.92995704598075	color=(37,52,148)
3	116	117	3.90526591706675	color=(34,94,168)
3	117	118	5.532743027565	color=(34,94,168)
3	118	119	5.151507776215	color=(34,94,168)
3	119	120	4.55861494234362	color=(34,94,168)
3	120	121	3.090954370351	color=(29,145,192)
3	121	122	5.93185397420275	color=(37,52,148)
3	122	123	4.0865536283755	color=(34,94,168)
3	123	124	5.32945631842825	color=(34,94,168)
3	124	125	3.88941717700975	color=(34,94,168)
3	125	126	4.92292132358975	color=(34,94,168)
3	126	127	5.47198781374	color=(34,94,168)
3	127	128	4.037343596438	color=(34,94,168)
3	128	129	5.08022610766	color=(34,94,168)
4	0	1	-1.94011720348	color=(127,205,187)
4	1	2	-5.49189147423	color=(199,233,180)
4	2	3	-2.4213168985275	color=(127,205,187)
4	3	4	-4.176308630855	color=(199,233,180)
4	4	5	-3.26294245759	color=(127,205,187)
4	5	6	-2.687614563555	color=(127,205,187)
4	6	7	-3.3791395491495	color=(199,233,180)
4	7	8	-4.6834290483825	color=(199,233,180)
4	8	9	-3.535069295445	color=(199,233,180)
4	9	10	-2.80917956696	color=(127,205,187)
4	10	11	-4.2426053802275	color=(199,233,180)
4	11	12	-2.4855548326425	color=(127,205,187)
4	12	13	-2.62170859235	color=(127,205,187)
4	13	14	-2.196850603565	color=(127,205,187)
4	14	15	-2.39273449526	color=(127,205,187)
4	15	16	-4.2567152231725	color=(199,233,180)
4	16	17	-3.402655737959	color=(199,233,180)
4	17	18	-5.56117886663475	color=(237,248,177)
4	18	19	-1.9384404020375	color=(127,205,187)
4	19	20	-3.9804349249325	color=(199,233,180)
4	20	21	-1.6681243610175	color=(127,205,187)
4	21	22	-2.07499638644	color=(127,205,187)
4	22	23	-3.0826944650425	color=(127,205,187)
4	23	24	-1.2718188841775	color=(127,205,187)
4	24	25	-4.725798714395	color=(199,233,180)
4	25	26	-1.5312787064925	color=(127,205,187)
4	26	27	-2.9769167577575	color=(127,205,187)
4	27	28	-4.3334269437925	color=(199,233,180)
4	28	29	-4.59558585633	color=(199,233,180)
4	29	30	-2.046324714025	color=(127,205,187)
4	30	31	-3.45303955291	color=(199,233,180)
4	31	32	-4.285332792415	color=(199,233,180)
4	32	33	-2.555563539435	color=(127,205,187)
4	33	34	-2.7808945809775	color=(127,205,187)
4	34	35	-2.62160675549	color=(127,205,187)
4	35	36	-1.896189061885	color=(127,205,187)
4	36	37	-2.212077425395	color=(127,205,187)
4	37	38	-2.292137995675	color=(127,205,187)
4	38	39	-2.5901877551755	color=(127,205,187)
4	39	40	-3.82782817361	color=(199,233,180)
4	40	41	-2.45605565535525	color=(127,205,187)
4	41	42	-2.1825188467525	color=(127,205,187)
4	42	43	-4.6379614615675	color=(199,233,180)
4	43	44	-5.2769333617025	color=(199,233,180)
4	44	45	-4.5498239834125	color=(199,233,180)
4	45	46	-3.551052958025	color=(199,233,180)
4	46	47	-3.2688116133425	color=(127,205,187)
4	47	48	-3.865891946926	color=(199,233,180)
4	48	49	-3.28633221178175	color=(127,205,187)
4	49	50	-5.67327446375	color=(237,248,177)
4	50	51	-1.47490676297	color=(127,205,187)
4	51	52	-3.2482394299025	color=(127,205,187)
4	52	53	-5.094664181934	color=(199,233,180)
4	53	54	-4.191517770575	color=(199,233,180)
4	54	55	-0.8679935484875	color=(65,182,196)
4	55	56	-4.97648686110775	color=(199,233,180)
4	56	57	-3.5990591697335	color=(199,233,180)
4	57	58	-2.7579574102375	color=(127,205,187)
4	58	59	-3.9913688264325	color=(199,233,180)
4	59	60	-3.3333339080975	color=(127,205,187)
4	60	61	-3.40957899800125	color=(199,233,180)
4	61	62	-3.50002088553	color=(199,233,180)
4	62	63	-3.1243559461175	color=(127,205,187)
4	63	64	-2.78804163441	color=(127,205,187)
4	64	65	-3.52427469523218	color=(199,233,180)
4	65	66	-1.8869017518525	color=(127,205,187)
4	66	67	-2.85723879969	color=(127,205,187)
4	67	68	-2.43068283791	color=(127,205,187)
4	68	69	-2.97000599783475	color=(127,205,187)
4	69	70	-2.57204693027	color=(127,205,187)
4	70	71	-3.9447341891675	color=(199,233,180)
5	0	1	-1.31449114099225	color=(127,205,187)
5	1	2	1.406604588915	color=(29,145,192)
5	2	3	0.6245352384	color=(65,182,196)
5	3	4	0.28554957115	color=(65,182,196)
5	4	5	0.274880887657501	color=(65,182,196)
5	5	6	-0.805398890579999	color=(65,182,196)
5	6	7	-0.2863895365675	color=(65,182,196)
5	7	8	-0.71842616797	color=(65,182,196)
5	8	9	-0.153070179635	color=(65,182,196)
5	9	10	-0.98653152004	color=(65,182,196)
5	10	11	-0.813065490605	color=(65,182,196)
5	11	12	0.3418401384875	color=(65,182,196)
5	12	13	-1.4923854714535	color=(127,205,187)
5	13	14	-0.47988345305	color=(65,182,196)
5	14	15	-1.07616101409755	color=(65,182,196)
5	15	16	0.7448318406525	color=(65,182,196)
5	16	17	0.11462237631	color=(65,182,196)
5	17	18	-0.1587429029601	color=(65,182,196)
5	18	19	0.5922853004025	color=(65,182,196)
5	19	20	1.0804063297725	color=(65,182,196)
5	20	21	-1.25028351504	color=(127,205,187)
5	21	22	-1.046244283829	color=(65,182,196)
5	22	23	0.20790124419025	color=(65,182,196)
5	23	24	2.0639554201275	color=(29,145,192)
5	24	25	-1.1439358255175	color=(127,205,187)
5	25	26	-1.2658991477975	color=(127,205,187)
5	26	27	-0.7175172333975	color=(65,182,196)
5	27	28	-0.2774096238875	color=(65,182,196)
5	28	29	-0.943940705505	color=(65,182,196)
5	29	30	1.4170836356375	color=(29,145,192)
5	30	31	-1.1644078288418	color=(127,205,187)
5	31	32	2.692040671775	color=(29,145,192)
5	32	33	-0.309375752762501	color=(65,182,196)
5	33	34	-1.7229438277025	color=(127,205,187)
5	34	35	-1.13450372240737	color=(127,205,187)
5	35	36	0.5058558912975	color=(65,182,196)
5	36	37	2.4812796683425	color=(29,145,192)
5	37	38	-1.0756481395975	color=(65,182,196)
5	38	39	0.1048176892825	color=(65,182,196)
5	39	40	-0.675750660075	color=(65,182,196)
5	40	41	1.4600662363425	color=(29,145,192)
5	41	42	-0.833878162122501	color=(65,182,196)
5	42	43	-1.52837575555	color=(127,205,187)
5	43	44	-0.781277801965	color=(65,182,196)
5	44	45	0.2239582822775	color=(65,182,196)
5	45	46	0.798189346600001	color=(65,182,196)
5	46	47	1.1491077640975	color=(29,145,192)
5	47	48	0.5722643448525	color=(65,182,196)
5	48	49	0.346539525699999	color=(65,182,196)
5	49	50	0.5978035253975	color=(65,182,196)
5	50	51	1.54282814788	color=(29,145,192)
5	51	52	-0.8200061773325	color=(65,182,196)
5	52	53	2.4737846816375	color=(29,145,192)
5	53	54	2.8058015966375	color=(29,145,192)
5	54	55	0.112882407824999	color=(65,182,196)
5	55	56	-1.3395649129825	color=(127,205,187)
5	56	57	-0.0528663224675001	color=(65,182,196)
5	57	58	-1.1784902408005	color=(127,205,187)
5	58	59	-1.677052944945	color=(127,205,187)
5	59	60	0.1569572363175	color=(65,182,196)
5	60	61	1.287927322895	color=(29,145,192)
5	61	62	0.750053785237499	color=(65,182,196)
5	62	63	-0.178516900645	color=(65,182,196)
5	63	64	-0.000480716374999801	color=(65,182,196)
5	64	65	-0.178579282599999	color=(65,182,196)
5	65	66	-0.0272260598449998	color=(65,182,196)
5	66	67	3.4292384931225	color=(34,94,168)
5	67	68	-0.8995011434475	color=(65,182,196)
5	68	69	-1.360849745665	color=(127,205,187)
5	69	70	0.5908443896525	color=(65,182,196)
5	70	71	1.5110466564625	color=(29,145,192)
5	71	72	-0.76153154914	color=(65,182,196)
5	72	73	1.0497048210275	color=(65,182,196)
5	73	74	0.8771488955725	color=(65,182,196)
5	74	75	-1.6176452570725	color=(127,205,187)
5	75	76	1.9843057453925	color=(29,145,192)
5	76	77	-1.633582057595	color=(127,205,187)
5	77	78	-0.2050520540795	color=(65,182,196)
5	78	79	1.7659477264075	color=(29,145,192)
5	79	80	0.5648357136225	color=(65,182,196)
5	80	81	0.73050372762	color=(65,182,196)
5	81	82	-1.538270572625	color=(127,205,187)
5	82	83	2.2173776580125	color=(29,145,192)
5	83	84	0.4192205216	color=(65,182,196)
5	84	85	-0.595521351512499	color=(65,182,196)
5	85	86	2.03268235829925	color=(29,145,192)
5	86	87	-0.814977475325	color=(65,182,196)
5	87	88	0.437122116399999	color=(65,182,196)
5	88	89	-1.0103857321895	color=(65,182,196)
5	89	90	-0.489388799899999	color=(65,182,196)
5	90	91	-1.45982023111	color=(127,205,187)
5	91	92	1.475471707135	color=(29,145,192)
5	92	93	-0.7435604263775	color=(65,182,196)
5	93	94	-0.707644967775	color=(65,182,196)
5	94	95	-0.775614755645	color=(65,182,196)
5	95	96	-1.14264196380975	color=(127,205,187)
5	96	97	-0.450445629199999	color=(65,182,196)
5	97	98	-0.3857378031	color=(65,182,196)
5	98	99	0.426614402353	color=(65,182,196)
5	99	100	0.237082136565	color=(65,182,196)
5	100	101	-0.00020258815249985	color=(65,182,196)
5	101	102	1.0837360096575	color=(65,182,196)
5	102	103	-0.556231294975001	color=(65,182,196)
5	103	104	-0.861454127182501	color=(65,182,196)
5	104	105	-0.1962613797465	color=(65,182,196)
5	105	106	0.5905383712725	color=(65,182,196)
5	106	107	-0.347663635822499	color=(65,182,196)
5	107	108	-0.4549539792975	color=(65,182,196)
5	108	109	-1.23920989735075	color=(127,205,187)
5	109	110	-1.64501608731	color=(127,205,187)
5	110	111	-0.78365053133	color=(65,182,196)
5	111	112	-0.3853637004675	color=(65,182,196)
5	112	113	-0.9264227865975	color=(65,182,196)
5	113	114	-0.92469189985	color=(65,182,196)
5	114	115	-0.2807704551975	color=(65,182,196)
5	115	116	-0.691992432829998	color=(65,182,196)
5	116	117	0.865710727990001	color=(65,182,196)
5	117	118	-1.2046523941675	color=(127,205,187)
5	118	119	1.1169564511125	color=(29,145,192)
5	119	120	-0.1715530930325	color=(65,182,196)
5	120	121	1.25539518698	color=(29,145,192)
5	121	122	0.239747599000001	color=(65,182,196)
5	122	123	0.303846131025	color=(65,182,196)
5	123	124	-0.525761928564999	color=(65,182,196)
5	124	125	-0.6804046279975	color=(65,182,196)
5	125	126	-1.1103009698825	color=(65,182,196)
5	126	127	-1.2921343303775	color=(127,205,187)
5	127	128	1.4354322505875	color=(29,145,192)
5	128	129	2.396880275805	color=(29,145,192)
5	129	130	-1.0518148069075	color=(65,182,196)
5	130	131	0.3118943506875	color=(65,182,196)
5	131	132	0.23792941534	color=(65,182,196)
5	132	133	-0.317172469735	color=(65,182,196)
5	133	134	3.2386430950625	color=(29,145,192)
5	134	135	-0.5009798842775	color=(65,182,196)
5	135	136	0.8483429262825	color=(65,182,196)
5	136	137	-1.640805446565	color=(127,205,187)
5	137	138	-0.0248014889875003	color=(65,182,196)
5	138	139	-0.0349642312325003	color=(65,182,196)
5	139	140	-0.7665874473625	color=(65,182,196)
5	140	141	-0.877232707432499	color=(65,182,196)
5	141	142	1.5842285268075	color=(29,145,192)
5	142	143	-0.853045149125	color=(65,182,196)
5	143	144	-0.0202114068999997	color=(65,182,196)
5	144	145	0.9420958372225	color=(65,182,196)
5	145	146	-0.85530828024575	color=(65,182,196)
5	146	147	0.0359577267024997	color=(65,182,196)
5	147	148	1.5110905406975	color=(29,145,192)
5	148	149	-0.20226103837	color=(65,182,196)
5	149	150	0.430471632010001	color=(65,182,196)
5	150	151	0.74239090925	color=(65,182,196)
5	151	152	2.838942347095	color=(29,145,192)
5	152	153	-0.5331275955	color=(65,182,196)
5	153	154	0.86220187613	color=(65,182,196)
5	154	155	1.8497158114325	color=(29,145,192)
5	155	156	0.277435585595001	color=(65,182,196)
5	156	157	-1.1485510882	color=(127,205,187)
5	157	158	0.9758896357525	color=(65,182,196)
5	158	159	-0.236253286904999	color=(65,182,196)
5	159	160	2.6345028587175	color=(29,145,192)
5	160	161	1.0719357311415	color=(65,182,196)
5	161	162	-0.55355998378	color=(65,182,196)
5	162	163	0.0153208590175002	color=(65,182,196)
5	163	164	-1.5166652416	color=(127,205,187)
5	164	165	-1.9188759194575	color=(127,205,187)
5	165	166	1.2874373424125	color=(29,145,192)
6	0	1	3.2529732638825	color=(29,145,192)
6	1	2	3.254935998606	color=(29,145,192)
6	2	3	4.20559186467905	color=(34,94,168)
6	3	4	3.9061836442225	color=(34,94,168)
6	4	5	3.4067481461325	color=(34,94,168)
6	5	6	3.8916708269075	color=(34,94,168)
6	6	7	3.0020727381475	color=(29,145,192)
6	7	8	4.6814466905025	color=(34,94,168)
6	8	9	3.34880474585075	color=(34,94,168)
6	9	10	0.9755073874643	color=(65,182,196)
6	10	11	3.85738936280125	color=(34,94,168)
6	11	12	3.77120109393238	color=(34,94,168)
6	12	13	2.237464380845	color=(29,145,192)
6	13	14	3.7630996457575	color=(34,94,168)
6	14	15	2.072362674045	color=(29,145,192)
6	15	16	3.675399930931	color=(34,94,168)
6	16	17	3.208955023575	color=(29,145,192)
6	17	18	2.07249346992	color=(29,145,192)
6	18	19	3.442502747745	color=(34,94,168)
6	19	20	3.0630955024925	color=(29,145,192)
6	20	21	5.06818482824525	color=(34,94,168)
6	21	22	3.6000656444415	color=(34,94,168)
6	22	23	1.13819894535675	color=(29,145,192)
6	23	24	4.167466184215	color=(34,94,168)
6	24	25	2.7407998330425	color=(29,145,192)
6	25	26	5.243609102265	color=(34,94,168)
6	26	27	3.20030356156	color=(29,145,192)
6	27	28	3.39452755781375	color=(34,94,168)
6	28	29	3.498609570415	color=(34,94,168)
6	29	30	1.41038551328775	color=(29,145,192)
6	30	31	4.195148226706	color=(34,94,168)
6	31	32	4.2112304957275	color=(34,94,168)
6	32	33	3.103631004715	color=(29,145,192)
6	33	34	1.2207023684425	color=(29,145,192)
6	34	35	1.48274815044	color=(29,145,192)
6	35	36	4.5284892336975	color=(34,94,168)
6	36	37	2.657817383915	color=(29,145,192)
6	37	38	2.48662501504	color=(29,145,192)
6	38	39	2.8936811699775	color=(29,145,192)
6	39	40	2.98585427662325	color=(29,145,192)
6	40	41	2.83475209742375	color=(29,145,192)
6	41	42	3.711369079918	color=(34,94,168)
6	42	43	2.2466065323625	color=(29,145,192)
6	43	44	4.0337514376325	color=(34,94,168)
6	44	45	4.3502618515375	color=(34,94,168)
6	45	46	2.89795007142525	color=(29,145,192)
6	46	47	3.1156030792675	color=(29,145,192)
6	47	48	3.4290783107225	color=(34,94,168)
6	48	49	1.3885230942575	color=(29,145,192)
6	49	50	3.795818260115	color=(34,94,168)
6	50	51	3.08582375995175	color=(29,145,192)
6	51	52	3.47936187597	color=(34,94,168)
6	52	53	4.5714757810425	color=(34,94,168)
6	53	54	2.7191699843025	color=(29,145,192)
6	54	55	4.40500528486825	color=(34,94,168)
6	55	56	1.81041993661	color=(29,145,192)
6	56	57	4.5902839010375	color=(34,94,168)
6	57	58	2.2135189440935	color=(29,145,192)
6	58	59	5.39848873471825	color=(34,94,168)
6	59	60	3.6229140637725	color=(34,94,168)
6	60	61	4.50099075596475	color=(34,94,168)
6	61	62	1.76873983458	color=(29,145,192)
6	62	63	2.739406576905	color=(29,145,192)
6	63	64	2.45974690007175	color=(29,145,192)
6	64	65	5.24412734631125	color=(34,94,168)
6	65	66	2.824022167342	color=(29,145,192)
6	66	67	3.14322392366	color=(29,145,192)
6	67	68	3.2487368063645	color=(29,145,192)
6	68	69	4.49921492457569	color=(34,94,168)
6	69	70	2.90210593451475	color=(29,145,192)
6	70	71	2.43805279409075	color=(29,145,192)
6	71	72	2.16414660806475	color=(29,145,192)
6	72	73	3.1803526639475	color=(29,145,192)
6	73	74	2.792538699625	color=(29,145,192)
6	74	75	2.6250728374775	color=(29,145,192)
6	75	76	3.4373470865585	color=(34,94,168)
6	76	77	2.695563216134	color=(29,145,192)
6	77	78	3.84381536732	color=(34,94,168)
6	78	79	2.3722636654685	color=(29,145,192)
6	79	80	2.496527335005	color=(29,145,192)
6	80	81	2.4038905531925	color=(29,145,192)
6	81	82	2.38903266618025	color=(29,145,192)
6	82	83	2.689994991703	color=(29,145,192)
6	83	84	3.364223486685	color=(34,94,168)
6	84	85	3.565610976355	color=(34,94,168)
6	85	86	2.48520512448	color=(29,145,192)
6	86	87	3.3398192593525	color=(34,94,168)
6	87	88	3.8278183472195	color=(34,94,168)
6	88	89	1.480673409825	color=(29,145,192)
6	89	90	1.9146359796775	color=(29,145,192)
6	90	91	3.76237278733525	color=(34,94,168)
6	91	92	2.60234273206	color=(29,145,192)
6	92	93	4.28547559963	color=(34,94,168)
6	93	94	2.278298210715	color=(29,145,192)
6	94	95	3.12886363646825	color=(29,145,192)
6	95	96	4.002038402159	color=(34,94,168)
6	96	97	3.6774173677025	color=(34,94,168)
6	97	98	1.18219650076825	color=(29,145,192)
6	98	99	2.582442798423	color=(29,145,192)
6	99	100	4.560150883695	color=(34,94,168)
6	100	101	2.04127758452	color=(29,145,192)
6	101	102	4.84510073534375	color=(34,94,168)
6	102	103	3.65069689045675	color=(34,94,168)
6	103	104	2.683820752795	color=(29,145,192)
6	104	105	0.9933335752725	color=(65,182,196)
6	105	106	4.80624379473925	color=(34,94,168)
6	106	107	3.9148097603	color=(34,94,168)
6	107	108	4.6446593160825	color=(34,94,168)
6	108	109	3.11295774433325	color=(29,145,192)
6	109	110	2.9807771444025	color=(29,145,192)
6	110	111	4.55208379077825	color=(34,94,168)
6	111	112	4.516653210105	color=(34,94,168)
6	112	113	3.9285391575	color=(34,94,168)
6	113	114	3.034516325505	color=(29,145,192)
6	114	115	4.3603942726615	color=(34,94,168)
6	115	116	4.538011552233	color=(34,94,168)
6	116	117	1.721640550945	color=(29,145,192)
6	117	118	3.94605983065	color=(34,94,168)
6	118	119	3.4153662101575	color=(34,94,168)
6	119	120	2.7237761261625	color=(29,145,192)
6	120	121	4.48191210863	color=(34,94,168)
6	121	122	2.95480721727725	color=(29,145,192)
6	122	123	2.43250638027725	color=(29,145,192)
6	123	124	3.648827350205	color=(34,94,168)
6	124	125	2.9226381061225	color=(29,145,192)
6	125	126	5.616689532955	color=(37,52,148)
6	126	127	3.3407397843065	color=(34,94,168)
6	127	128	1.38805565561625	color=(29,145,192)
6	128	129	2.73075630070625	color=(29,145,192)
6	129	130	2.4334654207075	color=(29,145,192)
6	130	131	2.027905896095	color=(29,145,192)
6	131	132	3.32136426989375	color=(34,94,168)
6	132	133	4.24467204983075	color=(34,94,168)
6	133	134	2.8393066592195	color=(29,145,192)
6	134	135	3.811312935888	color=(34,94,168)
6	135	136	3.4178780390125	color=(34,94,168)
6	136	137	4.27024079736325	color=(34,94,168)
6	137	138	5.17459006860675	color=(34,94,168)
6	138	139	4.093289324043	color=(34,94,168)
6	139	140	3.9172122488	color=(34,94,168)
6	140	141	2.07800507624925	color=(29,145,192)
6	141	142	1.9351358587855	color=(29,145,192)
6	142	143	3.61727105379775	color=(34,94,168)
6	143	144	3.27396060254	color=(29,145,192)
6	144	145	3.121542052191	color=(29,145,192)
6	145	146	2.62531835742375	color=(29,145,192)
6	146	147	4.53675804061625	color=(34,94,168)
6	147	148	3.155306071975	color=(29,145,192)
6	148	149	3.81945155863	color=(34,94,168)
6	149	150	4.0299215014675	color=(34,94,168)
6	150	151	1.8275440747625	color=(29,145,192)
6	151	152	4.13474482006275	color=(34,94,168)
6	152	153	4.0722087494075	color=(34,94,168)
6	153	154	2.6924216111125	color=(29,145,192)
6	154	155	4.91436864915038	color=(34,94,168)
6	155	156	2.9654889169225	color=(29,145,192)
6	156	157	2.446852681198	color=(29,145,192)
6	157	158	2.00852698927875	color=(29,145,192)
6	158	159	3.57531909122225	color=(34,94,168)
6	159	160	2.916459969893	color=(29,145,192)
6	160	161	2.1757947025	color=(29,145,192)
6	161	162	2.3878113726675	color=(29,145,192)
6	162	163	4.7160460018355	color=(34,94,168)
6	163	164	2.5351569531075	color=(29,145,192)
6	164	165	2.4222037323175	color=(29,145,192)
6	165	166	5.0377226919675	color=(34,94,168)
6	166	167	3.32757303838	color=(34,94,168)
6	167	168	3.341610312802	color=(34,94,168)
6	168	169	3.45165380763425	color=(34,94,168)
6	169	170	4.29946150590473	color=(34,94,168)
6	170	171	4.79090222512	color=(34,94,168)
6	171	172	3.47229175434875	color=(34,94,168)
6	172	173	1.186109285225	color=(29,145,192)
6	173	174	3.3411499985825	color=(34,94,168)
6	174	175	2.764589631735	color=(29,145,192)
6	175	176	2.1425828770775	color=(29,145,192)
6	176	177	3.403578834637	color=(34,94,168)
6	177	178	3.0463884103175	color=(29,145,192)
6	178	179	3.92274261968725	color=(34,94,168)
7	0	1	-1.01523477906975	color=(65,182,196)
7	1	2	-2.6214157960875	color=(127,205,187)
7	2	3	-1.523244582156	color=(127,205,187)
7	3	4	-0.631410099162	color=(65,182,196)
7	4	5	-0.456426898089999	color=(65,182,196)
7	5	6	-0.356224433317725	color=(65,182,196)
7	6	7	-0.48756606774025	color=(65,182,196)
7	7	8	-4.9176204879675	color=(199,233,180)
7	8	9	-1.66784989964025	color=(127,205,187)
7	9	10	0.893548747442499	color=(65,182,196)
7	10	11	0.390555147779	color=(65,182,196)
7	11	12	-1.176399163708	color=(127,205,187)
7	12	13	1.1939079798825	color=(29,145,192)
7	13	14	-0.69112348659725	color=(65,182,196)
7	14	15	0.838839840987	color=(65,182,196)
7	15	16	-3.69032837557	color=(199,233,180)
7	16	17	0.0394724983580002	color=(65,182,196)
7	17	18	-0.64914902079025	color=(65,182,196)
7	18	19	0.1140940468	color=(65,182,196)
7	19	20	-0.418128911085249	color=(65,182,196)
7	20	21	-0.9517849901275	color=(65,182,196)
7	21	22	-3.3046030132305	color=(127,205,187)
7	22	23	-3.9315740048425	color=(199,233,180)
7	23	24	-1.12542582656625	color=(127,205,187)
7	24	25	-0.766232985535	color=(65,182,196)
7	25	26	-2.864078288721	color=(127,205,187)
7	26	27	-2.765645301595	color=(127,205,187)
7	27	28	-2.68808748536875	color=(127,205,187)
7	28	29	-2.6353503912325	color=(127,205,187)
7	29	30	-2.99232831514075	color=(127,205,187)
7	30	31	-3.9567082072625	color=(199,233,180)
7	31	32	-0.30882723653	color=(65,182,196)
7	32	33	-4.7815800894175	color=(199,233,180)
7	33	34	-0.8214586443375	color=(65,182,196)
7	34	35	-3.26661015319363	color=(127,205,187)
7	35	36	-2.01448269087725	color=(127,205,187)
7	36	37	-1.4520804551925	color=(127,205,187)
7	37	38	-2.9985996842975	color=(127,205,187)
7	38	39	0.296833892115	color=(65,182,196)
7	39	40	-4.2906719571275	color=(199,233,180)
7	40	41	-2.8362640544505	color=(127,205,187)
7	41	42	-0.745730424740001	color=(65,182,196)
7	42	43	-2.630854361426	color=(127,205,187)
7	43	44	-3.28190693774	color=(127,205,187)
7	44	45	-0.0753919190975001	color=(65,182,196)
7	45	46	-1.2482923400435	color=(127,205,187)
7	46	47	-3.4984574910475	color=(199,233,180)
7	47	48	-0.52976155737525	color=(65,182,196)
7	48	49	-3.5078306784475	color=(199,233,180)
7	49	50	-0.39714605588825	color=(65,182,196)
7	50	51	-0.83915495865375	color=(65,182,196)
7	51	52	-1.1984927416775	color=(127,205,187)
7	52	53	-1.3769707117275	color=(127,205,187)
7	53	54	-1.588417630445	color=(127,205,187)
7	54	55	-4.030577422145	color=(199,233,180)
7	55	56	-0.10184402601825	color=(65,182,196)
7	56	57	-0.913481215976925	color=(65,182,196)
7	57	58	1.420765476192	color=(29,145,192)
7	58	59	0.32899060048725	color=(65,182,196)
7	59	60	0.17785705817875	color=(65,182,196)
7	60	61	-1.0486415421275	color=(65,182,196)
7	61	62	-2.90736058974025	color=(127,205,187)
7	62	63	-0.3438620548115	color=(65,182,196)
7	63	64	-2.990269959317	color=(127,205,187)
7	64	65	-1.70563599264925	color=(127,205,187)
7	65	66	-1.83827643887	color=(127,205,187)
7	66	67	0.2935111963275	color=(65,182,196)
7	67	68	-3.760519450669	color=(199,233,180)
7	68	69	-0.609920519757501	color=(65,182,196)
7	69	70	0.10203444039	color=(65,182,196)
7	70	71	1.187588481787	color=(29,145,192)
7	71	72	-3.45430517033	color=(199,233,180)
7	72	73	-0.9079662988085	color=(65,182,196)
7	73	74	-0.224980704975	color=(65,182,196)
7	74	75	-1.7989977586925	color=(127,205,187)
7	75	76	-1.0988841809775	color=(65,182,196)
7	76	77	-1.4176031056475	color=(127,205,187)
7	77	78	1.63191608307775	color=(29,145,192)
7	78	79	0.516682410947499	color=(65,182,196)
7	79	80	0.111534279170599	color=(65,182,196)
7	80	81	-2.56624994707625	color=(127,205,187)
7	81	82	-1.80296611591475	color=(127,205,187)
7	82	83	-1.2754446376125	color=(127,205,187)
7	83	84	0.7742316664125	color=(65,182,196)
7	84	85	-1.373000130195	color=(127,205,187)
7	85	86	0.465337442985	color=(65,182,196)
8	0	1	-3.5049535075075	color=(199,233,180)
8	1	2	-4.352500301665	color=(199,233,180)
8	2	3	-1.77728754718275	color=(127,205,187)
8	3	4	-2.912911234705	color=(127,205,187)
8	4	5	-1.7040805894125	color=(127,205,187)
8	5	6	-3.1222807608525	color=(127,205,187)
8	6	7	-2.739914653995	color=(127,205,187)
8	7	8	-5.0193617117675	color=(199,233,180)
8	8	9	-1.5903059723835	color=(127,205,187)
8	9	10	-2.239594664035	color=(127,205,187)
8	10	11	-3.9273011275175	color=(199,233,180)
8	11	12	-0.6250851473375	color=(65,182,196)
8	12	13	-4.9771537237375	color=(199,233,180)
8	13	14	-2.72789285296375	color=(127,205,187)
8	14	15	-1.8929067525525	color=(127,205,187)
8	15	16	-1.0933458169625	color=(65,182,196)
8	16	17	-2.0719185259675	color=(127,205,187)
8	17	18	-3.380795846015	color=(199,233,180)
8	18	19	-4.0583854096425	color=(199,233,180)
8	19	20	-1.52564162398275	color=(127,205,187)
8	20	21	-3.16265951220175	color=(127,205,187)
8	21	22	-1.777170606805	color=(127,205,187)
8	22	23	-1.305183696655	color=(127,205,187)
8	23	24	-3.0028377923625	color=(127,205,187)
8	24	25	-1.8986005850525	color=(127,205,187)
8	25	26	-1.1569694783075	color=(127,205,187)
8	26	27	-5.0814333573875	color=(199,233,180)
8	27	28	-4.680390116895	color=(199,233,180)
8	28	29	-3.5288367640185	color=(199,233,180)
8	29	30	-1.52148947763525	color=(127,205,187)
8	30	31	-2.8459308053525	color=(127,205,187)
8	31	32	-3.37768960044875	color=(199,233,180)
8	32	33	-2.0968060115	color=(127,205,187)
8	33	34	-0.904839636365001	color=(65,182,196)
8	34	35	-0.8156329328725	color=(65,182,196)
8	35	36	-2.54603908458	color=(127,205,187)
8	36	37	-3.211491	color=(127,205,187)
8	37	38	-3.834268	color=(199,233,180)
8	38	39	-1.141486	color=(127,205,187)
8	39	40	-3.862278	color=(199,233,180)
8	40	41	-3.047109	color=(127,205,187)
8	41	42	-4.280991	color=(199,233,180)
8	42	43	-5.634118	color=(237,248,177)
8	43	44	-1.731455	color=(127,205,187)
8	44	45	-1.525118	color=(127,205,187)
8	45	46	-3.087337	color=(127,205,187)
8	46	47	-3.023655	color=(127,205,187)
8	47	48	-4.849696	color=(199,233,180)
8	48	49	-3.855441	color=(199,233,180)
8	49	50	-4.407967	color=(199,233,180)
8	50	51	-1.750068	color=(127,205,187)
8	51	52	-2.255422	color=(127,205,187)
8	52	53	-2.220607	color=(127,205,187)
8	53	54	-1.825334	color=(127,205,187)
8	54	55	-1.455613	color=(127,205,187)
8	55	56	-2.627026	color=(127,205,187)
8	56	57	-2.806034	color=(127,205,187)
8	57	58	-1.926982	color=(127,205,187)
8	58	59	-1.438147	color=(127,205,187)
8	59	60	-4.121243	color=(199,233,180)
8	60	61	-1.078877	color=(65,182,196)
8	61	62	-1.490444	color=(127,205,187)
8	62	63	-1.704281	color=(127,205,187)
8	63	64	-3.448977	color=(199,233,180)
8	64	65	-2.035337	color=(127,205,187)
8	65	66	-8.506725	color=(255,255,217)
8	66	67	-3.544036	color=(199,233,180)
8	67	68	-4.109715	color=(199,233,180)
8	68	69	-4.80153	color=(199,233,180)
8	69	70	-4.388991	color=(199,233,180)
8	70	71	-2.912521	color=(127,205,187)
8	71	72	-2.460928	color=(127,205,187)
8	72	73	-2.107519	color=(127,205,187)
8	73	74	-2.636814	color=(127,205,187)
8	74	75	-1.265839	color=(127,205,187)
8	75	76	-2.625416	color=(127,205,187)
8	76	77	-2.91438	color=(127,205,187)
8	77	78	-6.074445	color=(237,248,177)
8	78	79	-2.723495	color=(127,205,187)
8	79	80	-3.754483	color=(199,233,180)
8	80	81	-3.872431	color=(199,233,180)
8	81	82	-3.213494	color=(127,205,187)
8	82	83	-2.403263	color=(127,205,187)
8	83	84	-2.064378	color=(127,205,187)
8	84	85	-1.852829	color=(127,205,187)
8	85	86	-1.103657	color=(65,182,196)
8	86	87	-4.611247	color=(199,233,180)
8	87	88	-6.080528	color=(237,248,177)
8	88	89	-1.232014	color=(127,205,187)
8	89	90	-2.821389	color=(127,205,187)
8	90	91	-5.131463	color=(199,233,180)
8	91	92	-2.3013	color=(127,205,187)
8	92	93	-2.41227	color=(127,205,187)
8	93	94	-2.979689	color=(127,205,187)
8	94	95	-2.109425	color=(127,205,187)
8	95	96	-1.662432	color=(127,205,187)
8	96	97	-3.980189	color=(199,233,180)
8	97	98	-2.553058	color=(127,205,187)
8	98	99	-1.462643	color=(127,205,187)
8	99	100	-3.201278	color=(127,205,187)
8	100	101	-1.603875	color=(127,205,187)
8	101	102	-2.9716	color=(127,205,187)
8	102	103	-2.573056	color=(127,205,187)
8	103	104	-1.643668	color=(127,205,187)
8	104	105	-4.699892	color=(199,233,180)
8	105	106	-3.571067	color=(199,233,180)
8	106	107	-3.227624	color=(127,205,187)
8	107	108	-4.215539	color=(199,233,180)
8	108	109	-1.114532	color=(65,182,196)
8	109	110	-2.794177	color=(127,205,187)
8	110	111	-3.193778	color=(127,205,187)
8	111	112	-1.510822	color=(127,205,187)
8	112	113	-2.255225	color=(127,205,187)
8	113	114	-2.727807	color=(127,205,187)
8	114	115	-0.7366659	color=(65,182,196)
8	115	116	-0.6452409	color=(65,182,196)
8	116	117	-0.5250922	color=(65,182,196)
8	117	118	-3.585807	color=(199,233,180)
8	118	119	-2.444382	color=(127,205,187)
8	119	120	-4.140314	color=(199,233,180)
8	120	121	-4.259732	color=(199,233,180)
8	121	122	-2.551221	color=(127,205,187)
8	122	123	-2.844981	color=(127,205,187)
8	123	124	-1.872144	color=(127,205,187)
9	0	1	-0.8039604	color=(65,182,196)
9	1	2	-4.460772	color=(199,233,180)
9	2	3	-2.272894	color=(127,205,187)
9	3	4	-0.1457353	color=(65,182,196)
9	4	5	-1.088955	color=(65,182,196)
9	5	6	-1.686877	color=(127,205,187)
9	6	7	-3.583082	color=(199,233,180)
9	7	8	-2.011105	color=(127,205,187)
9	8	9	-0.9456444	color=(65,182,196)
9	9	10	-0.9360577	color=(65,182,196)
9	10	11	-1.31141	color=(127,205,187)
9	11	12	-1.3168	color=(127,205,187)
9	12	13	-1.874741	color=(127,205,187)
9	13	14	-1.721279	color=(127,205,187)
9	14	15	-3.657523	color=(199,233,180)
9	15	16	-1.188482	color=(127,205,187)
9	16	17	-1.728794	color=(127,205,187)
9	17	18	-1.308597	color=(127,205,187)
9	18	19	-2.699862	color=(127,205,187)
9	19	20	-2.368999	color=(127,205,187)
9	20	21	-0.806661	color=(65,182,196)
9	21	22	-2.14623	color=(127,205,187)
9	22	23	-2.218547	color=(127,205,187)
9	23	24	-2.893702	color=(127,205,187)
9	24	25	-1.630066	color=(127,205,187)
9	25	26	-1.012042	color=(65,182,196)
9	26	27	-2.555036	color=(127,205,187)
9	27	28	-3.557429	color=(199,233,180)
9	28	29	-1.760335	color=(127,205,187)
9	29	30	-2.092499	color=(127,205,187)
9	30	31	-1.723327	color=(127,205,187)
9	31	32	-2.349516	color=(127,205,187)
9	32	33	-1.315757	color=(127,205,187)
9	33	34	-3.186056	color=(127,205,187)
9	34	35	-1.693769	color=(127,205,187)
9	35	36	-0.8654954	color=(65,182,196)
9	36	37	-1.971576	color=(127,205,187)
9	37	38	-0.9415888	color=(65,182,196)
9	38	39	-2.392933	color=(127,205,187)
9	39	40	-1.044214	color=(65,182,196)
9	40	41	-0.6459633	color=(65,182,196)
9	41	42	-0.4987867	color=(65,182,196)
9	42	43	-1.296049	color=(127,205,187)
9	43	44	-3.436122	color=(199,233,180)
9	44	45	-1.941572	color=(127,205,187)
9	45	46	-2.619868	color=(127,205,187)
9	46	47	-2.554899	color=(127,205,187)
9	47	48	-2.408412	color=(127,205,187)
9	48	49	-2.175957	color=(127,205,187)
9	49	50	-1.007276	color=(65,182,196)
9	50	51	-2.192994	color=(127,205,187)
9	51	52	-0.6862389	color=(65,182,196)
9	52	53	-0.9839624	color=(65,182,196)
9	53	54	-1.38959	color=(127,205,187)
9	54	55	0.05698221	color=(65,182,196)
9	55	56	-1.125889	color=(127,205,187)
9	56	57	-2.220186	color=(127,205,187)
9	57	58	-2.87956	color=(127,205,187)
9	58	59	-1.133587	color=(127,205,187)
9	59	60	-4.052369	color=(199,233,180)
