1	0	1	-1.0630724558725	color=(65,182,196)
1	1	2	-1.1734716029575	color=(127,205,187)
1	2	3	-1.3165525375225	color=(127,205,187)
1	3	4	-0.1974816898625	color=(65,182,196)
1	4	5	-0.4391750077825	color=(65,182,196)
1	5	6	-1.52929442275	color=(127,205,187)
1	6	7	-2.8958682417525	color=(127,205,187)
1	7	8	-0.0410076481800008	color=(65,182,196)
1	8	9	-1.1330167298025	color=(127,205,187)
1	9	10	-1.9445086954031	color=(127,205,187)
1	10	11	-0.914707044325	color=(65,182,196)
1	11	12	-0.4489260572375	color=(65,182,196)
1	12	13	-1.596011139975	color=(127,205,187)
1	13	14	-2.1566895840025	color=(127,205,187)
1	14	15	-0.0223149126699997	color=(65,182,196)
1	15	16	-1.15588410646438	color=(127,205,187)
1	16	17	-0.9448762858195	color=(65,182,196)
1	17	18	-2.52439185237	color=(127,205,187)
1	18	19	-0.8675192822555	color=(65,182,196)
1	19	20	-1.08209712234925	color=(65,182,196)
1	20	21	-2.1454568673285	color=(127,205,187)
1	21	22	-2.74051917832	color=(127,205,187)
1	22	23	-0.711071164797501	color=(65,182,196)
1	23	24	-0.334967496647501	color=(65,182,196)
1	24	25	-2.0805430519075	color=(127,205,187)
1	25	26	-0.984297966825	color=(65,182,196)
1	26	27	-1.0991049415075	color=(65,182,196)
1	27	28	-1.1199208671425	color=(65,182,196)
1	28	29	-0.3843305823	color=(65,182,196)
1	29	30	-2.781789305141	color=(127,205,187)
1	30	31	-0.9013422097875	color=(65,182,196)
1	31	32	-2.50993816655	color=(127,205,187)
1	32	33	-3.2361217172075	color=(127,205,187)
1	33	34	-1.464061360339	color=(127,205,187)
1	34	35	-1.1287326668875	color=(127,205,187)
1	35	36	-0.5949621417775	color=(65,182,196)
1	36	37	-1.5997268486475	color=(127,205,187)
1	37	38	-1.4500205427435	color=(127,205,187)
1	38	39	-1.1639152593115	color=(127,205,187)
1	39	40	-2.60185647932	color=(127,205,187)
1	40	41	-2.108999757435	color=(127,205,187)
1	41	42	-1.785563417212	color=(127,205,187)
1	42	43	-1.24138195313775	color=(127,205,187)
1	43	44	-2.25289484982025	color=(127,205,187)
1	44	45	-0.8591672883	color=(65,182,196)
1	45	46	-0.8273062254625	color=(65,182,196)
1	46	47	-1.502433610775	color=(127,205,187)
1	47	48	-1.225114006002	color=(127,205,187)
1	48	49	-2.73062919257	color=(127,205,187)
1	49	50	-1.363466095175	color=(127,205,187)
1	50	51	0.61755222846	color=(65,182,196)
1	51	52	-2.5046006560755	color=(127,205,187)
1	52	53	-1.993794049205	color=(127,205,187)
1	53	54	-1.483401516375	color=(127,205,187)
1	54	55	-2.7642264792375	color=(127,205,187)
1	55	56	-3.108708391805	color=(127,205,187)
1	56	57	-0.921557480845	color=(65,182,196)
1	57	58	-1.9721210325375	color=(127,205,187)
1	58	59	-0.3752597865425	color=(65,182,196)
1	59	60	-1.81599188866	color=(127,205,187)
1	60	61	-0.82623467785	color=(65,182,196)
1	61	62	-0.324330983749999	color=(65,182,196)
1	62	63	-1.159403626875	color=(127,205,187)
1	63	64	-2.2777816010275	color=(127,205,187)
1	64	65	-1.7065642028075	color=(127,205,187)
1	65	66	-1.47150109523075	color=(127,205,187)
1	66	67	-2.850736810946	color=(127,205,187)
1	67	68	-0.3360897684	color=(65,182,196)
1	68	69	-1.8189817098255	color=(127,205,187)
1	69	70	-2.0827158272275	color=(127,205,187)
1	70	71	-0.938947735539999	color=(65,182,196)
1	71	72	-0.7285942266525	color=(65,182,196)
1	72	73	-1.3336424863675	color=(127,205,187)
1	73	74	-1.6504058669125	color=(127,205,187)
1	74	75	-1.668732619381	color=(127,205,187)
1	75	76	-3.00423664461	color=(127,205,187)
1	76	77	-0.7054622938825	color=(65,182,196)
1	77	78	-1.442933043665	color=(127,205,187)
1	78	79	-1.319551566045	color=(127,205,187)
1	79	80	-1.33341821704475	color=(127,205,187)
1	80	81	-2.52181062237725	color=(127,205,187)
1	81	82	-1.1760921038275	color=(127,205,187)
1	82	83	-0.360329845395	color=(65,182,196)
1	83	84	-1.723380096397	color=(127,205,187)
1	84	85	-0.973163710350001	color=(65,182,196)
1	85	86	-1.6125128517625	color=(127,205,187)
1	86	87	-0.6079691870775	color=(65,182,196)
1	87	88	-2.12242276547825	color=(127,205,187)
1	88	89	-1.0226187823025	color=(65,182,196)
1	89	90	0.13877068864	color=(65,182,196)
1	90	91	-1.7352353085075	color=(127,205,187)
1	91	92	-1.87925301325	color=(127,205,187)
1	92	93	-2.032446387995	color=(127,205,187)
1	93	94	-0.81573537985635	color=(65,182,196)
1	94	95	-1.431756585483	color=(127,205,187)
1	95	96	-0.58877721406	color=(65,182,196)
1	96	97	-0.75936945874275	color=(65,182,196)
1	97	98	-1.918148381395	color=(127,205,187)
1	98	99	-1.009327720575	color=(65,182,196)
1	99	100	-1.22279600479955	color=(127,205,187)
1	100	101	-1.66153451024575	color=(127,205,187)
1	101	102	-1.1000963867675	color=(65,182,196)
1	102	103	-1.02746854059	color=(65,182,196)
1	103	104	0.143726743025001	color=(65,182,196)
1	104	105	-2.36384586189875	color=(127,205,187)
1	105	106	-1.7223459374845	color=(127,205,187)
1	106	107	-1.55901191003995	color=(127,205,187)
1	107	108	-1.7886007491125	color=(127,205,187)
1	108	109	-1.91826558668	color=(127,205,187)
1	109	110	-2.17074780458325	color=(127,205,187)
1	110	111	-0.97127562887625	color=(65,182,196)
1	111	112	-0.952914040935	color=(65,182,196)
1	112	113	-1.361625456725	color=(127,205,187)
1	113	114	-0.5804360253225	color=(65,182,196)
1	114	115	-2.257522929545	color=(127,205,187)
1	115	116	-2.231041697675	color=(127,205,187)
1	116	117	-1.14465906475	color=(127,205,187)
1	117	118	-2.681668270237	color=(127,205,187)
1	118	119	-2.6069817281595	color=(127,205,187)
1	119	120	-0.5991468081075	color=(65,182,196)
1	120	121	-2.70940561903	color=(127,205,187)
1	121	122	-0.78870338558	color=(65,182,196)
1	122	123	-1.4581680862355	color=(127,205,187)
1	123	124	-2.9305298116725	color=(127,205,187)
1	124	125	-1.9203851540815	color=(127,205,187)
1	125	126	-1.2553052344275	color=(127,205,187)
1	126	127	-1.51579998265	color=(127,205,187)
1	127	128	-2.9661783640375	color=(127,205,187)
1	128	129	-1.43286482244	color=(127,205,187)
1	129	130	-1.26248635878295	color=(127,205,187)
1	130	131	-1.03670124945	color=(65,182,196)
1	131	132	-1.997234923715	color=(127,205,187)
1	132	133	-2.4384849758875	color=(127,205,187)
1	133	134	-0.4316488379775	color=(65,182,196)
1	134	135	-1.1850286452875	color=(127,205,187)
1	135	136	-1.7555358906175	color=(127,205,187)
1	136	137	-0.388092872585	color=(65,182,196)
1	137	138	-1.60640522835	color=(127,205,187)
1	138	139	-1.475508375775	color=(127,205,187)
1	139	140	-1.54295733166675	color=(127,205,187)
1	140	141	-2.2319585928375	color=(127,205,187)
1	141	142	-2.262680552725	color=(127,205,187)
1	142	143	-1.12661890937175	color=(127,205,187)
1	143	144	-1.101539957365	color=(65,182,196)
1	144	145	-2.410842532895	color=(127,205,187)
1	145	146	-0.97032494285	color=(65,182,196)
1	146	147	-0.518267442125	color=(65,182,196)
1	147	148	0.0877152184825007	color=(65,182,196)
1	148	149	-1.1772280886075	color=(127,205,187)
1	149	150	-0.419504926549999	color=(65,182,196)
1	150	151	-1.92919970595	color=(127,205,187)
1	151	152	-0.93296567286	color=(65,182,196)
1	152	153	-1.4905077839625	color=(127,205,187)
1	153	154	-1.9161571850775	color=(127,205,187)
1	154	155	-2.03552501187017	color=(127,205,187)
1	155	156	-1.74173190965475	color=(127,205,187)
1	156	157	-0.831390913403	color=(65,182,196)
1	157	158	-1.532686524205	color=(127,205,187)
1	158	159	-0.8767988767375	color=(65,182,196)
1	159	160	-1.2404500797445	color=(127,205,187)
1	160	161	-1.0021784171025	color=(65,182,196)
1	161	162	-2.03301100025865	color=(127,205,187)
1	162	163	-0.8452913853225	color=(65,182,196)
1	163	164	0.0156848146049997	color=(65,182,196)
1	164	165	-1.432964653805	color=(127,205,187)
1	165	166	-1.126481689954	color=(127,205,187)
1	166	167	-0.28084327228	color=(65,182,196)
1	167	168	-2.310788197835	color=(127,205,187)
1	168	169	-0.8549773073425	color=(65,182,196)
1	169	170	-2.54726537466	color=(127,205,187)
1	170	171	0.0651013187874998	color=(65,182,196)
1	171	172	-1.5590903839605	color=(127,205,187)
1	172	173	-2.688823163139	color=(127,205,187)
1	173	174	0.137273250515	color=(65,182,196)
1	174	175	-1.0329473059	color=(65,182,196)
1	175	176	-2.2480264735495	color=(127,205,187)
1	176	177	-1.31300117261475	color=(127,205,187)
1	177	178	-2.119938007935	color=(127,205,187)
1	178	179	-1.0826235864375	color=(65,182,196)
1	179	180	-1.3103340232025	color=(127,205,187)
1	180	181	-2.46942786765675	color=(127,205,187)
1	181	182	-2.299594310255	color=(127,205,187)
1	182	183	-0.0148498645324997	color=(65,182,196)
1	183	184	-1.44297300395725	color=(127,205,187)
1	184	185	-0.279542385175	color=(65,182,196)
1	185	186	-0.5670288435775	color=(65,182,196)
1	186	187	-0.49854475085	color=(65,182,196)
1	187	188	-1.9857240092975	color=(127,205,187)
1	188	189	-1.44755878876675	color=(127,205,187)
1	189	190	-2.6863448968175	color=(127,205,187)
1	190	191	-2.14201787829675	color=(127,205,187)
1	191	192	-1.3919416273975	color=(127,205,187)
1	192	193	-2.0092205932655	color=(127,205,187)
1	193	194	-1.48488370622	color=(127,205,187)
1	194	195	-1.7526989848125	color=(127,205,187)
1	195	196	-2.93447996609125	color=(127,205,187)
1	196	197	-1.1138265323175	color=(65,182,196)
1	197	198	-0.684669871395001	color=(65,182,196)
1	198	199	-0.9427553874625	color=(65,182,196)
1	199	200	-2.232691135345	color=(127,205,187)
1	200	201	-2.094758513867	color=(127,205,187)
1	201	202	-1.13064107629672	color=(127,205,187)
1	202	203	-1.860100047695	color=(127,205,187)
1	203	204	-2.0073797997305	color=(127,205,187)
1	204	205	-2.6099325193875	color=(127,205,187)
1	205	206	-2.21004201475025	color=(127,205,187)
1	206	207	-1.19085907101975	color=(127,205,187)
1	207	208	-0.096012788575	color=(65,182,196)
1	208	209	-1.22233160672	color=(127,205,187)
1	209	210	-0.308210661277499	color=(65,182,196)
1	210	211	-1.69426756158	color=(127,205,187)
1	211	212	-1.85189678972575	color=(127,205,187)
1	212	213	-1.1469641180405	color=(127,205,187)
1	213	214	-1.1713879076655	color=(127,205,187)
1	214	215	-0.3585209380325	color=(65,182,196)
1	215	216	-1.4447716629075	color=(127,205,187)
1	216	217	-2.191132663905	color=(127,205,187)
1	217	218	-1.7739244264725	color=(127,205,187)
1	218	219	-2.132165193245	color=(127,205,187)
1	219	220	-1.035890968725	color=(65,182,196)
1	220	221	-2.34789770939	color=(127,205,187)
1	221	222	-0.731709332425	color=(65,182,196)
1	222	223	-1.862340860205	color=(127,205,187)
1	223	224	-2.19927708794675	color=(127,205,187)
1	224	225	-1.4033376613675	color=(127,205,187)
1	225	226	-1.253863166585	color=(127,205,187)
1	226	227	-1.88809894437312	color=(127,205,187)
1	227	228	-0.8200847156075	color=(65,182,196)
1	228	229	-1.37890093747275	color=(127,205,187)
1	229	230	-2.079026845466	color=(127,205,187)
1	230	231	-1.7278730373675	color=(127,205,187)
1	231	232	-0.983350532714999	color=(65,182,196)
1	232	233	-1.0333690998	color=(65,182,196)
1	233	234	-2.5841363210975	color=(127,205,187)
1	234	235	-1.76441016724	color=(127,205,187)
1	235	236	-2.0968117760525	color=(127,205,187)
1	236	237	-1.84829662990693	color=(127,205,187)
1	237	238	-1.4961450549375	color=(127,205,187)
1	238	239	-2.773275221265	color=(127,205,187)
2	0	1	-5.56433861712425	color=(237,248,177)
2	1	2	-4.40899074821625	color=(199,233,180)
2	2	3	-3.74328519511	color=(199,233,180)
2	3	4	-2.1200452104472	color=(127,205,187)
2	4	5	-4.4260393144575	color=(199,233,180)
2	5	6	-1.97759704975475	color=(127,205,187)
2	6	7	-2.4756736147925	color=(127,205,187)
2	7	8	-1.2581505135475	color=(127,205,187)
2	8	9	-4.171346638575	color=(199,233,180)
2	9	10	-5.944375183475	color=(237,248,177)
2	10	11	-1.766057149674	color=(127,205,187)
2	11	12	-4.8151168246825	color=(199,233,180)
2	12	13	0.1963990472925	color=(65,182,196)
2	13	14	-2.505283798731	color=(127,205,187)
2	14	15	-3.5947044477075	color=(199,233,180)
2	15	16	-3.2618056738075	color=(127,205,187)
2	16	17	-2.276066691961	color=(127,205,187)
2	17	18	-5.31807608140475	color=(199,233,180)
2	18	19	-4.52819037719	color=(199,233,180)
2	19	20	-3.711839199239	color=(199,233,180)
2	20	21	-4.04025346814	color=(199,233,180)
2	21	22	-2.5523604366225	color=(127,205,187)
2	22	23	-0.80022822994	color=(65,182,196)
2	23	24	-1.55400013731	color=(127,205,187)
2	24	25	-1.2315123756475	color=(127,205,187)
2	25	26	0.17600818222	color=(65,182,196)
2	26	27	-1.68723528521	color=(127,205,187)
2	27	28	-4.43637798033793	color=(199,233,180)
2	28	29	-5.9978185793725	color=(237,248,177)
2	29	30	-3.328710269315	color=(127,205,187)
2	30	31	0.163658424395	color=(65,182,196)
2	31	32	-4.4128922902575	color=(199,233,180)
2	32	33	-2.7568107450425	color=(127,205,187)
2	33	34	-1.353006850305	color=(127,205,187)
2	34	35	-3.4370217780725	color=(199,233,180)
2	35	36	-2.8008874452	color=(127,205,187)
2	36	37	-1.04747299710325	color=(65,182,196)
2	37	38	-2.4574766854948	color=(127,205,187)
2	38	39	-1.4706049597325	color=(127,205,187)
2	39	40	0.754443424327	color=(65,182,196)
2	40	41	-4.78198686656425	color=(199,233,180)
2	41	42	-2.2963299434825	color=(127,205,187)
2	42	43	-6.53590151332847	color=(237,248,177)
2	43	44	-1.412011742165	color=(127,205,187)
2	44	45	-1.59686918505725	color=(127,205,187)
2	45	46	-1.480172348615	color=(127,205,187)
2	46	47	-3.2866634685575	color=(127,205,187)
2	47	48	-4.31827380513	color=(199,233,180)
2	48	49	-4.753760053799	color=(199,233,180)
2	49	50	0.69496795566	color=(65,182,196)
2	50	51	-2.649475602545	color=(127,205,187)
2	51	52	-3.6780348235475	color=(199,233,180)
2	52	53	-4.35987308327075	color=(199,233,180)
2	53	54	-5.5905908554325	color=(237,248,177)
2	54	55	-2.0248082674825	color=(127,205,187)
2	55	56	-1.53743209460354	color=(127,205,187)
2	56	57	-6.30014500447225	color=(237,248,177)
2	57	58	-4.69591853660825	color=(199,233,180)
2	58	59	-4.23636102574	color=(199,233,180)
2	59	60	-2.5389243214315	color=(127,205,187)
2	60	61	-4.39032880738675	color=(199,233,180)
2	61	62	-3.50401617533025	color=(199,233,180)
2	62	63	-3.07601010943	color=(127,205,187)
2	63	64	1.0366180889325	color=(65,182,196)
2	64	65	-1.69414022569	color=(127,205,187)
2	65	66	-1.84574448115425	color=(127,205,187)
2	66	67	-3.0233323570125	color=(127,205,187)
2	67	68	-3.7695888753925	color=(199,233,180)
2	68	69	-4.314362102791	color=(199,233,180)
2	69	70	-2.03852168485575	color=(127,205,187)
2	70	71	-1.7011761868775	color=(127,205,187)
2	71	72	0.80538848879475	color=(65,182,196)
2	72	73	-3.53271552977175	color=(199,233,180)
2	73	74	-2.958436895105	color=(127,205,187)
2	74	75	-5.6790802097235	color=(237,248,177)
2	75	76	-2.63200434678875	color=(127,205,187)
2	76	77	-4.4821354514775	color=(199,233,180)
2	77	78	-3.372198091963	color=(199,233,180)
2	78	79	-0.984289810927499	color=(65,182,196)
2	79	80	-3.4994856563725	color=(199,233,180)
2	80	81	-5.872130272837	color=(237,248,177)
2	81	82	-0.1522733001975	color=(65,182,196)
2	82	83	-5.430096779665	color=(199,233,180)
2	83	84	-2.100252932913	color=(127,205,187)
2	84	85	-4.693363750875	color=(199,233,180)
2	85	86	-3.6366200239025	color=(199,233,180)
2	86	87	-3.5289556180805	color=(199,233,180)
2	87	88	-3.0183515433375	color=(127,205,187)
2	88	89	-5.20922162037825	color=(199,233,180)
2	89	90	-3.2416788418175	color=(127,205,187)
2	90	91	-2.14101497500325	color=(127,205,187)
2	91	92	-0.82204179621	color=(65,182,196)
2	92	93	-2.464116268654	color=(127,205,187)
3	0	1	-9.49748834552575	color=(255,255,217)
3	1	2	-7.45473128234875	color=(237,248,177)
3	2	3	-5.8360994588075	color=(237,248,177)
3	3	4	-6.05962440146405	color=(237,248,177)
3	4	5	-5.79220217743128	color=(237,248,177)
3	5	6	-5.24507566119675	color=(199,233,180)
3	6	7	-6.77403534426475	color=(237,248,177)
3	7	8	-5.15761876353625	color=(199,233,180)
3	8	9	-8.07727734842475	color=(255,255,217)
3	9	10	-5.71441621086953	color=(237,248,177)
3	10	11	-6.10543921267625	color=(237,248,177)
3	11	12	-8.66502637824525	color=(255,255,217)
3	12	13	-7.66944275229325	color=(237,248,177)
3	13	14	-5.65336518310225	color=(237,248,177)
3	14	15	-9.13199997566125	color=(255,255,217)
3	15	16	-5.2366884634515	color=(199,233,180)
3	16	17	-7.904711466595	color=(255,255,217)
3	17	18	-7.9090179261725	color=(255,255,217)
3	18	19	-5.69880299938025	color=(237,248,177)
3	19	20	-6.1738117061185	color=(237,248,177)
3	20	21	-6.8589825059575	color=(237,248,177)
3	21	22	-5.34483051339	color=(199,233,180)
3	22	23	-7.04748398924	color=(237,248,177)
3	23	24	-6.56262540467675	color=(237,248,177)
3	24	25	-5.96287105700525	color=(237,248,177)
3	25	26	-6.51238259876	color=(237,248,177)
3	26	27	-5.4256156778075	color=(199,233,180)
3	29	30	-6.32378992047275	color=(237,248,177)
3	30	31	-6.07853796672725	color=(237,248,177)
3	31	32	-5.6025821913735	color=(237,248,177)
3	32	33	-8.3110672625855	color=(255,255,217)
3	33	34	-5.704661825855	color=(237,248,177)
3	34	35	-7.34113219427025	color=(237,248,177)
3	35	36	-7.741167454548	color=(237,248,177)
3	36	37	-9.0106337741298	color=(255,255,217)
3	37	38	-6.4608527286175	color=(237,248,177)
3	38	39	-6.23695736458855	color=(237,248,177)
3	39	40	-5.4342778616375	color=(199,233,180)
3	40	41	-6.39236933150125	color=(237,248,177)
3	41	42	-7.24425563672075	color=(237,248,177)
3	42	43	-5.7391270317325	color=(237,248,177)
3	43	44	-6.4493236464495	color=(237,248,177)
3	44	45	-7.089803373193	color=(237,248,177)
3	45	46	-5.92816372433335	color=(237,248,177)
3	46	47	-7.36598846283	color=(237,248,177)
3	47	48	-7.639679239747	color=(237,248,177)
3	48	49	-6.811565148335	color=(237,248,177)
3	49	50	-5.3322023374895	color=(199,233,180)
3	50	51	-5.56597346136275	color=(237,248,177)
3	51	52	-5.7858129985025	color=(237,248,177)
3	52	53	-5.41405664267325	color=(199,233,180)
3	53	54	-7.3957103557325	color=(237,248,177)
3	55	56	-6.1457373125425	color=(237,248,177)
3	56	57	-5.5232576336075	color=(199,233,180)
3	57	58	-5.7846693661075	color=(237,248,177)
3	58	59	-7.31868465945825	color=(237,248,177)
3	59	60	-9.1621893720295	color=(255,255,217)
3	60	61	-7.25787391549	color=(237,248,177)
3	61	62	-5.59256139787287	color=(237,248,177)
3	62	63	-6.46105453178225	color=(237,248,177)
3	63	64	-5.699676156136	color=(237,248,177)
3	64	65	-5.560249637947	color=(237,248,177)
3	65	66	-8.023403261805	color=(255,255,217)
3	66	67	-5.65895328977875	color=(237,248,177)
3	67	68	-5.80922799041325	color=(237,248,177)
3	68	69	-9.31099320496258	color=(255,255,217)
3	69	70	-6.13999793521045	color=(237,248,177)
3	70	71	-9.66986481635323	color=(255,255,217)
3	71	72	-8.660901597489	color=(255,255,217)
3	72	73	-5.2396092178275	color=(199,233,180)
3	73	74	-6.19160546795093	color=(237,248,177)
3	74	75	-5.91671872454025	color=(237,248,177)
3	75	76	-5.85111981470625	color=(237,248,177)
3	76	77	-5.476019811457	color=(199,233,180)
3	77	78	-4.98716939515	color=(199,233,180)
3	78	79	-7.7463777006075	color=(237,248,177)
3	79	80	-9.091904667019	color=(255,255,217)
3	80	81	-6.11723025017925	color=(237,248,177)
3	81	82	-5.243747251633	color=(199,233,180)
3	82	83	-6.5861100777825	color=(237,248,177)
3	83	84	-5.599171611495	color=(237,248,177)
3	84	85	-7.1759230023825	color=(237,248,177)
3	85	86	-8.46512692303175	color=(255,255,217)
3	86	87	-5.7227887587975	color=(237,248,177)
3	87	88	-6.27384012744073	color=(237,248,177)
3	88	89	-6.6514626902625	color=(237,248,177)
3	89	90	-7.625874949448	color=(237,248,177)
3	90	91	-5.6806766602905	color=(237,248,177)
3	91	92	-5.11189663610625	color=(199,233,180)
3	92	93	-6.3429013602725	color=(237,248,177)
3	93	94	-5.47180224053398	color=(199,233,180)
3	94	95	-5.85743706332422	color=(237,248,177)
3	95	96	-7.24841403181125	color=(237,248,177)
3	96	97	-6.5462198295775	color=(237,248,177)
3	97	98	-5.80623874754525	color=(237,248,177)
3	98	99	-5.946856103875	color=(237,248,177)
3	99	100	-5.1786025630325	color=(199,233,180)
3	100	101	-6.0280168953505	color=(237,248,177)
3	101	102	-7.80639332753475	color=(255,255,217)
3	102	103	-5.14215475425525	color=(199,233,180)
3	103	104	-7.57441250121525	color=(237,248,177)
3	104	105	-7.945904231638	color=(255,255,217)
3	105	106	-5.52320421138722	color=(199,233,180)
3	106	107	-5.5528560568485	color=(199,233,180)
3	107	108	-8.3893583399325	color=(255,255,217)
3	108	109	-5.789467478631	color=(237,248,177)
3	109	110	-9.14509550952475	color=(255,255,217)
3	110	111	-5.5839296417275	color=(237,248,177)
3	111	112	-7.1977171205965	color=(237,248,177)
3	112	113	-6.2506191226825	color=(237,248,177)
3	113	114	-8.039358936019	color=(255,255,217)
3	114	115	-6.60907552012175	color=(237,248,177)
3	115	116	-7.06470124174225	color=(237,248,177)
3	116	117	-6.42110300621025	color=(237,248,177)
3	117	118	-5.434818730195	color=(199,233,180)
3	118	119	-7.070068233995	color=(237,248,177)
3	119	120	-7.48382275190087	color=(237,248,177)
3	120	121	-6.814191550153	color=(237,248,177)
3	121	122	-8.53402654115825	color=(255,255,217)
3	122	123	-5.2317246100065	color=(199,233,180)
3	123	124	-5.55025445098475	color=(199,233,180)
3	124	125	-5.98415409379925	color=(237,248,177)
3	125	126	-5.44700637505925	color=(199,233,180)
3	126	127	-6.95869629633	color=(237,248,177)
3	127	128	-5.464079789914	color=(199,233,180)
3	128	129	-8.30007852238	color=(255,255,217)
4	0	1	6.4864926413	color=(37,52,148)
4	1	2	5.28539122416	color=(34,94,168)
4	2	3	6.3379611486725	color=(37,52,148)
4	3	4	3.777356851925	color=(34,94,168)
4	4	5	4.52718862693	color=(34,94,168)
4	5	6	5.704350191125	color=(37,52,148)
4	6	7	6.1677423106185	color=(37,52,148)
4	7	8	3.1693656678875	color=(29,145,192)
4	8	9	5.802064872015	color=(37,52,148)
4	9	10	5.30107239394	color=(34,94,168)
4	10	11	6.2295382457125	color=(37,52,148)
4	11	12	4.9059281257075	color=(34,94,168)
4	12	13	5.25665567865	color=(34,94,168)
4	13	14	6.047412812245	color=(37,52,148)
4	14	15	6.20755115229	color=(37,52,148)
4	15	16	7.4224703191875	color=(37,52,148)
4	16	17	5.051181311183	color=(34,94,168)
4	17	18	4.59051447722825	color=(34,94,168)
4	18	19	6.1559987693125	color=(37,52,148)
4	19	20	7.1388077924275	color=(37,52,148)
4	20	21	6.7469176612325	color=(37,52,148)
4	21	22	8.45345988161	color=(8,29,88)
4	22	23	7.0223324976575	color=(37,52,148)
4	23	24	5.2565136306225	color=(34,94,168)
4	24	25	3.174338322195	color=(29,145,192)
4	25	26	4.3177149981575	color=(34,94,168)
4	26	27	6.7924668683825	color=(37,52,148)
4	27	28	3.5603167165575	color=(34,94,168)
4	28	29	3.95715130081	color=(34,94,168)
4	29	30	5.610215662775	color=(37,52,148)
4	30	31	5.51863599425	color=(34,94,168)
4	31	32	3.855001700515	color=(34,94,168)
4	32	33	6.356359263175	color=(37,52,148)
4	33	34	6.9317755021025	color=(37,52,148)
4	34	35	3.3758145748	color=(34,94,168)
4	35	36	5.661487382895	color=(37,52,148)
4	36	37	5.783444872515	color=(37,52,148)
4	37	38	6.775190697665	color=(37,52,148)
4	38	39	4.1399729188985	color=(34,94,168)
4	39	40	5.90871153187	color=(37,52,148)
4	40	41	6.91528402633475	color=(37,52,148)
4	41	42	3.4962108340675	color=(34,94,168)
4	42	43	2.7811616991925	color=(29,145,192)
4	43	44	4.9816260727775	color=(34,94,168)
4	44	45	4.8308531486375	color=(34,94,168)
4	45	46	3.676272847275	color=(34,94,168)
4	46	47	6.7284965659975	color=(37,52,148)
4	47	48	7.677843177834	color=(37,52,148)
4	48	49	5.39822541002825	color=(34,94,168)
4	49	50	4.1291205992	color=(34,94,168)
4	50	51	6.64697591027	color=(37,52,148)
4	51	52	4.6211954491675	color=(34,94,168)
4	52	53	3.762134169318	color=(34,94,168)
4	53	54	4.520911030495	color=(34,94,168)
4	54	55	4.3363701203025	color=(34,94,168)
4	55	56	4.95487006579925	color=(34,94,168)
4	56	57	3.6480552832445	color=(34,94,168)
4	57	58	7.0075639095825	color=(37,52,148)
4	58	59	8.3583043980975	color=(8,29,88)
4	59	60	5.3002395434025	color=(34,94,168)
4	60	61	3.52755109715875	color=(34,94,168)
4	61	62	6.63220552339	color=(37,52,148)
4	62	63	5.8285335127525	color=(37,52,148)
4	63	64	4.65301105263	color=(34,94,168)
4	64	65	4.07476683644073	color=(34,94,168)
4	65	66	6.7040519414775	color=(37,52,148)
4	66	67	6.33580622561	color=(37,52,148)
4	67	68	5.98091459429	color=(37,52,148)
4	68	69	3.33740877025025	color=(34,94,168)
4	69	70	5.44497077943	color=(34,94,168)
4	70	71	6.1937419419425	color=(37,52,148)
5	0	1	1.52172971244775	color=(29,145,192)
5	1	2	4.833463450075	color=(34,94,168)
5	2	3	1.6869418928	color=(29,145,192)
5	3	4	1.44918529565	color=(29,145,192)
5	4	5	0.7715724286575	color=(65,182,196)
5	5	6	1.1750757669	color=(29,145,192)
5	6	7	0.3977972536225	color=(65,182,196)
5	7	8	2.3830525742	color=(29,145,192)
5	8	9	2.047355806155	color=(29,145,192)
5	9	10	1.56538520699	color=(29,145,192)
5	10	11	1.861963229785	color=(29,145,192)
5	11	12	0.6630363629675	color=(65,182,196)
5	12	13	2.1868678014145	color=(29,145,192)
5	13	14	1.52526630185	color=(29,145,192)
5	14	15	0.93596427727145	color=(65,182,196)
5	15	16	0.512893498952501	color=(65,182,196)
5	16	17	4.19319288801	color=(34,94,168)
5	17	18	1.1278691730979	color=(29,145,192)
5	18	19	0.4493552635425	color=(65,182,196)
5	19	20	0.7410383758325	color=(65,182,196)
5	20	21	-0.11702112201	color=(65,182,196)
5	21	22	3.230215933431	color=(29,145,192)
5	22	23	1.27199865185425	color=(29,145,192)
5	23	24	0.778038949507501	color=(65,182,196)
5	24	25	1.3970741195825	color=(29,145,192)
5	25	26	2.0793812906825	color=(29,145,192)
5	26	27	1.5723688459025	color=(29,145,192)
5	27	28	2.5964398161925	color=(29,145,192)
5	28	29	1.383099660825	color=(29,145,192)
5	29	30	0.8565860547275	color=(65,182,196)
5	30	31	1.8765843218952	color=(29,145,192)
5	31	32	0.668585599475	color=(65,182,196)
5	32	33	3.1544253483975	color=(29,145,192)
5	33	34	2.6467023694075	color=(29,145,192)
5	34	35	0.649811575778625	color=(65,182,196)
5	35	36	0.9298818284975	color=(65,182,196)
5	36	37	0.0670215584624998	color=(65,182,196)
5	37	38	0.7063155508325	color=(65,182,196)
5	38	39	0.6961721924525	color=(65,182,196)
5	39	40	0.940131205225001	color=(65,182,196)
5	40	41	2.4173678038925	color=(29,145,192)
5	41	42	1.1441121343275	color=(29,145,192)
5	42	43	1.71897771125	color=(29,145,192)
5	43	44	1.717515003955	color=(29,145,192)
5	44	45	1.1121960117975	color=(29,145,192)
5	45	46	0.963756307000001	color=(65,182,196)
5	46	47	1.9710668062075	color=(29,145,192)
5	47	48	0.3897403374525	color=(65,182,196)
5	48	49	0.748287510299999	color=(65,182,196)
5	49	50	0.9853284740975	color=(65,182,196)
5	50	51	2.09092532427	color=(29,145,192)
5	51	52	3.3380268810275	color=(34,94,168)
5	52	53	0.8660491580375	color=(65,182,196)
5	53	54	0.6845451606375	color=(65,182,196)
5	54	55	1.046299747525	color=(65,182,196)
5	55	56	3.4176918732875	color=(34,94,168)
5	56	57	-0.2726612159375	color=(65,182,196)
5	57	58	1.7128485036175	color=(29,145,192)
5	58	59	1.876740609935	color=(29,145,192)
5	59	60	2.1905782003175	color=(29,145,192)
5	60	61	0.273505397895	color=(65,182,196)
5	61	62	4.3102954903375	color=(34,94,168)
5	62	63	3.982218324015	color=(34,94,168)
5	63	64	1.220318853425	color=(29,145,192)
5	64	65	2.6740356646	color=(29,145,192)
5	65	66	1.100515757445	color=(29,145,192)
5	66	67	1.6794530328325	color=(29,145,192)
5	67	68	0.0307549971224996	color=(65,182,196)
5	68	69	2.249478963145	color=(29,145,192)
5	69	70	1.9747936892725	color=(29,145,192)
5	70	71	1.7050706152625	color=(29,145,192)
5	71	72	1.19129885923	color=(29,145,192)
5	72	73	0.0579658144974999	color=(65,182,196)
5	73	74	1.0511480516625	color=(65,182,196)
5	74	75	1.6273909566975	color=(29,145,192)
5	75	76	0.2775726291125	color=(65,182,196)
5	76	77	1.923904199015	color=(29,145,192)
5	77	78	1.2632007385695	color=(29,145,192)
5	78	79	1.6370585929575	color=(29,145,192)
5	79	80	1.3689836703125	color=(29,145,192)
5	80	81	0.69843785335	color=(65,182,196)
5	81	82	1.589500230075	color=(29,145,192)
5	82	83	3.3412183578925	color=(34,94,168)
5	83	84	1.0654532642	color=(65,182,196)
5	84	85	1.5389592686875	color=(29,145,192)
5	85	86	0.59181185017925	color=(65,182,196)
5	86	87	2.072574274175	color=(29,145,192)
5	87	88	1.5828712498	color=(29,145,192)
5	88	89	1.3366854777275	color=(29,145,192)
5	89	90	1.2008774911	color=(29,145,192)
5	90	91	1.41973124957	color=(29,145,192)
5	91	92	0.901957081215	color=(65,182,196)
5	92	93	0.8842097725325	color=(65,182,196)
5	93	94	1.372682010125	color=(29,145,192)
5	94	95	1.943617190495	color=(29,145,192)
5	95	96	0.89310956840525	color=(65,182,196)
5	96	97	2.5987522878	color=(29,145,192)
5	97	98	1.8571170422	color=(29,145,192)
5	98	99	1.546659492823	color=(29,145,192)
5	99	100	2.206609243685	color=(29,145,192)
5	100	101	0.0803048717574999	color=(65,182,196)
5	101	102	2.2315132403575	color=(29,145,192)
5	102	103	1.989329816625	color=(29,145,192)
5	103	104	1.1029162376275	color=(29,145,192)
5	104	105	0.2770407746935	color=(65,182,196)
5	105	106	-0.2793003167275	color=(65,182,196)
5	106	107	1.9186493012275	color=(29,145,192)
5	107	108	-0.0444417436375	color=(65,182,196)
5	108	109	1.07674743552725	color=(65,182,196)
5	109	110	1.86198262926	color=(29,145,192)
5	110	111	1.11488092846	color=(29,145,192)
5	111	112	1.4479431965725	color=(29,145,192)
5	112	113	0.5309371179325	color=(65,182,196)
5	113	114	2.93348447375	color=(29,145,192)
5	114	115	1.4344597410625	color=(29,145,192)
5	115	116	1.84792088916	color=(29,145,192)
5	116	117	0.63822998491	color=(65,182,196)
5	117	118	2.2170451704625	color=(29,145,192)
5	118	119	1.6136996412925	color=(29,145,192)
5	119	120	0.5902233141175	color=(65,182,196)
5	120	121	2.4873099983	color=(29,145,192)
5	121	122	0.8579863615	color=(65,182,196)
5	122	123	0.481759448745	color=(65,182,196)
5	123	124	2.475625765315	color=(29,145,192)
5	124	125	-0.4624606172175	color=(65,182,196)
5	125	126	0.7047163578275	color=(65,182,196)
5	126	127	3.1760855904425	color=(29,145,192)
5	127	128	-0.1730819634325	color=(65,182,196)
5	128	129	0.885127731675	color=(65,182,196)
5	129	130	1.6383092594125	color=(29,145,192)
5	130	131	3.3456310410575	color=(34,94,168)
5	131	132	1.4098353234	color=(29,145,192)
5	132	133	0.938120151744998	color=(65,182,196)
5	133	134	0.5054710572225	color=(65,182,196)
5	134	135	0.6862094636025	color=(65,182,196)
5	135	136	0.776037850802501	color=(65,182,196)
5	136	137	1.984793716125	color=(29,145,192)
5	137	138	2.2428193949125	color=(29,145,192)
5	138	139	2.0832633605975	color=(29,145,192)
5	139	140	1.5795055282475	color=(29,145,192)
5	140	141	-0.3136453883525	color=(65,182,196)
5	141	142	0.575293461487499	color=(65,182,196)
5	142	143	0.846698020774999	color=(65,182,196)
5	143	144	1.02714707309	color=(65,182,196)
5	144	145	0.5623169825225	color=(65,182,196)
5	145	146	1.03158311934425	color=(65,182,196)
5	146	147	3.1742496408725	color=(29,145,192)
5	147	148	0.6737140681475	color=(65,182,196)
5	148	149	1.90466849954	color=(29,145,192)
5	149	150	1.43362130946	color=(29,145,192)
5	150	151	0.77582353405	color=(65,182,196)
5	151	152	1.391951149345	color=(29,145,192)
5	152	153	0.9020305808	color=(65,182,196)
5	153	154	1.36365303383	color=(29,145,192)
5	154	155	0.9004804153025	color=(65,182,196)
5	155	156	3.370244365505	color=(34,94,168)
5	156	157	2.36069861901	color=(29,145,192)
5	157	158	2.7438841686125	color=(29,145,192)
5	158	159	2.124971047025	color=(29,145,192)
5	159	160	0.3863937448775	color=(65,182,196)
5	160	161	2.2100187070615	color=(29,145,192)
5	161	162	2.42462438318	color=(29,145,192)
5	162	163	2.8330996980675	color=(29,145,192)
5	163	164	1.6895281018	color=(29,145,192)
5	164	165	2.0242528193325	color=(29,145,192)
5	165	166	2.4044009287725	color=(29,145,192)
6	0	1	-3.8901907132475	color=(199,233,180)
6	1	2	-4.970770626748	color=(199,233,180)
6	2	3	-4.50146810656715	color=(199,233,180)
6	3	4	-3.3486357518175	color=(199,233,180)
6	4	5	-2.8836823849975	color=(127,205,187)
6	5	6	-2.5324406396725	color=(127,205,187)
6	6	7	-2.7654935698925	color=(127,205,187)
6	7	8	-4.4400146710175	color=(199,233,180)
6	8	9	-4.81331374078225	color=(199,233,180)
6	9	10	-3.7599322432029	color=(199,233,180)
6	10	11	-4.91308768398375	color=(199,233,180)
6	11	12	-3.33344005658713	color=(127,205,187)
6	12	13	-4.118390748605	color=(199,233,180)
6	13	14	-4.7476179275925	color=(199,233,180)
6	14	15	-3.860381436105	color=(199,233,180)
6	15	16	-3.721792130249	color=(199,233,180)
6	16	17	-5.128832801455	color=(199,233,180)
6	17	18	-3.99854002033	color=(199,233,180)
6	18	19	-3.917407999095	color=(199,233,180)
6	19	20	-4.9878830323075	color=(199,233,180)
6	20	21	-5.13704934482575	color=(199,233,180)
6	21	22	-5.3606153708045	color=(199,233,180)
6	22	23	-4.10916759339025	color=(199,233,180)
6	23	24	-4.963267587145	color=(199,233,180)
6	24	25	-4.2029252214375	color=(199,233,180)
6	25	26	-4.165319735205	color=(199,233,180)
6	26	27	-4.43256788853	color=(199,233,180)
6	27	28	-5.49128911284125	color=(199,233,180)
6	28	29	-3.609018633065	color=(199,233,180)
6	29	30	-4.36181267590325	color=(199,233,180)
6	30	31	-4.609872873018	color=(199,233,180)
6	31	32	-4.2134281902925	color=(199,233,180)
6	32	33	-3.463108881665	color=(199,233,180)
6	33	34	-4.3783843560275	color=(199,233,180)
6	34	35	-3.30709358815	color=(127,205,187)
6	35	36	-3.0147900142225	color=(127,205,187)
6	36	37	-3.945524613825	color=(199,233,180)
6	37	38	-2.8192099125	color=(127,205,187)
6	38	39	-2.8727908593925	color=(127,205,187)
6	39	40	-4.58399182093975	color=(199,233,180)
6	40	41	-3.74486613855125	color=(199,233,180)
6	41	42	-3.767829523194	color=(199,233,180)
6	42	43	-4.5240612152975	color=(199,233,180)
6	43	44	-4.8860090776275	color=(199,233,180)
6	44	45	-2.9412265559125	color=(127,205,187)
6	45	46	-4.75332391960575	color=(199,233,180)
6	46	47	-5.0669844959625	color=(199,233,180)
6	47	48	-4.0286036443675	color=(199,233,180)
6	48	49	-4.0451203896025	color=(199,233,180)
6	49	50	-3.662162258365	color=(199,233,180)
6	50	51	-5.24246036807525	color=(199,233,180)
6	51	52	-2.83018111886	color=(127,205,187)
6	52	53	-2.3490563990375	color=(127,205,187)
6	53	54	-2.8659591443075	color=(127,205,187)
6	54	55	-3.39882670987475	color=(199,233,180)
6	55	56	-4.63540153773	color=(199,233,180)
6	56	57	-3.9609712970325	color=(199,233,180)
6	57	58	-4.9213127763905	color=(199,233,180)
6	58	59	-5.30444181536475	color=(199,233,180)
6	59	60	-3.1073415091875	color=(127,205,187)
6	60	61	-4.19534265243425	color=(199,233,180)
6	61	62	-3.08761354592	color=(127,205,187)
6	62	63	-2.756675756155	color=(127,205,187)
6	63	64	-5.08288885638525	color=(199,233,180)
6	64	65	-5.12515049231375	color=(199,233,180)
6	65	66	-4.583858638076	color=(199,233,180)
6	66	67	-2.87991728089	color=(127,205,187)
6	67	68	-3.3110803342235	color=(127,205,187)
6	68	69	-3.25896980423708	color=(127,205,187)
6	69	70	-3.54695393684425	color=(199,233,180)
6	70	71	-5.44854523353225	color=(199,233,180)
6	71	72	-3.38006811163425	color=(199,233,180)
6	72	73	-3.5166009333425	color=(199,233,180)
6	73	74	-2.989063936895	color=(127,205,187)
6	74	75	-2.7421393153025	color=(127,205,187)
6	75	76	-3.8627775068655	color=(199,233,180)
6	76	77	-4.441476281152	color=(199,233,180)
6	77	78	-4.82017335551	color=(199,233,180)
6	78	79	-3.9447965835655	color=(199,233,180)
6	79	80	-2.923236738745	color=(127,205,187)
6	80	81	-3.7039492121175	color=(199,233,180)
6	81	82	-4.81664287724075	color=(199,233,180)
6	82	83	-4.309827888029	color=(199,233,180)
6	83	84	-4.037333064605	color=(199,233,180)
6	84	85	-4.195380766365	color=(199,233,180)
6	85	86	-3.37849753731	color=(199,233,180)
6	86	87	-3.5198764362475	color=(199,233,180)
6	87	88	-4.9820193102285	color=(199,233,180)
6	88	89	-4.325682824815	color=(199,233,180)
6	89	90	-4.2557572639925	color=(199,233,180)
6	90	91	-5.06750938006575	color=(199,233,180)
6	91	92	-3.01766612452	color=(127,205,187)
6	92	93	-4.24074816532	color=(199,233,180)
6	93	94	-3.069507159035	color=(127,205,187)
6	94	95	-4.17571948395475	color=(199,233,180)
6	95	96	-4.544165582187	color=(199,233,180)
6	96	97	-4.6413520994775	color=(199,233,180)
6	97	98	-4.17420015809475	color=(199,233,180)
6	98	99	-5.279305661799	color=(199,233,180)
6	99	100	-2.738367226145	color=(127,205,187)
6	100	101	-2.9761420778	color=(127,205,187)
6	101	102	-4.17672175913125	color=(199,233,180)
6	102	103	-4.75988068152025	color=(199,233,180)
6	103	104	-3.104248065135	color=(127,205,187)
6	104	105	-3.8369856297875	color=(199,233,180)
6	105	106	-2.54338489854075	color=(127,205,187)
6	106	107	-2.81713499878	color=(127,205,187)
6	107	108	-4.2558612287375	color=(199,233,180)
6	108	109	-3.09081249458975	color=(127,205,187)
6	109	110	-3.7356123945375	color=(199,233,180)
6	110	111	-4.68687091405475	color=(199,233,180)
6	111	112	-4.257120520445	color=(199,233,180)
6	112	113	-4.17696696087	color=(199,233,180)
6	113	114	-4.171291149345	color=(199,233,180)
6	114	115	-3.4175520635085	color=(199,233,180)
6	115	116	-4.966893055059	color=(199,233,180)
6	116	117	-4.846939265075	color=(199,233,180)
6	117	118	-5.26964753058	color=(199,233,180)
6	118	119	-4.7538051303725	color=(199,233,180)
6	119	120	-5.9157058752275	color=(237,248,177)
6	120	121	-4.7622869363	color=(199,233,180)
6	121	122	-4.26370209941175	color=(199,233,180)
6	122	123	-4.38027258824175	color=(199,233,180)
6	123	124	-3.946498939975	color=(199,233,180)
6	124	125	-3.4587526834175	color=(199,233,180)
6	125	126	-4.241105329615	color=(199,233,180)
6	126	127	-5.1476324654595	color=(199,233,180)
6	127	128	-3.26561000042875	color=(127,205,187)
6	128	129	-2.74237940763375	color=(127,205,187)
6	129	130	-3.2117570083425	color=(127,205,187)
6	130	131	-3.854090101655	color=(199,233,180)
6	131	132	-4.44476243610125	color=(199,233,180)
6	132	133	-5.20631281234225	color=(199,233,180)
6	133	134	-2.7898432356685	color=(127,205,187)
6	134	135	-3.725819602572	color=(199,233,180)
6	135	136	-3.4738760908275	color=(199,233,180)
6	136	137	-2.94526178176775	color=(127,205,187)
6	137	138	-5.13544143175025	color=(199,233,180)
6	138	139	-4.317771500099	color=(199,233,180)
6	139	140	-3.61696892641	color=(199,233,180)
6	140	141	-3.11878203221775	color=(127,205,187)
6	141	142	-3.5218685587265	color=(199,233,180)
6	142	143	-2.95816405702225	color=(127,205,187)
6	143	144	-3.94630302908	color=(199,233,180)
6	144	145	-3.069191790893	color=(127,205,187)
6	145	146	-4.04427465994125	color=(199,233,180)
6	146	147	-4.60485486998875	color=(199,233,180)
6	147	148	-4.837706268065	color=(199,233,180)
6	148	149	-3.9148616371	color=(199,233,180)
6	149	150	-3.6407127330425	color=(199,233,180)
6	150	151	-5.4817335301675	color=(199,233,180)
6	151	152	-3.58367474186825	color=(199,233,180)
6	152	153	-3.1851422222225	color=(127,205,187)
6	153	154	-4.5709963343375	color=(199,233,180)
6	154	155	-3.38611425013112	color=(199,233,180)
6	155	156	-3.1884385895475	color=(127,205,187)
6	156	157	-4.267757628674	color=(199,233,180)
6	157	158	-3.60927657353625	color=(199,233,180)
6	158	159	-2.95587464070675	color=(127,205,187)
6	159	160	-4.121346003579	color=(199,233,180)
6	160	161	-2.87262439889	color=(127,205,187)
6	161	162	-3.8536459697225	color=(199,233,180)
6	162	163	-4.8294279236465	color=(199,233,180)
6	163	164	-5.6074076664025	color=(237,248,177)
6	164	165	-3.1079091673525	color=(127,205,187)
6	165	166	-4.2671501691025	color=(199,233,180)
6	166	167	-3.59367842279	color=(199,233,180)
6	167	168	-2.664082300688	color=(127,205,187)
6	168	169	-3.08701494103275	color=(127,205,187)
6	169	170	-4.49374968511417	color=(199,233,180)
6	170	171	-3.94248317947	color=(199,233,180)
6	171	172	-4.47689215698625	color=(199,233,180)
6	172	173	-3.219265490995	color=(127,205,187)
6	173	174	-3.1782239237675	color=(127,205,187)
6	174	175	-3.308050292635	color=(127,205,187)
6	175	176	-3.5905428805825	color=(199,233,180)
6	176	177	-3.934412208431	color=(199,233,180)
6	177	178	-3.9560194758225	color=(199,233,180)
6	178	179	-4.25859682041175	color=(199,233,180)
7	0	1	-2.92862745326075	color=(127,205,187)
7	1	2	-1.3073458222175	color=(127,205,187)
7	2	3	-4.995572409722	color=(199,233,180)
7	3	4	-4.320941170004	color=(199,233,180)
7	4	5	-3.20725187035	color=(127,205,187)
7	5	6	-3.21593724172683	color=(127,205,187)
7	6	7	-6.56404151073925	color=(237,248,177)
7	7	8	-4.3010573463075	color=(199,233,180)
7	8	9	-5.56157591767925	color=(237,248,177)
7	9	10	-3.8930256235775	color=(199,233,180)
7	10	11	-6.607640701717	color=(237,248,177)
7	11	12	-6.248846708896	color=(237,248,177)
7	12	13	-5.2825674190975	color=(199,233,180)
7	13	14	-3.23901830149825	color=(127,205,187)
7	14	15	-4.227923324631	color=(199,233,180)
7	15	16	-3.68595355293	color=(199,233,180)
7	16	17	-5.931866130654	color=(237,248,177)
7	17	18	-5.74810297537925	color=(237,248,177)
7	18	19	-3.54342127216	color=(199,233,180)
7	19	20	-6.17676182508425	color=(237,248,177)
7	20	21	-6.1422692591775	color=(237,248,177)
7	21	22	-3.8241321829785	color=(199,233,180)
7	22	23	-2.4986747565425	color=(127,205,187)
7	23	24	-5.08324983916125	color=(199,233,180)
7	24	25	-3.915841138075	color=(199,233,180)
7	25	26	-3.361144263833	color=(199,233,180)
7	26	27	-1.731279969855	color=(127,205,187)
7	27	28	-4.50136613201375	color=(199,233,180)
7	28	29	-4.2557688993625	color=(199,233,180)
7	29	30	-5.01004792291775	color=(199,233,180)
7	30	31	-3.3324098556825	color=(127,205,187)
7	31	32	-5.23628684595	color=(199,233,180)
7	32	33	-4.9400120136375	color=(199,233,180)
7	33	34	-3.8752425366775	color=(199,233,180)
7	34	35	-6.12715480965913	color=(237,248,177)
7	35	36	-5.52427928922825	color=(199,233,180)
7	36	37	-2.0244185373725	color=(127,205,187)
7	37	38	-1.6583215200775	color=(127,205,187)
7	38	39	-4.739852159935	color=(199,233,180)
7	39	40	-3.5068568599675	color=(199,233,180)
7	40	41	-2.8451729456645	color=(127,205,187)
7	41	42	-5.13232795249	color=(199,233,180)
7	42	43	-4.971719049822	color=(199,233,180)
7	43	44	-3.30673624879	color=(127,205,187)
7	44	45	-3.0048274621775	color=(127,205,187)
7	45	46	-4.8658242397595	color=(199,233,180)
7	46	47	-2.7618226855875	color=(127,205,187)
7	47	48	-2.07653739233425	color=(127,205,187)
7	48	49	-2.0648649199975	color=(127,205,187)
7	49	50	-4.93762678349525	color=(199,233,180)
7	50	51	-4.81181568934875	color=(199,233,180)
7	51	52	-5.2156681252975	color=(199,233,180)
7	52	53	-2.3017508736975	color=(127,205,187)
7	53	54	-2.997307347885	color=(127,205,187)
7	54	55	-2.818222522665	color=(127,205,187)
7	55	56	-6.29032978466525	color=(237,248,177)
7	56	57	-2.17502264949103	color=(127,205,187)
7	57	58	-5.112597023026	color=(199,233,180)
7	58	59	-5.36234886793175	color=(199,233,180)
7	59	60	-3.69962449404625	color=(199,233,180)
7	60	61	-3.9305593524375	color=(199,233,180)
7	61	62	-5.49769158892925	color=(199,233,180)
7	62	63	-4.6791909590355	color=(199,233,180)
7	63	64	-5.396375841819	color=(199,233,180)
7	64	65	-4.69882538224225	color=(199,233,180)
7	65	66	-3.91229931744	color=(199,233,180)
7	66	67	-3.5401472707125	color=(199,233,180)
7	67	68	-4.361428533257	color=(199,233,180)
7	68	69	-3.0093797551675	color=(127,205,187)
7	69	70	-3.86032280525	color=(199,233,180)
7	70	71	-5.017924726071	color=(199,233,180)
7	71	72	-2.91760438084	color=(127,205,187)
7	72	73	-2.1538518319905	color=(127,205,187)
7	73	74	-2.825307086335	color=(127,205,187)
7	74	75	-3.8248593704425	color=(199,233,180)
7	75	76	-4.3451020720275	color=(199,233,180)
7	76	77	-4.0698237156275	color=(199,233,180)
7	77	78	-5.58051278307325	color=(237,248,177)
7	78	79	-4.5035719730225	color=(199,233,180)
7	79	80	-5.8577719568618	color=(237,248,177)
7	80	81	-3.91173870886125	color=(199,233,180)
7	81	82	-3.33407813938175	color=(127,205,187)
7	82	83	-3.9899535972425	color=(199,233,180)
7	83	84	-3.3431347585975	color=(199,233,180)
7	84	85	-4.088453410525	color=(199,233,180)
7	85	86	-2.634808792685	color=(127,205,187)
8	0	1	1.0831075422325	color=(65,182,196)
8	1	2	3.245042730555	color=(29,145,192)
8	2	3	-0.32141778777975	color=(65,182,196)
8	3	4	1.248027199625	color=(29,145,192)
8	4	5	-1.7075355763425	color=(127,205,187)
8	5	6	2.5942585153675	color=(29,145,192)
8	6	7	-0.0908135472349993	color=(65,182,196)
8	7	8	3.3465583126125	color=(34,94,168)
8	8	9	0.9413879819665	color=(65,182,196)
8	9	10	-0.567283740455	color=(65,182,196)
8	10	11	1.6786616979525	color=(29,145,192)
8	11	12	0.1376369138725	color=(65,182,196)
8	12	13	1.7988706054125	color=(29,145,192)
8	13	14	0.59984307721925	color=(65,182,196)
8	14	15	1.5809938115275	color=(29,145,192)
8	15	16	-0.0308371982525	color=(65,182,196)
8	16	17	-0.298472561827499	color=(65,182,196)
8	17	18	-1.411784860675	color=(127,205,187)
8	18	19	1.2734316737975	color=(29,145,192)
8	19	20	-1.28525312695275	color=(127,205,187)
8	20	21	1.21838601465725	color=(29,145,192)
8	21	22	0.745033539025	color=(65,182,196)
8	22	23	-0.740133908905	color=(65,182,196)
8	23	24	-1.3641394522125	color=(127,205,187)
8	24	25	0.3776877539275	color=(65,182,196)
8	25	26	0.520789635372499	color=(65,182,196)
8	26	27	3.5960339371625	color=(34,94,168)
8	27	28	-0.758455628135	color=(65,182,196)
8	28	29	-1.2216373848545	color=(127,205,187)
8	29	30	-1.06392200747025	color=(65,182,196)
8	30	31	1.6876857206175	color=(29,145,192)
8	31	32	1.79918095234625	color=(29,145,192)
8	32	33	0.19668063665	color=(65,182,196)
8	33	34	-0.837141999745	color=(65,182,196)
8	34	35	0.5284374508875	color=(65,182,196)
8	35	36	2.00442025005	color=(29,145,192)
8	36	37	1.210102	color=(29,145,192)
8	37	38	1.912051	color=(29,145,192)
8	38	39	0.3937556	color=(65,182,196)
8	39	40	-1.14816	color=(127,205,187)
8	40	41	1.651901	color=(29,145,192)
8	41	42	1.59065	color=(29,145,192)
8	42	43	1.316441	color=(29,145,192)
8	43	44	-0.4533997	color=(65,182,196)
8	44	45	-1.263291	color=(127,205,187)
8	45	46	2.447382	color=(29,145,192)
8	46	47	0.7010295	color=(65,182,196)
8	47	48	1.156626	color=(29,145,192)
8	48	49	1.159314	color=(29,145,192)
8	49	50	-0.6891466	color=(65,182,196)
8	50	51	-0.47851	color=(65,182,196)
8	51	52	0.6715523	color=(65,182,196)
8	52	53	1.746947	color=(29,145,192)
8	53	54	1.49746	color=(29,145,192)
8	54	55	1.03842	color=(65,182,196)
8	55	56	-0.7492628	color=(65,182,196)
8	56	57	0.5274211	color=(65,182,196)
8	57	58	0.492871	color=(65,182,196)
8	58	59	-1.57448	color=(127,205,187)
8	59	60	0.149734	color=(65,182,196)
8	60	61	0.6313398	color=(65,182,196)
8	61	62	0.09533368	color=(65,182,196)
8	62	63	-0.8732587	color=(65,182,196)
8	63	64	2.444332	color=(29,145,192)
8	64	65	0.5250156	color=(65,182,196)
8	65	66	2.551462	color=(29,145,192)
8	66	67	-1.104624	color=(65,182,196)
8	67	68	-0.4848583	color=(65,182,196)
8	68	69	2.020367	color=(29,145,192)
8	69	70	-0.3129581	color=(65,182,196)
8	70	71	0.2029588	color=(65,182,196)
8	71	72	1.060745	color=(65,182,196)
8	72	73	-1.111578	color=(65,182,196)
8	73	74	0.9841662	color=(65,182,196)
8	74	75	-0.6227157	color=(65,182,196)
8	75	76	0.08959074	color=(65,182,196)
8	76	77	0.32323	color=(65,182,196)
8	77	78	-0.09154817	color=(65,182,196)
8	78	79	2.059006	color=(29,145,192)
8	79	80	-0.8471839	color=(65,182,196)
8	80	81	-0.6533641	color=(65,182,196)
8	81	82	1.959936	color=(29,145,192)
8	82	83	-0.1877092	color=(65,182,196)
8	83	84	1.228409	color=(29,145,192)
8	84	85	0.1169912	color=(65,182,196)
8	85	86	-1.345536	color=(127,205,187)
8	86	87	0.7050191	color=(65,182,196)
8	87	88	1.915067	color=(29,145,192)
8	88	89	0.5167514	color=(65,182,196)
8	89	90	1.003909	color=(65,182,196)
8	90	91	2.966122	color=(29,145,192)
8	91	92	1.729472	color=(29,145,192)
8	92	93	-0.6410212	color=(65,182,196)
8	93	94	1.459715	color=(29,145,192)
8	94	95	1.375826	color=(29,145,192)
8	95	96	1.175482	color=(29,145,192)
8	96	97	1.660595	color=(29,145,192)
8	97	98	0.6219868	color=(65,182,196)
8	98	99	-1.514643	color=(127,205,187)
8	99	100	-1.29387	color=(127,205,187)
8	100	101	0.7416247	color=(65,182,196)
8	101	102	-0.2888054	color=(65,182,196)
8	102	103	1.830846	color=(29,145,192)
8	103	104	1.235852	color=(29,145,192)
8	104	105	-0.09126419	color=(65,182,196)
8	105	106	2.734637	color=(29,145,192)
8	106	107	-0.2700736	color=(65,182,196)
8	107	108	3.316996	color=(29,145,192)
8	108	109	-0.3816369	color=(65,182,196)
8	109	110	1.357483	color=(29,145,192)
8	110	111	1.662481	color=(29,145,192)
8	111	112	-1.702608	color=(127,205,187)
8	112	113	-0.5705627	color=(65,182,196)
8	113	114	-0.4788417	color=(65,182,196)
8	114	115	-0.0372961	color=(65,182,196)
8	115	116	-0.3481314	color=(65,182,196)
8	116	117	-1.132218	color=(127,205,187)
8	117	118	-0.7997552	color=(65,182,196)
8	118	119	0.1062511	color=(65,182,196)
8	119	120	1.768847	color=(29,145,192)
8	120	121	1.015348	color=(65,182,196)
8	121	122	-0.1028117	color=(65,182,196)
8	122	123	-1.368384	color=(127,205,187)
8	123	124	1.060155	color=(65,182,196)
9	0	1	3.339965	color=(34,94,168)
9	1	2	3.308378	color=(29,145,192)
9	2	3	2.844742	color=(29,145,192)
9	3	4	1.890907	color=(29,145,192)
9	4	5	3.095494	color=(29,145,192)
9	5	6	2.492238	color=(29,145,192)
9	6	7	4.54721	color=(34,94,168)
9	7	8	5.749554	color=(37,52,148)
9	8	9	2.803399	color=(29,145,192)
9	9	10	3.208268	color=(29,145,192)
9	10	11	3.425363	color=(34,94,168)
9	11	12	4.458923	color=(34,94,168)
9	12	13	3.877509	color=(34,94,168)
9	13	14	3.3262	color=(34,94,168)
9	14	15	3.332197	color=(34,94,168)
9	15	16	2.550336	color=(29,145,192)
9	16	17	3.242527	color=(29,145,192)
9	17	18	3.730609	color=(34,94,168)
9	18	19	5.726241	color=(37,52,148)
9	19	20	4.323467	color=(34,94,168)
9	20	21	4.123593	color=(34,94,168)
9	21	22	4.183918	color=(34,94,168)
9	22	23	4.393615	color=(34,94,168)
9	23	24	4.529644	color=(34,94,168)
9	24	25	4.823761	color=(34,94,168)
9	25	26	4.347219	color=(34,94,168)
9	26	27	6.212417	color=(37,52,148)
9	27	28	6.054356	color=(37,52,148)
9	28	29	3.890422	color=(34,94,168)
9	29	30	3.100204	color=(29,145,192)
9	30	31	3.074868	color=(29,145,192)
9	31	32	5.594685	color=(37,52,148)
9	32	33	1.672403	color=(29,145,192)
9	33	34	3.686033	color=(34,94,168)
9	34	35	1.822305	color=(29,145,192)
9	35	36	3.776332	color=(34,94,168)
9	36	37	4.135581	color=(34,94,168)
9	37	38	3.184056	color=(29,145,192)
9	38	39	3.492504	color=(34,94,168)
9	39	40	3.906826	color=(34,94,168)
9	40	41	3.617162	color=(34,94,168)
9	41	42	3.676122	color=(34,94,168)
9	42	43	3.568856	color=(34,94,168)
9	43	44	4.669888	color=(34,94,168)
9	44	45	2.719534	color=(29,145,192)
9	45	46	5.426332	color=(34,94,168)
9	46	47	3.186139	color=(29,145,192)
9	47	48	4.418626	color=(34,94,168)
9	48	49	2.43935	color=(29,145,192)
9	49	50	2.412228	color=(29,145,192)
9	50	51	6.006403	color=(37,52,148)
9	51	52	3.852601	color=(34,94,168)
9	52	53	3.966534	color=(34,94,168)
9	53	54	3.605411	color=(34,94,168)
9	54	55	3.524635	color=(34,94,168)
9	55	56	3.709931	color=(34,94,168)
9	56	57	4.134613	color=(34,94,168)
9	57	58	3.773458	color=(34,94,168)
9	58	59	5.618788	color=(37,52,148)
9	59	60	4.29207	color=(34,94,168)
