1	0	1	-0.602133445906	color=(65,182,196)
1	1	2	-0.4790831133	color=(65,182,196)
1	2	3	-2.160889953815	color=(127,205,187)
1	3	4	-2.397788779166	color=(127,205,187)
1	4	5	-3.99623011761	color=(199,233,180)
1	5	6	-3.59292659539	color=(199,233,180)
1	6	7	-2.112825204266	color=(127,205,187)
1	7	8	-1.770658020132	color=(127,205,187)
1	8	9	-2.6423315130832	color=(127,205,187)
1	9	10	-0.235500603742	color=(65,182,196)
1	10	11	-2.1301150062664	color=(127,205,187)
1	11	12	-0.7234982627722	color=(65,182,196)
1	12	13	-1.236947573908	color=(127,205,187)
1	13	14	-2.143601665012	color=(127,205,187)
1	14	15	-2.97247752439	color=(127,205,187)
1	15	16	-1.686021855558	color=(127,205,187)
1	16	17	-1.785036112486	color=(127,205,187)
1	17	18	-1.86001886837248	color=(127,205,187)
1	18	19	-1.6905250967952	color=(127,205,187)
1	19	20	-3.608974159304	color=(199,233,180)
1	20	21	-0.691708611799999	color=(65,182,196)
1	21	22	-2.8761175265204	color=(127,205,187)
1	22	23	-1.31379885257272	color=(127,205,187)
1	23	24	-3.20130667063	color=(127,205,187)
1	24	25	-2.828871312952	color=(127,205,187)
1	25	26	-1.8795679577698	color=(127,205,187)
1	26	27	-3.6591737228852	color=(199,233,180)
1	27	28	-2.628869879906	color=(127,205,187)
1	28	29	-2.677905471684	color=(127,205,187)
1	29	30	-0.1664522305194	color=(65,182,196)
1	30	31	-1.562309775898	color=(127,205,187)
1	31	32	-3.8369534965328	color=(199,233,180)
1	32	33	-0.972178021744	color=(65,182,196)
1	33	34	-1.773658817726	color=(127,205,187)
1	34	35	-1.73091524275	color=(127,205,187)
1	35	36	-2.791604144892	color=(127,205,187)
1	36	37	-2.706247215116	color=(127,205,187)
1	37	38	-1.437755174402	color=(127,205,187)
1	38	39	-1.807752141315	color=(127,205,187)
1	39	40	-0.900891574136001	color=(65,182,196)
1	40	41	-1.5451377998988	color=(127,205,187)
1	41	42	-3.343687431832	color=(199,233,180)
1	42	43	-3.13427779735	color=(127,205,187)
1	43	44	-0.8265890465488	color=(65,182,196)
1	44	45	-2.263080254284	color=(127,205,187)
1	45	46	-2.478794103976	color=(127,205,187)
1	46	47	-3.1835958941806	color=(127,205,187)
1	47	48	-4.018440132672	color=(199,233,180)
1	48	49	-2.1894414063144	color=(127,205,187)
1	49	50	-4.089610875402	color=(199,233,180)
1	50	51	-2.347445410874	color=(127,205,187)
1	51	52	-2.278034473776	color=(127,205,187)
1	52	53	-4.2973610687392	color=(199,233,180)
1	53	54	-2.402735551454	color=(127,205,187)
1	54	55	-0.718736048154	color=(65,182,196)
1	55	56	0.46330429538	color=(65,182,196)
1	56	57	-0.7065365195184	color=(65,182,196)
1	57	58	-0.556521621770001	color=(65,182,196)
1	58	59	-0.121074576248001	color=(65,182,196)
1	59	60	-1.7804957304908	color=(127,205,187)
1	60	61	-1.15834694579	color=(127,205,187)
1	61	62	-2.1175075894124	color=(127,205,187)
1	62	63	-1.641755230062	color=(127,205,187)
1	63	64	-1.283632936106	color=(127,205,187)
1	64	65	-2.335598353204	color=(127,205,187)
1	65	66	-4.1671841968316	color=(199,233,180)
1	66	67	-1.692977311364	color=(127,205,187)
1	67	68	-0.783131100203999	color=(65,182,196)
1	68	69	0.454412456382	color=(65,182,196)
1	69	70	-2.71218687622	color=(127,205,187)
1	70	71	-0.70060332698	color=(65,182,196)
1	71	72	-1.308203799598	color=(127,205,187)
1	72	73	-2.54441146905752	color=(127,205,187)
1	73	74	-3.167887239066	color=(127,205,187)
1	74	75	-4.660462069806	color=(199,233,180)
1	75	76	-0.8858529612328	color=(65,182,196)
1	76	77	-3.028678169176	color=(127,205,187)
1	77	78	-1.01356300972	color=(65,182,196)
1	78	79	-5.38692462311	color=(199,233,180)
1	79	80	-6.12629020021	color=(237,248,177)
1	80	81	-0.62575634970618	color=(65,182,196)
1	81	82	-0.809322952154	color=(65,182,196)
1	82	83	-2.1246570773412	color=(127,205,187)
1	83	84	-0.2132769378142	color=(65,182,196)
1	84	85	-3.3313424825284	color=(127,205,187)
1	85	86	-3.291974908402	color=(127,205,187)
1	86	87	-2.526205937398	color=(127,205,187)
1	87	88	-0.3495985093774	color=(65,182,196)
1	88	89	-4.738606101498	color=(199,233,180)
1	89	90	-0.649067824532	color=(65,182,196)
1	90	91	-0.887130080448	color=(65,182,196)
1	91	92	-0.6960359279134	color=(65,182,196)
1	92	93	-1.192709956486	color=(127,205,187)
1	93	94	-1.59559682866	color=(127,205,187)
1	94	95	-1.40771164998	color=(127,205,187)
1	95	96	-0.3584693220032	color=(65,182,196)
1	96	97	-0.5096381702656	color=(65,182,196)
1	97	98	-1.807500058868	color=(127,205,187)
1	98	99	-2.607411195999	color=(127,205,187)
1	99	100	-1.50949989192	color=(127,205,187)
1	100	101	-2.29507946366	color=(127,205,187)
1	101	102	-0.498069713148	color=(65,182,196)
1	102	103	-1.14226966464762	color=(127,205,187)
1	103	104	-2.1829989808	color=(127,205,187)
1	104	105	-1.936164033378	color=(127,205,187)
1	105	106	-2.889684246788	color=(127,205,187)
1	106	107	-0.28465088870618	color=(65,182,196)
1	107	108	-2.878313792034	color=(127,205,187)
1	108	109	-2.370528734206	color=(127,205,187)
1	109	110	-1.13417678889892	color=(127,205,187)
1	110	111	-0.606430628818	color=(65,182,196)
1	111	112	-2.978309183736	color=(127,205,187)
1	112	113	-1.43569462884	color=(127,205,187)
1	113	114	-2.154451510114	color=(127,205,187)
1	114	115	-3.349488750024	color=(199,233,180)
1	115	116	-1.5053710838786	color=(127,205,187)
1	116	117	-0.3563606160276	color=(65,182,196)
1	117	118	-2.638709806012	color=(127,205,187)
1	118	119	-1.50941667505868	color=(127,205,187)
1	119	120	-2.207932701158	color=(127,205,187)
1	120	121	-3.538533233688	color=(199,233,180)
1	121	122	-1.5893051164232	color=(127,205,187)
1	122	123	-1.584059400238	color=(127,205,187)
1	123	124	-0.502346612572	color=(65,182,196)
1	124	125	-1.04231371083504	color=(65,182,196)
1	125	126	-0.3910044210748	color=(65,182,196)
1	126	127	-1.8563042019694	color=(127,205,187)
1	127	128	-1.1284719391	color=(127,205,187)
1	128	129	-0.5068431560158	color=(65,182,196)
1	129	130	-2.18365536968	color=(127,205,187)
1	130	131	-1.643413864228	color=(127,205,187)
1	131	132	-2.993864853502	color=(127,205,187)
1	132	133	-2.951045575	color=(127,205,187)
1	133	134	-1.9684330381392	color=(127,205,187)
1	134	135	-3.308080245534	color=(127,205,187)
1	135	136	-2.855412065738	color=(127,205,187)
1	136	137	-2.4190962947952	color=(127,205,187)
1	137	138	-3.308600611204	color=(127,205,187)
1	138	139	-1.20348078426916	color=(127,205,187)
1	139	140	-2.1549345412382	color=(127,205,187)
1	140	141	-0.876944748682	color=(65,182,196)
1	141	142	-2.6804697235132	color=(127,205,187)
1	142	143	-0.558739429092	color=(65,182,196)
1	143	144	-1.614420345628	color=(127,205,187)
1	144	145	-1.312174618244	color=(127,205,187)
1	145	146	-1.503203632289	color=(127,205,187)
1	146	147	-1.705940594158	color=(127,205,187)
1	147	148	-0.590076169792001	color=(65,182,196)
1	148	149	-0.595099615781	color=(65,182,196)
1	149	150	-0.663300109616	color=(65,182,196)
1	150	151	-5.460933593136	color=(199,233,180)
1	151	152	-2.32198570685	color=(127,205,187)
1	152	153	-1.507743152386	color=(127,205,187)
1	153	154	-0.70834354229912	color=(65,182,196)
1	154	155	-3.38910579936	color=(199,233,180)
1	155	156	-1.4196681842	color=(127,205,187)
1	156	157	-1.943675313594	color=(127,205,187)
1	157	158	-0.814298666581999	color=(65,182,196)
1	158	159	-1.449552451114	color=(127,205,187)
1	159	160	0.0750735306319994	color=(65,182,196)
1	160	161	-2.644827795032	color=(127,205,187)
1	161	162	-0.41392801660538	color=(65,182,196)
1	162	163	-0.6481481757346	color=(65,182,196)
1	163	164	-1.18280902059032	color=(127,205,187)
1	164	165	-2.339738317549	color=(127,205,187)
1	165	166	-0.747926242711	color=(65,182,196)
1	166	167	-0.0522003164780003	color=(65,182,196)
1	167	168	-1.29238432144752	color=(127,205,187)
1	168	169	-2.0552380176154	color=(127,205,187)
1	169	170	-1.385300974176	color=(127,205,187)
1	170	171	-1.318299319964	color=(127,205,187)
1	171	172	-1.729015882064	color=(127,205,187)
1	172	173	0.4003900332018	color=(65,182,196)
1	173	174	-1.916841113544	color=(127,205,187)
1	174	175	-1.066322779996	color=(65,182,196)
1	175	176	-0.4442984784624	color=(65,182,196)
1	176	177	-0.774522279573	color=(65,182,196)
1	177	178	-2.336136907586	color=(127,205,187)
1	178	179	-0.208034692628	color=(65,182,196)
1	179	180	-1.43495627721787	color=(127,205,187)
1	180	181	-2.44345951896	color=(127,205,187)
1	181	182	-2.364324562396	color=(127,205,187)
1	182	183	-1.886000168398	color=(127,205,187)
1	183	184	-0.986296598688001	color=(65,182,196)
1	184	185	-0.730271121958	color=(65,182,196)
1	185	186	-2.178172199672	color=(127,205,187)
1	186	187	-0.81549925280396	color=(65,182,196)
1	187	188	-1.5459568568824	color=(127,205,187)
1	188	189	-2.5762431995292	color=(127,205,187)
1	189	190	-1.34740147891484	color=(127,205,187)
1	190	191	-2.98993949316	color=(127,205,187)
1	191	192	-0.985448268528	color=(65,182,196)
1	192	193	-1.95826777546533	color=(127,205,187)
1	193	194	-1.33583620709914	color=(127,205,187)
1	194	195	-2.5694431042848	color=(127,205,187)
1	195	196	-1.756591452026	color=(127,205,187)
1	196	197	-1.829135253274	color=(127,205,187)
1	197	198	-1.9085086597408	color=(127,205,187)
1	198	199	-1.4346058418498	color=(127,205,187)
1	199	200	-0.390646494046	color=(65,182,196)
1	200	201	-0.848448806484	color=(65,182,196)
1	201	202	-0.8034723261626	color=(65,182,196)
1	202	203	-4.193923351738	color=(199,233,180)
1	203	204	-1.0259398226976	color=(65,182,196)
1	204	205	-1.38596722891316	color=(127,205,187)
1	205	206	-3.010953741804	color=(127,205,187)
1	206	207	-0.997643706196	color=(65,182,196)
1	207	208	-1.53355643659652	color=(127,205,187)
1	208	209	-0.4519330098106	color=(65,182,196)
1	209	210	-0.0322326088320004	color=(65,182,196)
1	210	211	-3.030342588222	color=(127,205,187)
1	211	212	0.0873987916200001	color=(65,182,196)
1	212	213	-2.763635352486	color=(127,205,187)
1	213	214	-1.9310219537624	color=(127,205,187)
1	214	215	-2.3174628930474	color=(127,205,187)
1	215	216	-0.94641715241816	color=(65,182,196)
1	216	217	-1.798491315516	color=(127,205,187)
1	217	218	-0.5606889687622	color=(65,182,196)
1	218	219	-0.9131241595116	color=(65,182,196)
1	219	220	-0.760183789092	color=(65,182,196)
1	220	221	-1.315188177866	color=(127,205,187)
1	221	222	-2.7030818847756	color=(127,205,187)
1	222	223	-4.334385599644	color=(199,233,180)
1	223	224	-2.437972012614	color=(127,205,187)
1	224	225	-1.9193477584706	color=(127,205,187)
1	225	226	-1.42370379644	color=(127,205,187)
1	226	227	-0.620984271457999	color=(65,182,196)
1	227	228	-3.242736958066	color=(127,205,187)
1	228	229	-0.2748528802346	color=(65,182,196)
1	229	230	-3.241619248282	color=(127,205,187)
1	230	231	-1.766363615016	color=(127,205,187)
1	231	232	-0.157366216227999	color=(65,182,196)
1	232	233	-0.966501366824	color=(65,182,196)
1	233	234	-3.311984566372	color=(127,205,187)
1	234	235	-2.575412259538	color=(127,205,187)
1	235	236	-3.6520434817028	color=(199,233,180)
1	236	237	-1.541239819102	color=(127,205,187)
1	237	238	-3.356970475942	color=(199,233,180)
1	238	239	-2.355799204006	color=(127,205,187)
1	239	240	-0.9152402039174	color=(65,182,196)
1	240	241	-0.512364036324	color=(65,182,196)
1	241	242	-2.381754320678	color=(127,205,187)
1	242	243	-1.9269155971598	color=(127,205,187)
1	243	244	-0.7761892854036	color=(65,182,196)
1	244	245	-1.2864532814913	color=(127,205,187)
1	245	246	-1.5487316997404	color=(127,205,187)
1	246	247	-4.643741161276	color=(199,233,180)
1	247	248	-1.92242204776	color=(127,205,187)
2	0	1	0.2633520971112	color=(65,182,196)
2	1	2	0.255065431078	color=(65,182,196)
2	2	3	-0.7300416911586	color=(65,182,196)
2	3	4	0.644236425418	color=(65,182,196)
2	4	5	0.240344007132	color=(65,182,196)
2	5	6	-0.00562518324841976	color=(65,182,196)
2	6	7	-1.095615379822	color=(65,182,196)
2	7	8	0.93896707434	color=(65,182,196)
2	8	9	-1.931443752888	color=(127,205,187)
2	9	10	-2.3055694191616	color=(127,205,187)
2	10	11	0.1013039332	color=(65,182,196)
2	11	12	-1.421564983224	color=(127,205,187)
2	12	13	-0.8482326027588	color=(65,182,196)
2	13	14	0.993177991568	color=(65,182,196)
2	14	15	0.149353038446	color=(65,182,196)
2	15	16	0.114711139628	color=(65,182,196)
2	16	17	-1.028348402088	color=(65,182,196)
2	17	18	-0.0343141496766	color=(65,182,196)
2	18	19	0.491242105016001	color=(65,182,196)
2	19	20	-0.0968464578709398	color=(65,182,196)
2	20	21	-0.731901168472	color=(65,182,196)
2	21	22	-1.062790159586	color=(65,182,196)
2	22	23	-0.697785490940001	color=(65,182,196)
2	23	24	-0.3844408845828	color=(65,182,196)
2	24	25	0.3935004712722	color=(65,182,196)
2	25	26	-0.86518386498	color=(65,182,196)
2	26	27	1.1593939508144	color=(29,145,192)
2	27	28	0.6503891741726	color=(65,182,196)
2	28	29	-0.767098105275	color=(65,182,196)
2	29	30	-0.3559640554636	color=(65,182,196)
2	30	31	-0.0601958675159997	color=(65,182,196)
2	31	32	-0.452562047497732	color=(65,182,196)
2	32	33	0.4969614681306	color=(65,182,196)
2	33	34	-0.22961253454	color=(65,182,196)
2	34	35	0.96309012794	color=(65,182,196)
2	35	36	0.35427608392	color=(65,182,196)
2	36	37	0.244691763452	color=(65,182,196)
2	37	38	-0.833373569953	color=(65,182,196)
2	38	39	1.807628698544	color=(29,145,192)
2	39	40	0.815595218965999	color=(65,182,196)
2	40	41	0.512244869611999	color=(65,182,196)
2	41	42	0.9132845091822	color=(65,182,196)
2	42	43	1.1436836267236	color=(29,145,192)
2	43	44	-0.20958984817394	color=(65,182,196)
2	44	45	0.5584155269804	color=(65,182,196)
2	45	46	-1.629336653186	color=(127,205,187)
2	46	47	0.46955555576	color=(65,182,196)
2	47	48	-1.0341745017524	color=(65,182,196)
2	48	49	-1.366608300722	color=(127,205,187)
2	49	50	-1.081310561964	color=(65,182,196)
2	50	51	0.39652365058	color=(65,182,196)
2	51	52	-3.073339344554	color=(127,205,187)
2	52	53	-0.0442386316528203	color=(65,182,196)
2	53	54	-0.4941315830088	color=(65,182,196)
2	54	55	0.0729232989975999	color=(65,182,196)
2	55	56	0.9746667591262	color=(65,182,196)
2	56	57	-1.06001678782372	color=(65,182,196)
2	57	58	0.116795313613	color=(65,182,196)
2	58	59	-0.1301635962098	color=(65,182,196)
2	59	60	-3.15427867417	color=(127,205,187)
2	60	61	-0.19516283028258	color=(65,182,196)
2	61	62	0.7142786192074	color=(65,182,196)
2	62	63	0.1530455041104	color=(65,182,196)
2	63	64	0.94635069280246	color=(65,182,196)
2	64	65	-0.682275664482	color=(65,182,196)
2	65	66	-3.784475153932	color=(199,233,180)
2	66	67	0.201965835617	color=(65,182,196)
2	67	68	0.6334265077276	color=(65,182,196)
2	68	69	-1.9798012093054	color=(127,205,187)
2	69	70	-0.3366993358454	color=(65,182,196)
2	70	71	0.854615131062	color=(65,182,196)
2	71	72	1.8877073568119	color=(29,145,192)
2	72	73	0.582527245674001	color=(65,182,196)
2	73	74	-0.943968059124	color=(65,182,196)
2	74	75	-0.121780787452	color=(65,182,196)
2	75	76	1.805230414961	color=(29,145,192)
2	76	77	0.1966242487264	color=(65,182,196)
2	77	78	1.51284696631	color=(29,145,192)
2	78	79	-0.081528562086	color=(65,182,196)
2	79	80	1.042607711774	color=(65,182,196)
2	80	81	1.516055902394	color=(29,145,192)
2	81	82	-0.0404605486596	color=(65,182,196)
2	82	83	-0.21261098852136	color=(65,182,196)
2	83	84	0.299086427625999	color=(65,182,196)
2	84	85	0.171372322528	color=(65,182,196)
2	85	86	0.5697502718466	color=(65,182,196)
2	86	87	-1.1291773624522	color=(127,205,187)
2	87	88	0.587901211718	color=(65,182,196)
2	88	89	-0.094677753088	color=(65,182,196)
2	89	90	0.197689459433999	color=(65,182,196)
2	90	91	-0.5943505906914	color=(65,182,196)
2	91	92	-1.558155820532	color=(127,205,187)
2	92	93	1.108000833344	color=(29,145,192)
2	93	94	1.1969290470492	color=(29,145,192)
2	94	95	-1.618549845396	color=(127,205,187)
2	95	96	-0.0818175760267998	color=(65,182,196)
2	96	97	-0.3098056549188	color=(65,182,196)
2	97	98	-0.1285319517348	color=(65,182,196)
2	98	99	-1.129258217986	color=(127,205,187)
2	99	100	-0.522896668842	color=(65,182,196)
2	100	101	-1.699046344738	color=(127,205,187)
2	101	102	0.437840442458	color=(65,182,196)
2	102	103	-0.00731795707520005	color=(65,182,196)
2	103	104	-1.15434923085468	color=(127,205,187)
2	104	105	-0.864639438494	color=(65,182,196)
2	105	106	-0.1370115253632	color=(65,182,196)
2	106	107	-0.161332512371	color=(65,182,196)
2	107	108	1.4598517249254	color=(29,145,192)
2	108	109	-0.8688502346022	color=(65,182,196)
2	109	110	0.1716779174102	color=(65,182,196)
2	110	111	-1.65165931877476	color=(127,205,187)
2	111	112	2.160684824806	color=(29,145,192)
2	112	113	-0.68196711212626	color=(65,182,196)
2	113	114	0.432507012599999	color=(65,182,196)
2	114	115	-0.29729191362604	color=(65,182,196)
2	115	116	0.164757850313999	color=(65,182,196)
2	116	117	-1.4050659730052	color=(127,205,187)
2	117	118	0.0461195431904	color=(65,182,196)
2	118	119	-0.1228429857126	color=(65,182,196)
2	119	120	0.42134179847709	color=(65,182,196)
2	120	121	0.080869412816	color=(65,182,196)
2	121	122	0.243929948878	color=(65,182,196)
2	122	123	-0.379118216502	color=(65,182,196)
2	123	124	0.1295574989588	color=(65,182,196)
2	124	125	0.1600829574868	color=(65,182,196)
2	125	126	0.0794145920592	color=(65,182,196)
2	126	127	-1.43940780971	color=(127,205,187)
2	127	128	-0.2624993228304	color=(65,182,196)
2	128	129	0.4442077757864	color=(65,182,196)
2	129	130	-1.526392764898	color=(127,205,187)
2	130	131	0.1610099920372	color=(65,182,196)
2	131	132	-0.903940773528	color=(65,182,196)
2	132	133	-1.20534065937016	color=(127,205,187)
2	133	134	0.0156058938807999	color=(65,182,196)
2	134	135	0.45471124356	color=(65,182,196)
2	135	136	-0.829200466346	color=(65,182,196)
2	136	137	0.164432830156	color=(65,182,196)
2	137	138	-1.682723150202	color=(127,205,187)
2	138	139	-1.3016925287388	color=(127,205,187)
2	139	140	0.627785424767	color=(65,182,196)
2	140	141	0.24355335318768	color=(65,182,196)
2	141	142	-0.9900302459752	color=(65,182,196)
2	142	143	-1.2098146543528	color=(127,205,187)
2	143	144	-0.400001726298	color=(65,182,196)
2	144	145	0.113896284166	color=(65,182,196)
2	145	146	0.642845120571	color=(65,182,196)
2	146	147	0.842798151146	color=(65,182,196)
2	147	148	0.0352324731258	color=(65,182,196)
2	148	149	-0.968988041862	color=(65,182,196)
2	149	150	-1.0702975405869	color=(65,182,196)
2	150	151	-1.0299954376954	color=(65,182,196)
2	151	152	-0.1426159648187	color=(65,182,196)
2	152	153	-0.0420913718328002	color=(65,182,196)
2	153	154	-0.490629079628	color=(65,182,196)
2	154	155	-0.619442835322	color=(65,182,196)
2	155	156	0.87428083902	color=(65,182,196)
2	156	157	0.19511072435	color=(65,182,196)
2	157	158	-0.2182556331972	color=(65,182,196)
2	158	159	-1.516894063022	color=(127,205,187)
2	159	160	-0.9303596053528	color=(65,182,196)
2	160	161	0.8310557765596	color=(65,182,196)
2	161	162	1.3659214886548	color=(29,145,192)
2	162	163	0.36112769765504	color=(65,182,196)
2	163	164	-0.3565742161558	color=(65,182,196)
2	164	165	1.24816999162644	color=(29,145,192)
2	165	166	0.555174682746	color=(65,182,196)
2	166	167	-0.36899930947	color=(65,182,196)
2	167	168	-1.9138371492624	color=(127,205,187)
2	168	169	-0.0198203101699992	color=(65,182,196)
2	169	170	-0.3198668901098	color=(65,182,196)
2	170	171	-0.148814740544	color=(65,182,196)
2	171	172	0.0986591408742001	color=(65,182,196)
2	172	173	-1.08631058601176	color=(65,182,196)
2	173	174	-0.2182257133664	color=(65,182,196)
2	174	175	1.3909025449346	color=(29,145,192)
2	175	176	0.1066435068	color=(65,182,196)
2	176	177	-0.558403185338	color=(65,182,196)
2	177	178	-0.830536980364	color=(65,182,196)
2	178	179	0.196394717675	color=(65,182,196)
2	179	180	-0.00259896849319996	color=(65,182,196)
2	180	181	0.43038860941596	color=(65,182,196)
2	181	182	-0.79826788134966	color=(65,182,196)
2	182	183	-0.04617325082776	color=(65,182,196)
2	183	184	0.0314753673119998	color=(65,182,196)
2	184	185	0.1497900575576	color=(65,182,196)
2	185	186	0.0482591281911999	color=(65,182,196)
2	186	187	-0.510453547413	color=(65,182,196)
2	187	188	0.70544402272	color=(65,182,196)
2	188	189	-1.127918929646	color=(127,205,187)
2	189	190	0.4545817709596	color=(65,182,196)
2	190	191	0.484467611807	color=(65,182,196)
2	191	192	1.68647801126	color=(29,145,192)
2	192	193	1.274010479758	color=(29,145,192)
2	193	194	0.5705928644184	color=(65,182,196)
2	194	195	-1.358358422208	color=(127,205,187)
2	195	196	1.380449291448	color=(29,145,192)
2	196	197	-1.0844442900908	color=(65,182,196)
2	197	198	-0.1486072028464	color=(65,182,196)
2	198	199	-1.257629134192	color=(127,205,187)
2	199	200	0.62402011638356	color=(65,182,196)
2	200	201	-2.0315275395376	color=(127,205,187)
2	201	202	0.8346893970214	color=(65,182,196)
2	202	203	-2.341065357414	color=(127,205,187)
2	203	204	-1.691134622658	color=(127,205,187)
2	204	205	-0.842917492362	color=(65,182,196)
2	205	206	0.173775016638	color=(65,182,196)
2	206	207	0.8175241503608	color=(65,182,196)
2	207	208	0.105618293628	color=(65,182,196)
2	208	209	-0.791732996254	color=(65,182,196)
2	209	210	-0.885812426074	color=(65,182,196)
2	210	211	1.7631898303838	color=(29,145,192)
2	211	212	-0.06932550439504	color=(65,182,196)
2	212	213	0.7689399847986	color=(65,182,196)
2	213	214	-0.8968284545424	color=(65,182,196)
2	214	215	-1.137420447444	color=(127,205,187)
2	215	216	-1.672260785108	color=(127,205,187)
2	216	217	0.542431625621	color=(65,182,196)
2	217	218	-1.69430194067	color=(127,205,187)
2	218	219	0.4756763133038	color=(65,182,196)
2	219	220	0.135937523595999	color=(65,182,196)
2	220	221	0.789297434957596	color=(65,182,196)
2	221	222	-1.5275676718372	color=(127,205,187)
2	222	223	-0.4735138287592	color=(65,182,196)
2	223	224	0.7876414446982	color=(65,182,196)
2	224	225	-0.545135952514	color=(65,182,196)
2	225	226	0.6285279957436	color=(65,182,196)
2	226	227	0.1797217952194	color=(65,182,196)
2	227	228	0.05403008266	color=(65,182,196)
2	228	229	-0.186344681108	color=(65,182,196)
2	229	230	0.613794982826	color=(65,182,196)
2	230	231	0.768796245628	color=(65,182,196)
2	231	232	0.511247209014	color=(65,182,196)
2	232	233	0.219731154732	color=(65,182,196)
2	233	234	1.130624572606	color=(29,145,192)
2	234	235	-2.870656554618	color=(127,205,187)
2	235	236	0.504305175894	color=(65,182,196)
2	236	237	-1.306872163816	color=(127,205,187)
2	237	238	-0.685706476828	color=(65,182,196)
2	238	239	1.0939431205758	color=(65,182,196)
2	239	240	-0.761010800282	color=(65,182,196)
2	240	241	-0.9755170757372	color=(65,182,196)
2	241	242	1.7679238636954	color=(29,145,192)
2	242	243	0.24807033294784	color=(65,182,196)
2	243	244	-0.6632386924702	color=(65,182,196)
2	244	245	1.25944199919	color=(29,145,192)
2	245	246	-0.2574089554562	color=(65,182,196)
2	246	247	-1.0328420522121	color=(65,182,196)
2	247	248	1.1786867789574	color=(29,145,192)
2	248	249	0.0934684402779995	color=(65,182,196)
2	249	250	1.492368346372	color=(29,145,192)
2	250	251	0.5351585295414	color=(65,182,196)
2	251	252	-0.698801419466	color=(65,182,196)
2	252	253	-0.2874368498398	color=(65,182,196)
2	253	254	1.0843933519388	color=(65,182,196)
2	254	255	-0.1101237297578	color=(65,182,196)
2	255	256	-0.6925545318606	color=(65,182,196)
2	256	257	0.459977162501	color=(65,182,196)
2	257	258	0.4316499634898	color=(65,182,196)
2	258	259	-0.0639386921339993	color=(65,182,196)
2	259	260	-2.382412764922	color=(127,205,187)
2	260	261	0.7165106435952	color=(65,182,196)
2	261	262	-0.0668356191864	color=(65,182,196)
2	262	263	0.0686391278116	color=(65,182,196)
2	263	264	-0.0852419186819997	color=(65,182,196)
2	264	265	1.014361582844	color=(65,182,196)
2	265	266	0.203258632492	color=(65,182,196)
2	266	267	-0.369894952754	color=(65,182,196)
2	267	268	0.0566326145880001	color=(65,182,196)
2	268	269	1.409067530097	color=(29,145,192)
2	269	270	-1.596987055862	color=(127,205,187)
2	270	271	-0.7832447669702	color=(65,182,196)
2	271	272	-0.193543915967	color=(65,182,196)
2	272	273	-0.405930923396	color=(65,182,196)
2	273	274	0.791565679594	color=(65,182,196)
2	274	275	0.7437344944084	color=(65,182,196)
2	275	276	-0.6247179491794	color=(65,182,196)
2	276	277	0.9552813210044	color=(65,182,196)
2	277	278	-0.634467999052	color=(65,182,196)
2	278	279	1.410794292469	color=(29,145,192)
2	279	280	-0.2483242674416	color=(65,182,196)
2	280	281	0.3643307901266	color=(65,182,196)
2	281	282	0.247937286325	color=(65,182,196)
2	282	283	-0.1126125635164	color=(65,182,196)
2	283	284	-1.460093008712	color=(127,205,187)
2	284	285	-1.057328472857	color=(65,182,196)
2	285	286	-0.18609979410032	color=(65,182,196)
2	286	287	0.3681329794954	color=(65,182,196)
2	287	288	-1.757374067794	color=(127,205,187)
2	288	289	0.38029873050538	color=(65,182,196)
2	289	290	-0.53907372858706	color=(65,182,196)
2	290	291	0.7248430978656	color=(65,182,196)
2	291	292	-0.3269170293514	color=(65,182,196)
2	292	293	-0.5526290756072	color=(65,182,196)
2	293	294	1.576978539772	color=(29,145,192)
2	294	295	-0.3690140315566	color=(65,182,196)
2	295	296	0.695128091154	color=(65,182,196)
2	296	297	-0.3900440518594	color=(65,182,196)
2	297	298	0.50813251675	color=(65,182,196)
2	298	299	0.625894896852	color=(65,182,196)
2	299	300	-1.4999077054046	color=(127,205,187)
2	300	301	1.642275065996	color=(29,145,192)
2	301	302	-0.748592792954	color=(65,182,196)
2	302	303	0.46061550095728	color=(65,182,196)
2	303	304	0.293797743329	color=(65,182,196)
2	304	305	-0.33793547874	color=(65,182,196)
2	305	306	-0.0129791016428	color=(65,182,196)
2	306	307	-1.39941617671842	color=(127,205,187)
2	307	308	0.47129723199	color=(65,182,196)
2	308	309	0.6610387094384	color=(65,182,196)
2	309	310	-1.782777384178	color=(127,205,187)
2	310	311	0.3582214332618	color=(65,182,196)
2	311	312	-1.275902631928	color=(127,205,187)
2	312	313	0.0795249075560003	color=(65,182,196)
2	313	314	-0.349786859076	color=(65,182,196)
2	314	315	-0.2575539381502	color=(65,182,196)
2	315	316	-0.039247804216	color=(65,182,196)
2	316	317	0.0769005457713998	color=(65,182,196)
2	317	318	-0.747765038066	color=(65,182,196)
2	318	319	0.8759155546346	color=(65,182,196)
2	319	320	-0.226251885625	color=(65,182,196)
2	320	321	-0.917846907418	color=(65,182,196)
2	321	322	-2.348701951318	color=(127,205,187)
2	322	323	0.784148269523098	color=(65,182,196)
2	323	324	-1.55244952560186	color=(127,205,187)
2	324	325	-1.4304855231774	color=(127,205,187)
2	325	326	-0.83017363208002	color=(65,182,196)
2	326	327	-0.213995460793	color=(65,182,196)
2	327	328	0.0196037068179999	color=(65,182,196)
2	328	329	-0.2737451909254	color=(65,182,196)
2	329	330	0.0241611076028	color=(65,182,196)
2	330	331	-0.1153634306556	color=(65,182,196)
2	331	332	-0.473094003858	color=(65,182,196)
3	0	1	-0.8225382666872	color=(65,182,196)
3	1	2	-0.307312763875	color=(65,182,196)
3	2	3	-0.6378040256006	color=(65,182,196)
3	3	4	-1.770710168792	color=(127,205,187)
3	4	5	-1.043461773534	color=(65,182,196)
3	5	6	-3.72882271136	color=(199,233,180)
3	6	7	-0.6202166957416	color=(65,182,196)
3	7	8	-1.097675626884	color=(65,182,196)
3	8	9	-0.3494249603178	color=(65,182,196)
3	9	10	-0.0993029517940482	color=(65,182,196)
3	10	11	-0.37585695565	color=(65,182,196)
3	11	12	-1.84415400819	color=(127,205,187)
3	12	13	-3.0693521569916	color=(127,205,187)
3	13	14	-0.8172597819084	color=(65,182,196)
3	14	15	-0.436726557454	color=(65,182,196)
3	15	16	-0.319732114756	color=(65,182,196)
3	16	17	-0.8815226182862	color=(65,182,196)
3	17	18	-1.44056514626984	color=(127,205,187)
3	18	19	-1.4343531967264	color=(127,205,187)
3	19	20	-2.005823561576	color=(127,205,187)
3	20	21	-0.2775139172332	color=(65,182,196)
3	21	22	-0.496033055999	color=(65,182,196)
3	22	23	-0.0440158558411999	color=(65,182,196)
3	23	24	0.135844526318	color=(65,182,196)
3	24	25	-2.629141192806	color=(127,205,187)
3	25	26	-1.6533579464632	color=(127,205,187)
3	26	27	-1.49306100134792	color=(127,205,187)
3	27	28	-1.3779777944364	color=(127,205,187)
3	28	29	-0.5699411414166	color=(65,182,196)
3	29	30	-1.37373305579376	color=(127,205,187)
3	30	31	-0.20905240901468	color=(65,182,196)
3	31	32	-1.3114325453264	color=(127,205,187)
3	32	33	-1.55423994786624	color=(127,205,187)
3	33	34	0.0238518727700001	color=(65,182,196)
3	34	35	-0.255735740464	color=(65,182,196)
3	35	36	-2.2459392274296	color=(127,205,187)
3	36	37	-1.3482296986358	color=(127,205,187)
3	37	38	-0.0570662000802002	color=(65,182,196)
3	38	39	-1.8814639807464	color=(127,205,187)
3	39	40	-1.18078742423732	color=(127,205,187)
3	40	41	-0.601969778348	color=(65,182,196)
3	41	42	-0.179027692531	color=(65,182,196)
3	42	43	0.0394881033920003	color=(65,182,196)
3	43	44	-1.038806655742	color=(65,182,196)
3	44	45	-0.1253092991996	color=(65,182,196)
3	45	46	0.1175429848794	color=(65,182,196)
3	46	47	-1.76861825710346	color=(127,205,187)
3	47	48	0.1810433534014	color=(65,182,196)
3	48	49	-0.2260787348128	color=(65,182,196)
3	49	50	-0.210631372792601	color=(65,182,196)
3	50	51	-1.4829516581392	color=(127,205,187)
3	51	52	-2.22427070112	color=(127,205,187)
3	52	53	-0.5382207526348	color=(65,182,196)
3	53	54	-2.9800919710864	color=(127,205,187)
3	54	55	-2.0500565688156	color=(127,205,187)
3	55	56	-2.4708075647366	color=(127,205,187)
3	56	57	-0.0503111388560002	color=(65,182,196)
3	57	58	-0.709971113546	color=(65,182,196)
3	58	59	-0.8129337407808	color=(65,182,196)
3	59	60	-0.8441068530436	color=(65,182,196)
3	60	61	0.0247294601635999	color=(65,182,196)
3	61	62	-1.59266616031072	color=(127,205,187)
3	62	63	-0.8316176348374	color=(65,182,196)
3	63	64	-1.65882603603928	color=(127,205,187)
3	64	65	-2.734185295506	color=(127,205,187)
3	65	66	-2.2805187505762	color=(127,205,187)
3	66	67	-0.717091179454	color=(65,182,196)
3	67	68	0.401438739824	color=(65,182,196)
3	68	69	-1.63084328008219	color=(127,205,187)
3	69	70	-2.7837075091372	color=(127,205,187)
3	70	71	-3.0990319360598	color=(127,205,187)
3	71	72	-0.0597667517249998	color=(65,182,196)
3	72	73	-1.58258518189608	color=(127,205,187)
3	73	74	0.0819825362707998	color=(65,182,196)
3	74	75	-2.1025699055434	color=(127,205,187)
3	75	76	-1.293861697542	color=(127,205,187)
3	76	77	-0.6013175420126	color=(65,182,196)
3	77	78	-1.9470741902282	color=(127,205,187)
3	78	79	-1.3768656856772	color=(127,205,187)
3	79	80	-1.3108893235888	color=(127,205,187)
3	80	81	-2.081575918221	color=(127,205,187)
3	81	82	-0.78789404058	color=(65,182,196)
3	82	83	-0.0515354230990797	color=(65,182,196)
3	83	84	-0.0662300038204	color=(65,182,196)
3	84	85	-3.3210937245622	color=(127,205,187)
3	85	86	-0.561478879006	color=(65,182,196)
3	86	87	-1.75844862451756	color=(127,205,187)
3	87	88	-0.675387352235	color=(65,182,196)
3	88	89	-0.0287449340860002	color=(65,182,196)
3	89	90	-0.13869229669	color=(65,182,196)
3	90	91	-1.5979253199456	color=(127,205,187)
3	91	92	0.4102216174304	color=(65,182,196)
3	92	93	-0.2369161823936	color=(65,182,196)
3	93	94	-1.9968040166916	color=(127,205,187)
3	94	95	-2.9110687327436	color=(127,205,187)
3	95	96	-0.575881412018	color=(65,182,196)
3	96	97	0.098977090654	color=(65,182,196)
3	97	98	-0.369333418006	color=(65,182,196)
3	98	99	-1.0566466414608	color=(65,182,196)
3	99	100	-2.46097759910306	color=(127,205,187)
3	100	101	-3.998712924868	color=(199,233,180)
3	101	102	-3.90208814889	color=(199,233,180)
3	102	103	0.196962222868	color=(65,182,196)
3	103	104	0.1016339173006	color=(65,182,196)
3	104	105	-2.400966209716	color=(127,205,187)
3	105	106	0.0486128454259998	color=(65,182,196)
3	106	107	-0.8010976837652	color=(65,182,196)
3	107	108	-2.2111381062522	color=(127,205,187)
3	108	109	-0.70309867906478	color=(65,182,196)
3	109	110	-0.8154324272274	color=(65,182,196)
3	110	111	-0.276645248915	color=(65,182,196)
3	111	112	-1.75733519948	color=(127,205,187)
3	112	113	0.00653364376600019	color=(65,182,196)
3	113	114	-2.49840038631736	color=(127,205,187)
3	114	115	-1.3524047322418	color=(127,205,187)
4	0	1	-3.7752745833648	color=(199,233,180)
4	1	2	-4.4377775033338	color=(199,233,180)
4	2	3	-5.575648319816	color=(237,248,177)
4	3	4	-4.697960981926	color=(199,233,180)
4	4	5	-5.00451518104	color=(199,233,180)
4	5	6	-2.2712390707436	color=(127,205,187)
4	6	7	-4.4668385521048	color=(199,233,180)
4	7	8	-5.2292686276636	color=(199,233,180)
4	8	9	-2.484624449844	color=(127,205,187)
4	9	10	-2.837988911146	color=(127,205,187)
4	10	11	-3.068668755866	color=(127,205,187)
4	11	12	-5.466326335696	color=(199,233,180)
4	12	13	-4.829357261544	color=(199,233,180)
4	13	14	-5.142198477554	color=(199,233,180)
4	14	15	-4.957505184286	color=(199,233,180)
4	15	16	-2.9267400959224	color=(127,205,187)
4	16	17	-4.36771710793051	color=(199,233,180)
4	17	18	-3.4831359515196	color=(199,233,180)
4	18	19	-4.820231986676	color=(199,233,180)
4	19	20	-4.981218320052	color=(199,233,180)
4	20	21	-3.5163904084	color=(199,233,180)
4	21	22	-2.0910514413456	color=(127,205,187)
4	22	23	-2.758416271178	color=(127,205,187)
4	23	24	-4.643554110186	color=(199,233,180)
4	24	25	-4.791196478344	color=(199,233,180)
4	25	26	-3.530744902574	color=(199,233,180)
4	26	27	-5.233758911152	color=(199,233,180)
4	27	28	-4.65614471092	color=(199,233,180)
4	28	29	-4.742674014212	color=(199,233,180)
4	29	30	-4.887997202384	color=(199,233,180)
4	30	31	-4.5399841117436	color=(199,233,180)
4	31	32	-3.0994630642742	color=(127,205,187)
4	32	33	-4.590923780842	color=(199,233,180)
4	33	34	-4.466733817784	color=(199,233,180)
4	34	35	-5.020583863308	color=(199,233,180)
4	35	36	-4.1332728695706	color=(199,233,180)
4	36	37	-5.027744859166	color=(199,233,180)
4	37	38	-4.638957308512	color=(199,233,180)
4	38	39	-4.383897184926	color=(199,233,180)
4	39	40	-4.980145179178	color=(199,233,180)
4	40	41	-4.676653131186	color=(199,233,180)
4	41	42	-2.8317180667222	color=(127,205,187)
4	42	43	-3.80374062833	color=(199,233,180)
4	43	44	-3.387275418198	color=(199,233,180)
4	44	45	-2.885943062747	color=(127,205,187)
4	45	46	-2.3309151452584	color=(127,205,187)
4	46	47	-4.717484568362	color=(199,233,180)
4	47	48	-4.445461244616	color=(199,233,180)
4	48	49	-3.068562069087	color=(127,205,187)
4	49	50	-4.0662389783336	color=(199,233,180)
4	50	51	-3.524907639786	color=(199,233,180)
4	51	52	-4.36385063669	color=(199,233,180)
4	52	53	-4.1661579764734	color=(199,233,180)
4	53	54	-4.47761835052	color=(199,233,180)
4	54	55	-4.264614645344	color=(199,233,180)
4	55	56	-4.255666883212	color=(199,233,180)
4	56	57	-4.452233505538	color=(199,233,180)
4	57	58	-2.156878807407	color=(127,205,187)
4	58	59	-4.5926936106698	color=(199,233,180)
4	59	60	-2.0260299069224	color=(127,205,187)
4	60	61	-5.2785603476686	color=(199,233,180)
4	61	62	-5.765201259042	color=(237,248,177)
4	62	63	-3.403840335594	color=(199,233,180)
4	63	64	-4.9411211713154	color=(199,233,180)
4	64	65	-2.766658529852	color=(127,205,187)
4	65	66	-4.254636452644	color=(199,233,180)
4	66	67	-4.997904296506	color=(199,233,180)
4	67	68	-4.871586962298	color=(199,233,180)
4	68	69	-4.161362019746	color=(199,233,180)
4	69	70	-5.109183100458	color=(199,233,180)
4	70	71	-5.2291128581886	color=(199,233,180)
4	71	72	-4.0545459990436	color=(199,233,180)
4	72	73	-4.24115118686	color=(199,233,180)
4	73	74	-4.330764632874	color=(199,233,180)
4	74	75	-5.08381816093	color=(199,233,180)
4	75	76	-4.533004417468	color=(199,233,180)
4	76	77	-3.0964543129846	color=(127,205,187)
4	77	78	-3.706099971912	color=(199,233,180)
4	78	79	-4.298625817966	color=(199,233,180)
5	0	1	0.443540904092	color=(65,182,196)
5	1	2	4.13171105907138	color=(34,94,168)
5	2	3	1.786058065441	color=(29,145,192)
5	3	4	-0.2949576411356	color=(65,182,196)
5	4	5	0.716702459412	color=(65,182,196)
5	5	6	0.5936266337146	color=(65,182,196)
5	6	7	-0.03920045254	color=(65,182,196)
5	7	8	1.9250201398572	color=(29,145,192)
5	8	9	0.0318244624454	color=(65,182,196)
5	9	10	-0.9539711164322	color=(65,182,196)
5	10	11	1.12422003841414	color=(29,145,192)
5	11	12	2.672857683294	color=(29,145,192)
5	12	13	2.238581743532	color=(29,145,192)
5	13	14	2.560342922928	color=(29,145,192)
5	14	15	3.77109091706	color=(34,94,168)
5	15	16	2.643439726992	color=(29,145,192)
5	16	17	0.820875718138	color=(65,182,196)
5	17	18	0.714991123298001	color=(65,182,196)
5	18	19	0.485922338524	color=(65,182,196)
5	19	20	0.584272565557999	color=(65,182,196)
5	20	21	1.126583171502	color=(29,145,192)
5	21	22	1.40668347624	color=(29,145,192)
5	22	23	1.1446935612348	color=(29,145,192)
5	23	24	2.577855896988	color=(29,145,192)
5	24	25	1.0968154849	color=(65,182,196)
5	25	26	-0.3940724768608	color=(65,182,196)
5	26	27	4.690399342122	color=(34,94,168)
5	27	28	0.924623033354	color=(65,182,196)
5	28	29	0.467899272588	color=(65,182,196)
5	29	30	1.6715179640626	color=(29,145,192)
5	30	31	1.0460627186114	color=(65,182,196)
5	31	32	2.5480164829992	color=(29,145,192)
5	32	33	0.4178917193494	color=(65,182,196)
5	33	34	5.340852572242	color=(34,94,168)
5	34	35	4.429859581788	color=(34,94,168)
5	35	36	0.910866237713799	color=(65,182,196)
5	36	37	-1.9190498984214	color=(127,205,187)
5	37	38	1.2296247759538	color=(29,145,192)
5	38	39	0.22760240716848	color=(65,182,196)
5	39	40	0.6262688227526	color=(65,182,196)
5	40	41	1.149025346266	color=(29,145,192)
5	41	42	0.83625675021	color=(65,182,196)
5	42	43	2.6769285561358	color=(29,145,192)
5	43	44	1.488176012646	color=(29,145,192)
5	44	45	1.4285905247136	color=(29,145,192)
5	45	46	2.7987528595206	color=(29,145,192)
5	46	47	3.0767262372114	color=(29,145,192)
5	47	48	2.99195962240274	color=(29,145,192)
5	48	49	3.93018772292	color=(34,94,168)
5	49	50	1.747914605394	color=(29,145,192)
5	50	51	0.854719786938	color=(65,182,196)
5	51	52	2.647126643486	color=(29,145,192)
5	52	53	0.31667943015182	color=(65,182,196)
5	53	54	1.3989868802182	color=(29,145,192)
5	54	55	0.254184882568	color=(65,182,196)
5	55	56	2.61661087128	color=(29,145,192)
5	56	57	1.499906716571	color=(29,145,192)
5	57	58	1.8526650689796	color=(29,145,192)
5	58	59	1.6693636644892	color=(29,145,192)
5	59	60	0.5347173230375	color=(65,182,196)
5	60	61	1.7481693844394	color=(29,145,192)
5	61	62	2.064790619696	color=(29,145,192)
5	62	63	1.81983202340522	color=(29,145,192)
5	63	64	2.313700836482	color=(29,145,192)
5	64	65	-1.464808078518	color=(127,205,187)
5	65	66	0.6436659505268	color=(65,182,196)
5	66	67	2.6296037001018	color=(29,145,192)
5	67	68	2.311848776096	color=(29,145,192)
5	68	69	1.003171127388	color=(65,182,196)
5	69	70	2.0342477312068	color=(29,145,192)
5	70	71	2.087920449996	color=(29,145,192)
5	71	72	0.93373640949026	color=(65,182,196)
5	72	73	1.442924772772	color=(29,145,192)
5	73	74	3.100361721742	color=(29,145,192)
5	74	75	-0.151606462974	color=(65,182,196)
5	75	76	3.179926338888	color=(29,145,192)
5	76	77	0.916414778114	color=(65,182,196)
5	77	78	1.847401356435	color=(29,145,192)
5	78	79	0.71544241736	color=(65,182,196)
5	79	80	-0.1155774219712	color=(65,182,196)
5	80	81	4.7450669686727	color=(34,94,168)
5	81	82	-0.1911377805518	color=(65,182,196)
5	82	83	0.5561194030108	color=(65,182,196)
5	83	84	0.8036632642608	color=(65,182,196)
5	84	85	-0.1145453844354	color=(65,182,196)
5	85	86	0.1247902473024	color=(65,182,196)
5	86	87	-0.0626831627620001	color=(65,182,196)
5	87	88	2.763888053642	color=(29,145,192)
5	88	89	0.867011902283	color=(65,182,196)
5	89	90	2.943678105202	color=(29,145,192)
5	90	91	0.7075683504888	color=(65,182,196)
5	91	92	2.537789092426	color=(29,145,192)
5	92	93	3.6286159500828	color=(34,94,168)
5	93	94	-0.0852377581720001	color=(65,182,196)
5	94	95	0.46932009475	color=(65,182,196)
5	95	96	2.06806283736276	color=(29,145,192)
5	96	97	1.8100001605808	color=(29,145,192)
5	97	98	3.77226802663	color=(34,94,168)
5	98	99	2.1514263321186	color=(29,145,192)
5	99	100	3.1268294040852	color=(29,145,192)
5	100	101	3.38054619247	color=(34,94,168)
5	101	102	1.37929302501722	color=(29,145,192)
5	102	103	2.61303121324	color=(29,145,192)
5	103	104	1.08166099117101	color=(65,182,196)
5	104	105	2.144113924317	color=(29,145,192)
5	105	106	1.4942983671398	color=(29,145,192)
5	106	107	2.626570091662	color=(29,145,192)
5	107	108	4.519145544374	color=(34,94,168)
5	108	109	3.310509524756	color=(29,145,192)
5	109	110	2.229749397062	color=(29,145,192)
5	110	111	3.6807044399318	color=(34,94,168)
5	111	112	3.2706218643036	color=(29,145,192)
5	112	113	2.025745565958	color=(29,145,192)
5	113	114	1.021542794145	color=(65,182,196)
5	114	115	1.261614058476	color=(29,145,192)
5	115	116	4.237286045292	color=(34,94,168)
5	116	117	5.852326628434	color=(37,52,148)
5	117	118	2.755141063817	color=(29,145,192)
5	118	119	1.47064886139	color=(29,145,192)
5	119	120	2.19741953352	color=(29,145,192)
5	120	121	2.4874677419274	color=(29,145,192)
5	121	122	-0.523957505572	color=(65,182,196)
5	122	123	2.41547954766	color=(29,145,192)
5	123	124	-0.2881125191466	color=(65,182,196)
5	124	125	-0.0953252755676	color=(65,182,196)
5	125	126	0.511497515403	color=(65,182,196)
5	126	127	0.6577505239776	color=(65,182,196)
5	127	128	0.4818882983112	color=(65,182,196)
5	128	129	-0.967998324153	color=(65,182,196)
5	129	130	-1.7716155324258	color=(127,205,187)
5	130	131	0.929337890136	color=(65,182,196)
5	131	132	1.986621650262	color=(29,145,192)
5	132	133	1.819080123034	color=(29,145,192)
5	133	134	1.167007986235	color=(29,145,192)
5	134	135	4.8622046452486	color=(34,94,168)
5	135	136	1.925897641037	color=(29,145,192)
5	136	137	3.9302104798004	color=(34,94,168)
5	137	138	3.3167304901128	color=(29,145,192)
5	138	139	-0.19405332411	color=(65,182,196)
5	139	140	0.690833885093	color=(65,182,196)
5	140	141	0.946350331794	color=(65,182,196)
5	141	142	1.2696736862292	color=(29,145,192)
5	142	143	1.820388981405	color=(29,145,192)
5	143	144	2.776310896186	color=(29,145,192)
5	144	145	1.7285974526468	color=(29,145,192)
5	145	146	1.5192365175882	color=(29,145,192)
5	146	147	2.3458164367832	color=(29,145,192)
5	147	148	3.085360087292	color=(29,145,192)
5	148	149	1.30730761621708	color=(29,145,192)
5	149	150	2.502901698166	color=(29,145,192)
5	150	151	0.0167258962707999	color=(65,182,196)
5	151	152	0.633007758114	color=(65,182,196)
5	152	153	1.621233733392	color=(29,145,192)
5	153	154	-0.2603060694344	color=(65,182,196)
5	154	155	0.1888508665302	color=(65,182,196)
5	155	156	1.463726709132	color=(29,145,192)
5	156	157	1.085789063134	color=(65,182,196)
5	157	158	2.649001109336	color=(29,145,192)
5	158	159	2.6963538949066	color=(29,145,192)
5	159	160	3.148430056172	color=(29,145,192)
5	160	161	0.4399341006056	color=(65,182,196)
5	161	162	0.1738549725432	color=(65,182,196)
5	162	163	4.5894174624158	color=(34,94,168)
5	163	164	4.0447075726918	color=(34,94,168)
5	164	165	2.45984388815	color=(29,145,192)
5	165	166	0.1079599854626	color=(65,182,196)
5	166	167	0.1613542099466	color=(65,182,196)
5	167	168	-0.9694306505724	color=(65,182,196)
5	168	169	0.851383880728	color=(65,182,196)
5	169	170	-0.906700434156	color=(65,182,196)
5	170	171	2.375707157527	color=(29,145,192)
5	171	172	2.357549646158	color=(29,145,192)
5	172	173	0.3433844656236	color=(65,182,196)
5	173	174	1.930833479086	color=(29,145,192)
5	174	175	1.2231508814504	color=(29,145,192)
5	175	176	1.197992039842	color=(29,145,192)
5	176	177	2.3612986787	color=(29,145,192)
5	177	178	0.365666627714	color=(65,182,196)
5	178	179	2.087563604786	color=(29,145,192)
5	179	180	1.2592063062454	color=(29,145,192)
5	180	181	0.211622348736801	color=(65,182,196)
5	181	182	2.24889684341636	color=(29,145,192)
5	182	183	1.047252761184	color=(65,182,196)
5	183	184	-0.339805637910001	color=(65,182,196)
5	184	185	1.8886443215934	color=(29,145,192)
5	185	186	0.390007639136	color=(65,182,196)
5	186	187	1.441163230922	color=(29,145,192)
5	187	188	0.25705681028	color=(65,182,196)
5	188	189	1.21953000823	color=(29,145,192)
5	189	190	0.8861677348102	color=(65,182,196)
5	190	191	0.254115457524001	color=(65,182,196)
5	191	192	2.6026099596842	color=(29,145,192)
5	192	193	3.76501973578	color=(34,94,168)
5	193	194	0.724471647026	color=(65,182,196)
5	194	195	0.219216405405	color=(65,182,196)
5	195	196	2.756472778562	color=(29,145,192)
5	196	197	0.3889605964644	color=(65,182,196)
5	197	198	3.6109902935888	color=(34,94,168)
5	198	199	3.5349253298603	color=(34,94,168)
5	199	200	4.043777942152	color=(34,94,168)
5	200	201	4.788068562052	color=(34,94,168)
5	201	202	3.17250860324	color=(29,145,192)
5	202	203	1.37523777934978	color=(29,145,192)
5	203	204	1.021226091494	color=(65,182,196)
5	204	205	3.150572543386	color=(29,145,192)
6	0	1	0.879027486168	color=(65,182,196)
6	1	2	3.556600162946	color=(34,94,168)
6	2	3	0.6463490858648	color=(65,182,196)
6	3	4	2.743910289806	color=(29,145,192)
6	4	5	0.6568495085872	color=(65,182,196)
6	5	6	0.6388229465506	color=(65,182,196)
6	6	7	1.0842690061194	color=(65,182,196)
6	7	8	2.436223713853	color=(29,145,192)
6	8	9	1.0828335896466	color=(65,182,196)
6	9	10	1.69071453519	color=(29,145,192)
6	10	11	2.7722522090382	color=(29,145,192)
6	11	12	1.942939364656	color=(29,145,192)
6	12	13	1.2014817360152	color=(29,145,192)
6	13	14	1.2366018280052	color=(29,145,192)
6	14	15	1.8954836347336	color=(29,145,192)
6	15	16	1.581277071984	color=(29,145,192)
6	16	17	1.21947115234	color=(29,145,192)
6	17	18	1.942456696278	color=(29,145,192)
6	18	19	2.3277946336708	color=(29,145,192)
6	19	20	1.9137608082574	color=(29,145,192)
6	20	21	1.285428656654	color=(29,145,192)
6	21	22	1.468877859348	color=(29,145,192)
6	22	23	2.7728271854746	color=(29,145,192)
6	23	24	2.091436898905	color=(29,145,192)
6	24	25	2.213578841106	color=(29,145,192)
6	25	26	2.5898051236022	color=(29,145,192)
6	26	27	2.1106125317778	color=(29,145,192)
6	27	28	1.876680371994	color=(29,145,192)
6	28	29	2.6910624817942	color=(29,145,192)
6	29	30	2.228738224974	color=(29,145,192)
6	30	31	0.5649642020792	color=(65,182,196)
6	31	32	1.282159199956	color=(29,145,192)
6	32	33	1.0850975604284	color=(65,182,196)
6	33	34	2.774983325764	color=(29,145,192)
6	34	35	1.717352739766	color=(29,145,192)
6	35	36	1.244083566646	color=(29,145,192)
6	36	37	0.785989850962	color=(65,182,196)
6	37	38	1.221714516112	color=(29,145,192)
6	38	39	1.9594038653432	color=(29,145,192)
6	39	40	2.5830591018166	color=(29,145,192)
6	40	41	1.181357633574	color=(29,145,192)
6	41	42	1.84526369646	color=(29,145,192)
6	42	43	3.332133930876	color=(34,94,168)
6	43	44	0.939853135286	color=(65,182,196)
6	44	45	1.751467761858	color=(29,145,192)
6	45	46	1.53521719872	color=(29,145,192)
6	46	47	1.137292273872	color=(29,145,192)
6	47	48	0.3389146215292	color=(65,182,196)
6	48	49	0.5058341876486	color=(65,182,196)
6	49	50	1.9574102759626	color=(29,145,192)
6	50	51	1.866311583138	color=(29,145,192)
6	51	52	2.070761039284	color=(29,145,192)
6	52	53	2.2778464188096	color=(29,145,192)
6	53	54	3.225366347984	color=(29,145,192)
6	54	55	2.1359273083464	color=(29,145,192)
6	55	56	1.583680084256	color=(29,145,192)
6	56	57	1.905982854058	color=(29,145,192)
6	57	58	1.895141381808	color=(29,145,192)
6	58	59	2.383621260488	color=(29,145,192)
6	59	60	1.331208796631	color=(29,145,192)
6	60	61	1.540307999612	color=(29,145,192)
6	61	62	3.043133109528	color=(29,145,192)
6	62	63	0.9901946642484	color=(65,182,196)
6	63	64	2.217444183402	color=(29,145,192)
6	64	65	2.1469044951772	color=(29,145,192)
6	65	66	1.4540355037932	color=(29,145,192)
6	66	67	2.7982647663658	color=(29,145,192)
6	67	68	2.1288514222006	color=(29,145,192)
6	68	69	2.40896736203	color=(29,145,192)
6	69	70	1.27600541026	color=(29,145,192)
6	70	71	1.1691127302824	color=(29,145,192)
6	71	72	2.0978272556484	color=(29,145,192)
6	72	73	1.7310629829274	color=(29,145,192)
6	73	74	1.740981227204	color=(29,145,192)
6	74	75	0.4498972847798	color=(65,182,196)
6	75	76	1.144421842274	color=(29,145,192)
6	76	77	0.5857194892654	color=(65,182,196)
6	77	78	2.4674675321	color=(29,145,192)
6	78	79	0.9955032875222	color=(65,182,196)
6	79	80	1.680517708552	color=(29,145,192)
6	80	81	1.846284105432	color=(29,145,192)
6	81	82	2.3777073636	color=(29,145,192)
6	82	83	1.9226240587	color=(29,145,192)
6	83	84	1.75293343204	color=(29,145,192)
6	84	85	2.0061166123618	color=(29,145,192)
6	85	86	0.92470198636648	color=(65,182,196)
6	86	87	1.29559654595	color=(29,145,192)
6	87	88	2.6184765786696	color=(29,145,192)
6	88	89	2.1214227173716	color=(29,145,192)
6	89	90	3.040893412169	color=(29,145,192)
6	90	91	1.27500851788	color=(29,145,192)
6	91	92	1.9118266965766	color=(29,145,192)
6	92	93	1.5077952820518	color=(29,145,192)
6	93	94	1.854628752262	color=(29,145,192)
6	94	95	1.792525110652	color=(29,145,192)
6	95	96	2.15181395973336	color=(29,145,192)
6	96	97	2.752593185456	color=(29,145,192)
6	97	98	2.066885065746	color=(29,145,192)
6	98	99	3.8329417870088	color=(34,94,168)
6	99	100	2.290304703668	color=(29,145,192)
6	100	101	0.4286291742098	color=(65,182,196)
6	101	102	2.01582956332054	color=(29,145,192)
6	102	103	2.390188656488	color=(29,145,192)
6	103	104	1.4735451763908	color=(29,145,192)
6	104	105	1.42061271283366	color=(29,145,192)
6	105	106	1.607181660188	color=(29,145,192)
6	106	107	3.239417374618	color=(29,145,192)
6	107	108	1.240154842494	color=(29,145,192)
6	108	109	2.1141910578166	color=(29,145,192)
6	109	110	1.17221381406454	color=(29,145,192)
6	110	111	1.1244641146846	color=(29,145,192)
6	111	112	1.4426816721354	color=(29,145,192)
6	112	113	2.6312246165326	color=(29,145,192)
6	113	114	1.75843327621	color=(29,145,192)
6	114	115	1.7096395904734	color=(29,145,192)
6	115	116	1.282550345694	color=(29,145,192)
6	116	117	1.9230262270298	color=(29,145,192)
6	117	118	1.4757925203696	color=(29,145,192)
6	118	119	1.864600913936	color=(29,145,192)
6	119	120	1.536751128608	color=(29,145,192)
6	120	121	2.50788265592	color=(29,145,192)
6	121	122	2.394189999998	color=(29,145,192)
6	122	123	0.6357044585096	color=(65,182,196)
6	123	124	0.608766449048	color=(65,182,196)
6	124	125	1.413333553374	color=(29,145,192)
6	125	126	2.0724516082408	color=(29,145,192)
6	126	127	1.617784695164	color=(29,145,192)
6	127	128	1.834885626242	color=(29,145,192)
6	128	129	1.153818871426	color=(29,145,192)
6	129	130	0.548372094224	color=(65,182,196)
6	130	131	2.355459012928	color=(29,145,192)
6	131	132	3.016737995084	color=(29,145,192)
6	132	133	1.234673927782	color=(29,145,192)
6	133	134	2.82379035116	color=(29,145,192)
6	134	135	1.722893975968	color=(29,145,192)
6	135	136	2.507280557456	color=(29,145,192)
6	136	137	0.9808344999082	color=(65,182,196)
6	137	138	2.575997234726	color=(29,145,192)
6	138	139	1.24428719707	color=(29,145,192)
6	139	140	1.8408588667418	color=(29,145,192)
6	140	141	1.5237449141272	color=(29,145,192)
6	141	142	0.861552356312	color=(65,182,196)
6	142	143	0.273429306372	color=(65,182,196)
6	143	144	2.371900878426	color=(29,145,192)
6	144	145	1.514306145216	color=(29,145,192)
6	145	146	2.065524335308	color=(29,145,192)
6	146	147	0.8903816455134	color=(65,182,196)
6	147	148	1.370575907142	color=(29,145,192)
6	148	149	0.371469131634	color=(65,182,196)
6	149	150	1.5332028817168	color=(29,145,192)
6	150	151	1.219584751186	color=(29,145,192)
6	151	152	1.7660528956598	color=(29,145,192)
6	152	153	0.57100916061	color=(65,182,196)
6	153	154	2.432992371995	color=(29,145,192)
6	154	155	2.091762503764	color=(29,145,192)
6	155	156	1.93716935687	color=(29,145,192)
6	156	157	1.1155790749798	color=(29,145,192)
6	157	158	0.84324881373	color=(65,182,196)
6	158	159	2.270028784738	color=(29,145,192)
6	159	160	2.311790279618	color=(29,145,192)
6	160	161	2.632913608207	color=(29,145,192)
6	161	162	4.786945124397	color=(34,94,168)
6	162	163	2.004511449328	color=(29,145,192)
6	163	164	1.803728658614	color=(29,145,192)
6	164	165	3.0572110290312	color=(29,145,192)
6	165	166	0.835701492594	color=(65,182,196)
6	166	167	0.997997415598	color=(65,182,196)
6	167	168	1.6690624341112	color=(29,145,192)
6	168	169	1.583188190066	color=(29,145,192)
6	169	170	1.585433798146	color=(29,145,192)
6	170	171	0.653677968894599	color=(65,182,196)
6	171	172	0.695210695614	color=(65,182,196)
6	172	173	1.2159044095	color=(29,145,192)
6	173	174	1.65309051839	color=(29,145,192)
6	174	175	2.902717114178	color=(29,145,192)
6	175	176	2.283623912304	color=(29,145,192)
6	176	177	0.964094017842	color=(65,182,196)
6	177	178	2.939785079162	color=(29,145,192)
6	178	179	2.375478128296	color=(29,145,192)
6	179	180	1.8185337384268	color=(29,145,192)
6	180	181	0.5741649541	color=(65,182,196)
6	181	182	0.807990369072	color=(65,182,196)
6	182	183	1.5653469557756	color=(29,145,192)
6	183	184	0.9869713683206	color=(65,182,196)
6	184	185	4.013444829114	color=(34,94,168)
6	185	186	2.4380340680282	color=(29,145,192)
6	186	187	1.6819494752042	color=(29,145,192)
6	187	188	2.261088238429	color=(29,145,192)
6	188	189	1.8352716104044	color=(29,145,192)
6	189	190	0.908600343156	color=(65,182,196)
6	190	191	1.650267209048	color=(29,145,192)
6	191	192	0.992866190718	color=(65,182,196)
6	192	193	0.4194091311066	color=(65,182,196)
6	193	194	1.2022237524538	color=(29,145,192)
6	194	195	2.4031652390096	color=(29,145,192)
6	195	196	3.0419340219912	color=(29,145,192)
6	196	197	0.888123043264	color=(65,182,196)
7	0	1	3.019159793359	color=(29,145,192)
7	1	2	2.2474333928082	color=(29,145,192)
7	2	3	2.457357265634	color=(29,145,192)
7	3	4	2.5311071493506	color=(29,145,192)
7	4	5	3.180103729403	color=(29,145,192)
7	5	6	2.781597029013	color=(29,145,192)
7	6	7	3.5801307928078	color=(34,94,168)
7	7	8	3.5545115842076	color=(34,94,168)
7	8	9	2.7501335179132	color=(29,145,192)
7	9	10	3.54390508958196	color=(34,94,168)
7	10	11	1.911754750356	color=(29,145,192)
7	11	12	2.9636771414814	color=(29,145,192)
7	12	13	3.0960685524406	color=(29,145,192)
7	13	14	2.7491180388406	color=(29,145,192)
7	14	15	3.213318171364	color=(29,145,192)
7	15	16	2.86274057666464	color=(29,145,192)
7	16	17	2.935229345327	color=(29,145,192)
7	17	18	2.740837874901	color=(29,145,192)
7	18	19	2.93150040626	color=(29,145,192)
7	19	20	3.1888522559405	color=(29,145,192)
7	20	21	3.1087213196732	color=(29,145,192)
7	21	22	2.819428501305	color=(29,145,192)
7	22	23	2.584563870672	color=(29,145,192)
7	23	24	2.4039682053358	color=(29,145,192)
7	24	25	3.1779744907574	color=(29,145,192)
7	25	26	1.7923445719726	color=(29,145,192)
7	26	27	2.2404584832846	color=(29,145,192)
7	27	28	2.1223769503304	color=(29,145,192)
7	28	29	3.0744865055168	color=(29,145,192)
7	29	30	3.9014398171744	color=(34,94,168)
7	30	31	4.9638328137224	color=(34,94,168)
7	31	32	3.6768324442148	color=(34,94,168)
7	32	33	4.049605142165	color=(34,94,168)
7	33	34	4.174114426575	color=(34,94,168)
7	34	35	2.4678296941308	color=(29,145,192)
7	35	36	2.192956860501	color=(29,145,192)
7	36	37	3.313033247966	color=(29,145,192)
7	37	38	2.185304187366	color=(29,145,192)
7	38	39	3.094679872164	color=(29,145,192)
7	39	40	2.2506796750572	color=(29,145,192)
7	40	41	3.1068399393426	color=(29,145,192)
7	41	42	4.20836699085214	color=(34,94,168)
7	42	43	2.27512271151	color=(29,145,192)
7	43	44	2.2957804596634	color=(29,145,192)
7	44	45	3.68302189186628	color=(34,94,168)
7	45	46	3.5127081304488	color=(34,94,168)
7	46	47	2.9306647711218	color=(29,145,192)
7	47	48	3.0920435779568	color=(29,145,192)
7	48	49	3.34011295062584	color=(34,94,168)
7	49	50	2.4113279822724	color=(29,145,192)
7	50	51	2.9624609628254	color=(29,145,192)
7	51	52	3.42478486652898	color=(34,94,168)
7	52	53	2.83051164546386	color=(29,145,192)
7	53	54	1.68575734949806	color=(29,145,192)
7	54	55	2.7922356763534	color=(29,145,192)
7	55	56	3.3186404650626	color=(29,145,192)
7	56	57	3.5509219877142	color=(34,94,168)
7	57	58	3.1074547019848	color=(29,145,192)
7	58	59	3.9135922365828	color=(34,94,168)
7	59	60	2.842154995645	color=(29,145,192)
7	60	61	2.46911710245634	color=(29,145,192)
7	61	62	1.678591304376	color=(29,145,192)
7	62	63	3.5005969775276	color=(34,94,168)
7	63	64	3.462343077553	color=(34,94,168)
7	64	65	3.9686477476268	color=(34,94,168)
7	65	66	1.976895405094	color=(29,145,192)
7	66	67	3.0851587718228	color=(29,145,192)
7	67	68	2.845813905743	color=(29,145,192)
7	68	69	2.898775233822	color=(29,145,192)
7	69	70	1.85541919892364	color=(29,145,192)
7	70	71	2.3231131277404	color=(29,145,192)
7	71	72	2.0867277179204	color=(29,145,192)
7	72	73	4.5528481333388	color=(34,94,168)
7	73	74	3.1234236744932	color=(29,145,192)
7	74	75	3.201486370642	color=(29,145,192)
7	75	76	2.5834027656432	color=(29,145,192)
7	76	77	3.174589385978	color=(29,145,192)
7	77	78	3.292975944051	color=(29,145,192)
7	78	79	1.7492776339388	color=(29,145,192)
7	79	80	2.8404252110234	color=(29,145,192)
7	80	81	0.9761978974956	color=(65,182,196)
7	81	82	3.5182158176602	color=(34,94,168)
7	82	83	3.5028298538006	color=(34,94,168)
7	83	84	2.7511452565902	color=(29,145,192)
7	84	85	2.5568778289964	color=(29,145,192)
7	85	86	2.6695907722262	color=(29,145,192)
7	86	87	1.973827189906	color=(29,145,192)
7	87	88	2.901904334438	color=(29,145,192)
7	88	89	3.2402530722698	color=(29,145,192)
7	89	90	3.197973632556	color=(29,145,192)
7	90	91	3.70419512737843	color=(34,94,168)
7	91	92	2.4757988585538	color=(29,145,192)
7	92	93	2.61033066905626	color=(29,145,192)
7	93	94	2.6736229501322	color=(29,145,192)
7	94	95	2.8654881386422	color=(29,145,192)
7	95	96	2.0198104608248	color=(29,145,192)
7	96	97	2.833925175738	color=(29,145,192)
7	97	98	2.3372900453178	color=(29,145,192)
7	98	99	1.8027308812408	color=(29,145,192)
7	99	100	3.6337489585014	color=(34,94,168)
7	100	101	4.2133781530388	color=(34,94,168)
7	101	102	3.7085818120998	color=(34,94,168)
7	102	103	4.049448298064	color=(34,94,168)
7	103	104	3.1855555122142	color=(29,145,192)
7	104	105	2.853828251942	color=(29,145,192)
7	105	106	3.0260044475988	color=(29,145,192)
7	106	107	1.652102411252	color=(29,145,192)
7	107	108	2.54962881452	color=(29,145,192)
7	108	109	4.2286679214564	color=(34,94,168)
7	109	110	4.711550005787	color=(34,94,168)
7	110	111	2.987490267376	color=(29,145,192)
7	111	112	3.2444829748638	color=(29,145,192)
7	112	113	1.4150083640896	color=(29,145,192)
7	113	114	3.338888045246	color=(34,94,168)
7	114	115	3.443434755816	color=(34,94,168)
7	115	116	2.9923244739018	color=(29,145,192)
7	116	117	3.1842932211032	color=(29,145,192)
7	117	118	2.2415548040434	color=(29,145,192)
7	118	119	2.819305028269	color=(29,145,192)
7	119	120	2.94120892531014	color=(29,145,192)
7	120	121	2.8368227598374	color=(29,145,192)
7	121	122	3.454008749939	color=(34,94,168)
7	122	123	2.7365457852222	color=(29,145,192)
7	123	124	1.70543629327172	color=(29,145,192)
7	124	125	2.850377579087	color=(29,145,192)
7	125	126	3.012010923914	color=(29,145,192)
7	126	127	2.709654111153	color=(29,145,192)
7	127	128	2.202093351796	color=(29,145,192)
7	128	129	2.52003863385915	color=(29,145,192)
7	129	130	2.0665303196386	color=(29,145,192)
7	130	131	2.256711006608	color=(29,145,192)
7	131	132	2.3672530695394	color=(29,145,192)
7	132	133	2.88933762879446	color=(29,145,192)
7	133	134	0.962547581384001	color=(65,182,196)
7	134	135	2.9012482711224	color=(29,145,192)
7	135	136	0.8791378966944	color=(65,182,196)
7	136	137	2.43903203333896	color=(29,145,192)
7	137	138	2.9382202821972	color=(29,145,192)
7	138	139	2.6424764654516	color=(29,145,192)
7	139	140	2.97860321809402	color=(29,145,192)
7	140	141	2.2614861189458	color=(29,145,192)
7	141	142	3.2651848278746	color=(29,145,192)
7	142	143	2.7292560306614	color=(29,145,192)
7	143	144	2.375064731971	color=(29,145,192)
7	144	145	0.9404685937898	color=(65,182,196)
7	145	146	2.60627059738436	color=(29,145,192)
7	146	147	2.424406590347	color=(29,145,192)
7	147	148	3.1399940646016	color=(29,145,192)
7	148	149	2.6702206984928	color=(29,145,192)
7	149	150	1.3470852669378	color=(29,145,192)
7	150	151	2.6984906233196	color=(29,145,192)
7	151	152	1.4804285397662	color=(29,145,192)
7	152	153	2.5211267424808	color=(29,145,192)
7	153	154	2.92751285254004	color=(29,145,192)
7	154	155	3.399932418042	color=(34,94,168)
7	155	156	2.6600215545654	color=(29,145,192)
8	0	1	0.05468859927426	color=(65,182,196)
8	1	2	-0.03196491760642	color=(65,182,196)
8	2	3	0.0424300339360002	color=(65,182,196)
8	3	4	-0.0204829297256001	color=(65,182,196)
8	4	5	-0.0911740019540002	color=(65,182,196)
8	5	6	2.0039376223034	color=(29,145,192)
8	6	7	0.8947970342896	color=(65,182,196)
8	7	8	-1.4393619790034	color=(127,205,187)
8	8	9	-1.202374250248	color=(127,205,187)
8	9	10	-1.232065379202	color=(127,205,187)
8	10	11	-1.1578129535064	color=(127,205,187)
8	11	12	-0.11398511564	color=(65,182,196)
8	12	13	0.0577499514699999	color=(65,182,196)
8	13	14	-2.387530042878	color=(127,205,187)
8	14	15	0.1554984987472	color=(65,182,196)
8	15	16	0.4169392578241	color=(65,182,196)
8	16	17	0.67524033357152	color=(65,182,196)
8	17	18	0.343022986438001	color=(65,182,196)
8	18	19	-2.95208568511	color=(127,205,187)
8	19	20	1.3129614916446	color=(29,145,192)
8	20	21	0.3056527546906	color=(65,182,196)
8	21	22	0.24633044931404	color=(65,182,196)
8	22	23	-1.178482010022	color=(127,205,187)
8	23	24	0.3644546008476	color=(65,182,196)
8	24	25	0.169824312539999	color=(65,182,196)
8	25	26	-1.15959961518348	color=(127,205,187)
8	26	27	-1.9938173456706	color=(127,205,187)
8	27	28	-0.2741515001488	color=(65,182,196)
8	28	29	0.3074429750199	color=(65,182,196)
8	29	30	0.51173793847036	color=(65,182,196)
8	30	31	0.304175822824	color=(65,182,196)
8	31	32	0.036106992006	color=(65,182,196)
8	32	33	0.842275534346	color=(65,182,196)
8	33	34	-1.6358850404032	color=(127,205,187)
8	34	35	0.0751033343232	color=(65,182,196)
8	35	36	0.0182535611920001	color=(65,182,196)
8	36	37	1.0865879381028	color=(65,182,196)
8	37	38	-0.8022930926042	color=(65,182,196)
8	38	39	-1.6392822987074	color=(127,205,187)
8	39	40	-0.4735818679902	color=(65,182,196)
8	40	41	-1.316707805136	color=(127,205,187)
8	41	42	-0.112589982862	color=(65,182,196)
8	42	43	-4.229199237502	color=(199,233,180)
8	43	44	2.060119046308	color=(29,145,192)
8	44	45	0.223696524392	color=(65,182,196)
8	45	46	-1.628348377736	color=(127,205,187)
8	46	47	-0.591961385212	color=(65,182,196)
8	47	48	-0.60839293015732	color=(65,182,196)
8	48	49	-0.983291355076	color=(65,182,196)
8	49	50	-1.05922438448012	color=(65,182,196)
8	50	51	0.151699461813	color=(65,182,196)
8	51	52	-0.491353692586	color=(65,182,196)
8	52	53	0.82284487111	color=(65,182,196)
8	53	54	-1.80932252623	color=(127,205,187)
8	54	55	-0.19024681288616	color=(65,182,196)
8	55	56	-1.76328911684964	color=(127,205,187)
8	56	57	-0.451495801643	color=(65,182,196)
8	57	58	0.893611568928	color=(65,182,196)
8	58	59	-2.861162136722	color=(127,205,187)
8	59	60	0.00338442911960013	color=(65,182,196)
8	60	61	0.707275904626	color=(65,182,196)
8	61	62	0.5157304338474	color=(65,182,196)
8	62	63	-0.323481357542	color=(65,182,196)
8	63	64	0.643465212415999	color=(65,182,196)
8	64	65	-1.3881445351406	color=(127,205,187)
8	65	66	-0.9478244401048	color=(65,182,196)
8	66	67	1.785047107914	color=(29,145,192)
8	67	68	0.25174567129598	color=(65,182,196)
8	68	69	1.904890618268	color=(29,145,192)
8	69	70	-1.92236345387	color=(127,205,187)
8	70	71	-0.0332403658831	color=(65,182,196)
8	71	72	-0.0752591721339999	color=(65,182,196)
8	72	73	-0.873384418054	color=(65,182,196)
8	73	74	-2.08125409743	color=(127,205,187)
8	74	75	-0.020291677326	color=(65,182,196)
8	75	76	1.951815157856	color=(29,145,192)
8	76	77	0.301953352663552	color=(65,182,196)
8	77	78	2.3611929925578	color=(29,145,192)
8	78	79	0.2448598959226	color=(65,182,196)
8	79	80	0.03492422996314	color=(65,182,196)
8	80	81	0.146465205854	color=(65,182,196)
8	81	82	0.7231117971448	color=(65,182,196)
8	82	83	-0.513806714764	color=(65,182,196)
8	83	84	-0.2716198259088	color=(65,182,196)
8	84	85	-1.173131136318	color=(127,205,187)
8	85	86	-0.403139464722001	color=(65,182,196)
8	86	87	-0.3449617806364	color=(65,182,196)
8	87	88	-0.0814416031820002	color=(65,182,196)
8	88	89	0.24266315026	color=(65,182,196)
8	89	90	1.60364529108	color=(29,145,192)
8	90	91	0.6039879370922	color=(65,182,196)
8	91	92	1.2743562046204	color=(29,145,192)
8	92	93	0.8124764069486	color=(65,182,196)
8	93	94	1.371604334124	color=(29,145,192)
8	94	95	1.544260526163	color=(29,145,192)
8	95	96	0.392223766378	color=(65,182,196)
8	96	97	-0.0606503872778	color=(65,182,196)
8	97	98	2.62288891102	color=(29,145,192)
8	98	99	-1.588037222006	color=(127,205,187)
8	99	100	-0.2976036692514	color=(65,182,196)
8	100	101	-0.5058757832598	color=(65,182,196)
8	101	102	-0.938098583228	color=(65,182,196)
8	102	103	0.3519796018562	color=(65,182,196)
8	103	104	0.44609576716804	color=(65,182,196)
8	104	105	-0.072687060692	color=(65,182,196)
8	105	106	-1.133839299244	color=(127,205,187)
8	106	107	-0.0712655226520003	color=(65,182,196)
8	107	108	0.0682232787964	color=(65,182,196)
8	108	109	-3.80463674402	color=(199,233,180)
8	109	110	0.3866372875644	color=(65,182,196)
8	110	111	0.3279745391362	color=(65,182,196)
8	111	112	1.313132104448	color=(29,145,192)
8	112	113	1.889874491116	color=(29,145,192)
8	113	114	0.7103424717564	color=(65,182,196)
8	114	115	0.283750904806	color=(65,182,196)
8	115	116	1.1442808217396	color=(29,145,192)
8	116	117	-2.440260962746	color=(127,205,187)
8	117	118	0.289581854624	color=(65,182,196)
8	118	119	0.341864714996	color=(65,182,196)
8	119	120	-0.3948396594534	color=(65,182,196)
8	120	121	0.3790027918062	color=(65,182,196)
8	121	122	-0.724458143604	color=(65,182,196)
8	122	123	-0.524612916732	color=(65,182,196)
8	123	124	-0.508329917258	color=(65,182,196)
8	124	125	-0.807130714344	color=(65,182,196)
8	125	126	1.706344954132	color=(29,145,192)
8	126	127	-0.644956086658	color=(65,182,196)
8	127	128	0.503635706998001	color=(65,182,196)
8	128	129	0.00110849315960004	color=(65,182,196)
8	129	130	-0.59902581357172	color=(65,182,196)
8	130	131	-0.72025667382	color=(65,182,196)
8	131	132	-1.714680289896	color=(127,205,187)
8	132	133	-1.232314899562	color=(127,205,187)
8	133	134	0.504300352142	color=(65,182,196)
8	134	135	0.950769593901999	color=(65,182,196)
8	135	136	1.660992550768	color=(29,145,192)
8	136	137	0.0956401751480005	color=(65,182,196)
8	137	138	0.659130731084001	color=(65,182,196)
8	138	139	-0.182896483088	color=(65,182,196)
8	139	140	-1.170003114318	color=(127,205,187)
8	140	141	-0.3352237287864	color=(65,182,196)
8	141	142	-1.247133490913	color=(127,205,187)
8	142	143	-0.603492588966	color=(65,182,196)
8	143	144	0.000589286027400049	color=(65,182,196)
8	144	145	-0.252979736786	color=(65,182,196)
8	145	146	-0.1275954287214	color=(65,182,196)
8	146	147	-0.9775186138106	color=(65,182,196)
8	147	148	-0.00657085242760003	color=(65,182,196)
8	148	149	0.76672939615908	color=(65,182,196)
8	149	150	0.84363221323	color=(65,182,196)
8	150	151	2.5122516053414	color=(29,145,192)
8	151	152	1.370642532132	color=(29,145,192)
8	152	153	0.323425727736	color=(65,182,196)
8	153	154	-1.19077763325124	color=(127,205,187)
8	154	155	0.47553254931	color=(65,182,196)
8	155	156	2.2811857862508	color=(29,145,192)
8	156	157	0.8798237711508	color=(65,182,196)
8	157	158	0.325474352882	color=(65,182,196)
8	158	159	1.025303605698	color=(65,182,196)
8	159	160	0.1885497017444	color=(65,182,196)
8	160	161	1.612881556958	color=(29,145,192)
8	161	162	-0.852896838178	color=(65,182,196)
8	162	163	0.8260889682036	color=(65,182,196)
8	163	164	-0.3725408611012	color=(65,182,196)
8	164	165	-1.221537692302	color=(127,205,187)
8	165	166	-0.46230957934	color=(65,182,196)
8	166	167	-0.3364781798304	color=(65,182,196)
8	167	168	-1.30413077637	color=(127,205,187)
8	168	169	-0.7248884238602	color=(65,182,196)
8	169	170	0.25611443380736	color=(65,182,196)
8	170	171	-1.317536390182	color=(127,205,187)
8	171	172	-0.296364727366001	color=(65,182,196)
8	172	173	-1.186965102254	color=(127,205,187)
8	173	174	-0.227590090435	color=(65,182,196)
8	174	175	2.51212450722426	color=(29,145,192)
8	175	176	-0.1046666097466	color=(65,182,196)
8	176	177	-0.0512684988018	color=(65,182,196)
8	177	178	0.3748259700234	color=(65,182,196)
8	178	179	-2.42051090437	color=(127,205,187)
8	179	180	0.289717979408	color=(65,182,196)
8	180	181	-0.245172826960001	color=(65,182,196)
8	181	182	0.4544171805238	color=(65,182,196)
8	182	183	1.28981386449038	color=(29,145,192)
8	183	184	-0.80951093097	color=(65,182,196)
8	184	185	0.0445625136914	color=(65,182,196)
8	185	186	-1.4255453456348	color=(127,205,187)
8	186	187	-1.876931646856	color=(127,205,187)
8	187	188	-1.599282304474	color=(127,205,187)
8	188	189	-0.3066401597364	color=(65,182,196)
8	189	190	-1.315923979244	color=(127,205,187)
8	190	191	-0.825850621134	color=(65,182,196)
8	191	192	2.09516504975732	color=(29,145,192)
8	192	193	-0.446022351224	color=(65,182,196)
8	193	194	-0.6054378016862	color=(65,182,196)
8	194	195	-0.3909275492288	color=(65,182,196)
8	195	196	0.46083753183554	color=(65,182,196)
8	196	197	2.020800949018	color=(29,145,192)
8	197	198	0.781026143807	color=(65,182,196)
8	198	199	0.038824173745	color=(65,182,196)
8	199	200	0.21149590055	color=(65,182,196)
8	200	201	2.1364254246064	color=(29,145,192)
8	201	202	0.332959029497999	color=(65,182,196)
8	202	203	1.142048073978	color=(29,145,192)
8	203	204	-0.268162022876	color=(65,182,196)
8	204	205	-1.561601731552	color=(127,205,187)
8	205	206	-0.4092213285696	color=(65,182,196)
8	206	207	0.932154958791999	color=(65,182,196)
8	207	208	0.68056974032	color=(65,182,196)
8	208	209	-0.0269266010661999	color=(65,182,196)
8	209	210	0.9754847412676	color=(65,182,196)
8	210	211	0.0683049581560002	color=(65,182,196)
8	211	212	0.418399013954	color=(65,182,196)
8	212	213	0.583394841454	color=(65,182,196)
8	213	214	-1.362803723686	color=(127,205,187)
8	214	215	4.2815354221162	color=(34,94,168)
8	215	216	-1.114556241234	color=(65,182,196)
8	216	217	-0.4815808532662	color=(65,182,196)
8	217	218	-0.0518106636044	color=(65,182,196)
8	218	219	0.514488382452	color=(65,182,196)
8	219	220	-0.000968761560800002	color=(65,182,196)
8	220	221	-0.28325009381	color=(65,182,196)
8	221	222	-0.139979237446	color=(65,182,196)
8	222	223	0.172187202589	color=(65,182,196)
8	223	224	0.970134084214	color=(65,182,196)
8	224	225	0.130324553382	color=(65,182,196)
8	225	226	0.6386055331324	color=(65,182,196)
8	226	227	-0.1376212186552	color=(65,182,196)
8	227	228	-2.6365530642448	color=(127,205,187)
8	228	229	-0.3423794118888	color=(65,182,196)
8	229	230	-0.3607239488216	color=(65,182,196)
8	230	231	-0.3739004211226	color=(65,182,196)
8	231	232	-0.5333533526824	color=(65,182,196)
8	232	233	0.95115171651	color=(65,182,196)
8	233	234	-1.650898326884	color=(127,205,187)
8	234	235	0.09975615199606	color=(65,182,196)
8	235	236	-0.30278288411	color=(65,182,196)
8	236	237	0.800547914866001	color=(65,182,196)
8	237	238	-1.98315789149	color=(127,205,187)
8	238	239	1.30044760976	color=(29,145,192)
8	239	240	0.259562148622001	color=(65,182,196)
8	240	241	-1.2595478559	color=(127,205,187)
8	241	242	1.123685403	color=(29,145,192)
8	242	243	-1.148636084746	color=(127,205,187)
8	243	244	1.040214585452	color=(65,182,196)
8	244	245	-0.3632220924456	color=(65,182,196)
8	245	246	1.06069319232	color=(65,182,196)
8	246	247	-0.00424796004525996	color=(65,182,196)
8	247	248	-0.7283415172078	color=(65,182,196)
8	248	249	-0.1400677228382	color=(65,182,196)
8	249	250	0.2222463643598	color=(65,182,196)
8	250	251	1.3237433310552	color=(29,145,192)
8	251	252	-1.6009906007312	color=(127,205,187)
8	252	253	-0.457584112622	color=(65,182,196)
8	253	254	-1.009104600924	color=(65,182,196)
8	254	255	0.24792407334	color=(65,182,196)
8	255	256	0.5047163539608	color=(65,182,196)
8	256	257	-0.0956778678632	color=(65,182,196)
8	257	258	-1.5698513668412	color=(127,205,187)
8	258	259	0.0521195894402	color=(65,182,196)
8	259	260	-0.2550870108722	color=(65,182,196)
8	260	261	-0.0406644631094	color=(65,182,196)
8	261	262	1.35430627737	color=(29,145,192)
8	262	263	-2.472243588386	color=(127,205,187)
8	263	264	2.730905374	color=(29,145,192)
8	264	265	0.488417036621	color=(65,182,196)
8	265	266	-0.58256942006	color=(65,182,196)
8	266	267	-0.828473133186	color=(65,182,196)
8	267	268	0.4962888906828	color=(65,182,196)
8	268	269	0.5175945875242	color=(65,182,196)
8	269	270	-0.2540444447898	color=(65,182,196)
8	270	271	-1.228012301404	color=(127,205,187)
8	271	272	-1.247346947514	color=(127,205,187)
8	272	273	-0.274764601386	color=(65,182,196)
8	273	274	0.75642230795456	color=(65,182,196)
8	274	275	0.0987833743028	color=(65,182,196)
8	275	276	-2.69428565604	color=(127,205,187)
8	276	277	-0.370651536834	color=(65,182,196)
8	277	278	1.062866649712	color=(65,182,196)
8	278	279	0.0885597958514199	color=(65,182,196)
8	279	280	-1.889426681922	color=(127,205,187)
8	280	281	-0.1200947373838	color=(65,182,196)
8	281	282	1.79891491258	color=(29,145,192)
