1	0	1	-1.089086218806	color=(65,182,196)
1	1	2	-0.53342103518	color=(65,182,196)
1	2	3	-2.265300827965	color=(127,205,187)
1	3	4	-0.683876642166	color=(65,182,196)
1	4	5	-0.867726086129998	color=(65,182,196)
1	5	6	-2.74413931719	color=(127,205,187)
1	6	7	-1.495401515616	color=(127,205,187)
1	7	8	0.248504856528	color=(65,182,196)
1	8	9	1.1239814829358	color=(29,145,192)
1	9	10	-1.392600569663	color=(127,205,187)
1	10	11	-1.0609994616754	color=(65,182,196)
1	11	12	-0.3825818869462	color=(65,182,196)
1	12	13	-0.253983202413	color=(65,182,196)
1	13	14	-2.237330166262	color=(127,205,187)
1	14	15	2.11533659654	color=(29,145,192)
1	15	16	-1.304307126858	color=(127,205,187)
1	16	17	-2.878768911026	color=(127,205,187)
1	17	18	-2.07567128835608	color=(127,205,187)
1	18	19	-0.6080853756162	color=(65,182,196)
1	19	20	-1.600010938414	color=(127,205,187)
1	20	21	-0.928599174499999	color=(65,182,196)
1	21	22	-2.0491292506124	color=(127,205,187)
1	22	23	-3.33834080131032	color=(127,205,187)
1	23	24	-3.50596709384	color=(199,233,180)
1	24	25	-0.586723605702	color=(65,182,196)
1	25	26	-1.4021114354828	color=(127,205,187)
1	26	27	-1.6279099186762	color=(127,205,187)
1	27	28	-0.161044463876	color=(65,182,196)
1	28	29	1.268131344586	color=(29,145,192)
1	29	30	-1.2078679895124	color=(127,205,187)
1	30	31	-0.0150803143479994	color=(65,182,196)
1	31	32	-1.9572753612718	color=(127,205,187)
1	32	33	-1.122383542004	color=(127,205,187)
1	33	34	-2.597552253406	color=(127,205,187)
1	34	35	-0.86806446145	color=(65,182,196)
1	35	36	-0.932611524532001	color=(65,182,196)
1	36	37	0.729775182689	color=(65,182,196)
1	37	38	-1.246973349102	color=(127,205,187)
1	38	39	-0.744887102344	color=(65,182,196)
1	39	40	-1.277434592836	color=(127,205,187)
1	40	41	0.1334883622962	color=(65,182,196)
1	41	42	-1.516578705192	color=(127,205,187)
1	42	43	-1.85368896833	color=(127,205,187)
1	43	44	-1.8452989566518	color=(127,205,187)
1	44	45	-2.139932614364	color=(127,205,187)
1	45	46	-1.469887193956	color=(127,205,187)
1	46	47	-3.1064040319106	color=(127,205,187)
1	47	48	-0.514449679211999	color=(65,182,196)
1	48	49	-2.0601080439604	color=(127,205,187)
1	49	50	-0.589809761402	color=(65,182,196)
1	50	51	-1.173211844784	color=(127,205,187)
1	51	52	0.133137656554	color=(65,182,196)
1	52	53	-0.4325161235152	color=(65,182,196)
1	53	54	-2.217326326644	color=(127,205,187)
1	54	55	-0.00332458919400036	color=(65,182,196)
1	55	56	-0.0733076106100006	color=(65,182,196)
1	56	57	-2.5992509027764	color=(127,205,187)
1	57	58	-1.36881069106	color=(127,205,187)
1	58	59	-0.935958509358001	color=(65,182,196)
1	59	60	-1.0694780663398	color=(65,182,196)
1	60	61	-1.34075850813	color=(127,205,187)
1	61	62	-1.2122737509594	color=(127,205,187)
1	62	63	0.046326816848	color=(65,182,196)
1	63	64	-1.949817732256	color=(127,205,187)
1	64	65	1.388928744106	color=(29,145,192)
1	65	66	1.0466320352504	color=(65,182,196)
1	66	67	-0.735086592784	color=(65,182,196)
1	67	68	-0.595966413413999	color=(65,182,196)
1	68	69	0.134199452581999	color=(65,182,196)
1	69	70	-3.17029714169	color=(127,205,187)
1	70	71	-1.20276367658	color=(127,205,187)
1	71	72	-1.778581064422	color=(127,205,187)
1	72	73	-2.99570646332892	color=(127,205,187)
1	73	74	-1.523400303446	color=(127,205,187)
1	74	75	1.679083425894	color=(29,145,192)
1	75	76	-2.1197444738358	color=(127,205,187)
1	76	77	-1.981738188256	color=(127,205,187)
1	77	78	-0.65653541254	color=(65,182,196)
1	78	79	0.22092860177	color=(65,182,196)
1	79	80	0.0087464177399994	color=(65,182,196)
1	80	81	0.26605998432382	color=(65,182,196)
1	81	82	-0.533811788914	color=(65,182,196)
1	82	83	-2.5696393062352	color=(127,205,187)
1	83	84	-1.4758333165762	color=(127,205,187)
1	84	85	-2.2356148437104	color=(127,205,187)
1	85	86	2.096828586648	color=(29,145,192)
1	86	87	-1.312137681248	color=(127,205,187)
1	87	88	-1.1029302935134	color=(65,182,196)
1	88	89	0.963720358002	color=(65,182,196)
1	89	90	-0.229902599962	color=(65,182,196)
1	90	91	-2.718192831246	color=(127,205,187)
1	91	92	-1.6797621754434	color=(127,205,187)
1	92	93	-0.328446748386	color=(65,182,196)
1	93	94	-2.54052983274	color=(127,205,187)
1	94	95	-0.743732037950001	color=(65,182,196)
1	95	96	-1.8957355383752	color=(127,205,187)
1	96	97	-1.7759079726456	color=(127,205,187)
1	97	98	-1.835845983788	color=(127,205,187)
1	98	99	-3.142100925353	color=(127,205,187)
1	99	100	-1.52469952612	color=(127,205,187)
1	100	101	-0.28683154838	color=(65,182,196)
1	101	102	-1.180763913348	color=(127,205,187)
1	102	103	-1.77452494679282	color=(127,205,187)
1	103	104	-0.04541217492	color=(65,182,196)
1	104	105	-1.654784555193	color=(127,205,187)
1	105	106	-1.201102843328	color=(127,205,187)
1	106	107	-0.76087361811528	color=(65,182,196)
1	107	108	-1.203529371634	color=(127,205,187)
1	108	109	-1.655075011176	color=(127,205,187)
1	109	110	-2.63056291233552	color=(127,205,187)
1	110	111	-1.134489411938	color=(127,205,187)
1	111	112	0.369903019414	color=(65,182,196)
1	112	113	-1.36615627504	color=(127,205,187)
1	113	114	-1.747516297414	color=(127,205,187)
1	114	115	-2.187517848564	color=(127,205,187)
1	115	116	-1.3388343718766	color=(127,205,187)
1	116	117	-1.3532947366906	color=(127,205,187)
1	117	118	-1.170294143702	color=(127,205,187)
1	118	119	0.12614923535362	color=(65,182,196)
1	119	120	-0.449698071208	color=(65,182,196)
1	120	121	-1.893029443538	color=(127,205,187)
1	121	122	-3.2302428963672	color=(127,205,187)
1	122	123	-2.365773165108	color=(127,205,187)
1	123	124	-0.943078996301999	color=(65,182,196)
1	124	125	-0.65761625490774	color=(65,182,196)
1	125	126	-0.2759643305668	color=(65,182,196)
1	126	127	-0.0664630275274001	color=(65,182,196)
1	127	128	-1.5045315797	color=(127,205,187)
1	128	129	-0.9694038295678	color=(65,182,196)
1	129	130	-2.36172835658	color=(127,205,187)
1	130	131	-2.095024171798	color=(127,205,187)
1	131	132	-2.629424549042	color=(127,205,187)
1	132	133	-1.21198892371	color=(127,205,187)
1	133	134	0.3507152836098	color=(65,182,196)
1	134	135	-1.939679124304	color=(127,205,187)
1	135	136	-2.114389379518	color=(127,205,187)
1	136	137	-0.8568195129412	color=(65,182,196)
1	137	138	-2.207009400684	color=(127,205,187)
1	138	139	-0.89045362196896	color=(65,182,196)
1	139	140	-2.7769193001072	color=(127,205,187)
1	140	141	-0.325245488732	color=(65,182,196)
1	141	142	-2.0730486928662	color=(127,205,187)
1	142	143	-1.299028519642	color=(127,205,187)
1	143	144	-1.412773549058	color=(127,205,187)
1	144	145	-0.879351954084	color=(65,182,196)
1	145	146	-1.608121293332	color=(127,205,187)
1	146	147	-1.153515585768	color=(127,205,187)
1	147	148	-0.873063096241999	color=(65,182,196)
1	148	149	-0.563226444021	color=(65,182,196)
1	149	150	-2.778469386636	color=(127,205,187)
1	150	151	-0.355403656366001	color=(65,182,196)
1	151	152	-0.36450174761	color=(65,182,196)
1	152	153	-1.584881875406	color=(127,205,187)
1	153	154	-1.40446560343312	color=(127,205,187)
1	154	155	-2.05179740295	color=(127,205,187)
1	155	156	-1.02501933767	color=(65,182,196)
1	156	157	-2.806433950884	color=(127,205,187)
1	157	158	-1.342752638832	color=(127,205,187)
1	158	159	0.278993748246	color=(65,182,196)
1	159	160	0.617112436872	color=(65,182,196)
1	160	161	-1.164778023342	color=(127,205,187)
1	161	162	-1.16167440132538	color=(127,205,187)
1	162	163	-1.8793776108526	color=(127,205,187)
1	163	164	-3.15118313955842	color=(127,205,187)
1	164	165	-2.673187849964	color=(127,205,187)
1	165	166	-0.679123559971	color=(65,182,196)
1	166	167	-0.755808159618	color=(65,182,196)
1	167	168	-2.45724629882712	color=(127,205,187)
1	168	169	-1.1971536936114	color=(127,205,187)
1	169	170	-0.703361122506	color=(65,182,196)
1	170	171	-1.678349870924	color=(127,205,187)
1	171	172	-1.531549667464	color=(127,205,187)
1	172	173	-1.7077298136712	color=(127,205,187)
1	173	174	-1.381940890454	color=(127,205,187)
1	174	175	-0.350070097156	color=(65,182,196)
1	175	176	-2.0670700275014	color=(127,205,187)
1	176	177	-2.656781936301	color=(127,205,187)
1	177	178	-0.346939864806	color=(65,182,196)
1	178	179	-0.486615619668	color=(65,182,196)
1	179	180	-1.66005001539506	color=(127,205,187)
1	180	181	-0.68563036817	color=(65,182,196)
1	181	182	-0.180973833826	color=(65,182,196)
1	182	183	-2.161677763498	color=(127,205,187)
1	183	184	-0.737611000058001	color=(65,182,196)
1	184	185	-0.769993118058	color=(65,182,196)
1	185	186	-1.953863823992	color=(127,205,187)
1	186	187	-0.59143062308026	color=(65,182,196)
1	187	188	-1.5429010262504	color=(127,205,187)
1	188	189	-1.3788430896842	color=(127,205,187)
1	189	190	-2.38512505695504	color=(127,205,187)
1	190	191	-2.01108101914	color=(127,205,187)
1	191	192	-1.706579457608	color=(127,205,187)
1	192	193	-2.22206732616633	color=(127,205,187)
1	193	194	-2.66462160406196	color=(127,205,187)
1	194	195	-0.7671024734888	color=(65,182,196)
1	195	196	-1.190021584636	color=(127,205,187)
1	196	197	-0.695623318474	color=(65,182,196)
1	197	198	-2.6496944080808	color=(127,205,187)
1	198	199	-1.4166389909388	color=(127,205,187)
1	199	200	-0.0359535658459995	color=(65,182,196)
1	200	201	-0.523896173294	color=(65,182,196)
1	201	202	-0.5554860439406	color=(65,182,196)
1	202	203	-0.273298392828	color=(65,182,196)
1	203	204	-1.3726393510176	color=(127,205,187)
1	204	205	-1.59316982954946	color=(127,205,187)
1	205	206	0.0652618237960008	color=(65,182,196)
1	206	207	-0.994934445316	color=(65,182,196)
1	207	208	-3.16477143559749	color=(127,205,187)
1	208	209	-1.0761262387596	color=(65,182,196)
1	209	210	-0.307469436472	color=(65,182,196)
1	210	211	-1.667336679832	color=(127,205,187)
1	211	212	-0.550874728369999	color=(65,182,196)
1	212	213	-2.440146389626	color=(127,205,187)
1	213	214	-1.8362703016044	color=(127,205,187)
1	214	215	-2.5771237946704	color=(127,205,187)
1	215	216	-0.93850590885866	color=(65,182,196)
1	216	217	-2.792601886236	color=(127,205,187)
1	217	218	-1.2022435347072	color=(127,205,187)
1	218	219	-1.2973943092136	color=(127,205,187)
1	219	220	-0.653327921472	color=(65,182,196)
1	220	221	-1.773669703326	color=(127,205,187)
1	221	222	-2.5795576082046	color=(127,205,187)
1	222	223	0.651951288756	color=(65,182,196)
1	223	224	0.0817079218760002	color=(65,182,196)
1	224	225	-1.6456789048566	color=(127,205,187)
1	225	226	0.31609355759	color=(65,182,196)
1	226	227	0.0909411079619993	color=(65,182,196)
1	227	228	-2.585085277296	color=(127,205,187)
1	228	229	-1.6296444661546	color=(127,205,187)
1	229	230	0.584943258778	color=(65,182,196)
1	230	231	-0.702411397595998	color=(65,182,196)
1	231	232	-0.232577064828	color=(65,182,196)
1	232	233	-1.238460945084	color=(127,205,187)
1	233	234	-1.969860582787	color=(127,205,187)
1	234	235	-4.270200182973	color=(199,233,180)
1	235	236	-2.4158801886418	color=(127,205,187)
1	236	237	-1.092354086022	color=(65,182,196)
1	237	238	0.198683583957999	color=(65,182,196)
1	238	239	-3.463256146816	color=(199,233,180)
1	239	240	-2.8277786298844	color=(127,205,187)
1	240	241	-0.109289487704	color=(65,182,196)
1	241	242	-1.303796667788	color=(127,205,187)
1	242	243	-2.9013897019868	color=(127,205,187)
1	243	244	-1.8727709740926	color=(127,205,187)
1	244	245	-2.7004918635548	color=(127,205,187)
1	245	246	-3.1753898894964	color=(127,205,187)
1	246	247	-0.521823177446	color=(65,182,196)
1	247	248	-2.00846225246	color=(127,205,187)
2	0	1	0.5817630143222	color=(65,182,196)
2	1	2	-0.412503496842	color=(65,182,196)
2	2	3	-0.3450921986126	color=(65,182,196)
2	3	4	0.212825935478	color=(65,182,196)
2	4	5	1.272092290597	color=(29,145,192)
2	5	6	0.28067172219158	color=(65,182,196)
2	6	7	-0.518871985792	color=(65,182,196)
2	7	8	0.70133608486	color=(65,182,196)
2	8	9	0.317959093747	color=(65,182,196)
2	9	10	0.4827409445854	color=(65,182,196)
2	10	11	-0.600266091170001	color=(65,182,196)
2	11	12	-1.157330397924	color=(127,205,187)
2	12	13	1.4736620258332	color=(29,145,192)
2	13	14	1.396029402228	color=(29,145,192)
2	14	15	-1.244293516014	color=(127,205,187)
2	15	16	-0.249898389362	color=(65,182,196)
2	16	17	-1.161040718308	color=(127,205,187)
2	17	18	0.3246488027934	color=(65,182,196)
2	18	19	0.862439700226	color=(65,182,196)
2	19	20	0.93647293991906	color=(65,182,196)
2	20	21	2.506833684138	color=(29,145,192)
2	21	22	-0.781697049046	color=(65,182,196)
2	22	23	0.399295452459999	color=(65,182,196)
2	23	24	-0.1354558903708	color=(65,182,196)
2	24	25	-1.4533504007128	color=(127,205,187)
2	25	26	1.336759471936	color=(29,145,192)
2	26	27	0.4490120386544	color=(65,182,196)
2	27	28	-0.5402849823164	color=(65,182,196)
2	28	29	-0.095372860503	color=(65,182,196)
2	29	30	-0.6607315841736	color=(65,182,196)
2	30	31	-0.0647296198060001	color=(65,182,196)
2	31	32	0.577207769317268	color=(65,182,196)
2	32	33	1.5713723535606	color=(29,145,192)
2	33	34	0.73288022813	color=(65,182,196)
2	34	35	1.31750444533	color=(29,145,192)
2	35	36	0.34874847359	color=(65,182,196)
2	36	37	-0.923956988908	color=(65,182,196)
2	37	38	0.644362150377	color=(65,182,196)
2	38	39	-0.139952100786	color=(65,182,196)
2	39	40	-0.290050690514001	color=(65,182,196)
2	40	41	-0.255773018948	color=(65,182,196)
2	41	42	0.5079011365022	color=(65,182,196)
2	42	43	0.2082641357936	color=(65,182,196)
2	43	44	-0.96325649225594	color=(65,182,196)
2	44	45	-0.5750402372276	color=(65,182,196)
2	45	46	2.931924218394	color=(29,145,192)
2	46	47	1.50450975959	color=(29,145,192)
2	47	48	1.9320857182846	color=(29,145,192)
2	48	49	2.990255940078	color=(29,145,192)
2	49	50	1.966239748666	color=(29,145,192)
2	50	51	1.18909024742	color=(29,145,192)
2	51	52	0.0359535951560002	color=(65,182,196)
2	52	53	1.26927606462718	color=(29,145,192)
2	53	54	2.9500158534372	color=(29,145,192)
2	54	55	0.6092375921176	color=(65,182,196)
2	55	56	0.5034938749462	color=(65,182,196)
2	56	57	0.53372943312228	color=(65,182,196)
2	57	58	2.033947981433	color=(29,145,192)
2	58	59	-0.2612756687648	color=(65,182,196)
2	59	60	1.55473701916	color=(29,145,192)
2	60	61	0.83511019640742	color=(65,182,196)
2	61	62	0.3746193426864	color=(65,182,196)
2	62	63	-1.7486731259366	color=(127,205,187)
2	63	64	-0.20469767763754	color=(65,182,196)
2	64	65	-0.424179505292	color=(65,182,196)
2	65	66	2.112674518788	color=(29,145,192)
2	66	67	-0.988158035817	color=(65,182,196)
2	67	68	0.1772009242576	color=(65,182,196)
2	68	69	3.2626267885046	color=(29,145,192)
2	69	70	0.3636762410446	color=(65,182,196)
2	70	71	1.378500992732	color=(29,145,192)
2	71	72	0.7279990093719	color=(65,182,196)
2	72	73	2.031207273074	color=(29,145,192)
2	73	74	2.713374437796	color=(29,145,192)
2	74	75	-1.030608062832	color=(65,182,196)
2	75	76	0.889684218956	color=(65,182,196)
2	76	77	-0.0525738163186	color=(65,182,196)
2	77	78	-2.35912904457	color=(127,205,187)
2	78	79	1.056808932494	color=(65,182,196)
2	79	80	0.514306191974001	color=(65,182,196)
2	80	81	0.877036194314	color=(65,182,196)
2	81	82	-0.1509719406836	color=(65,182,196)
2	82	83	-0.50215364577856	color=(65,182,196)
2	83	84	-0.493458076434001	color=(65,182,196)
2	84	85	0.0565526172480002	color=(65,182,196)
2	85	86	2.1528222961466	color=(29,145,192)
2	86	87	-0.4744839600877	color=(65,182,196)
2	87	88	0.167634771028	color=(65,182,196)
2	88	89	0.973499412453	color=(65,182,196)
2	89	90	-0.539410240396	color=(65,182,196)
2	90	91	1.0342709813836	color=(65,182,196)
2	91	92	0.940961827018	color=(65,182,196)
2	92	93	-0.24619751903	color=(65,182,196)
2	93	94	-0.2349900078068	color=(65,182,196)
2	94	95	2.115424908444	color=(29,145,192)
2	95	96	0.8891177730032	color=(65,182,196)
2	96	97	0.1737667162082	color=(65,182,196)
2	97	98	2.0234006222662	color=(29,145,192)
2	98	99	-2.129189391916	color=(127,205,187)
2	99	100	-0.235103493342	color=(65,182,196)
2	100	101	1.672552074312	color=(29,145,192)
2	101	102	-0.254574199282001	color=(65,182,196)
2	102	103	1.4870603104088	color=(29,145,192)
2	103	104	-0.15059678712658	color=(65,182,196)
2	104	105	-0.412175208004	color=(65,182,196)
2	105	106	0.0653762176528	color=(65,182,196)
2	106	107	1.675113353996	color=(29,145,192)
2	107	108	0.8343274401814	color=(65,182,196)
2	108	109	-0.9099990422772	color=(65,182,196)
2	109	110	-1.0235163272478	color=(65,182,196)
2	110	111	-1.41231504666906	color=(127,205,187)
2	111	112	1.034674240326	color=(65,182,196)
2	112	113	-0.12600434170226	color=(65,182,196)
2	113	114	1.66215541527	color=(29,145,192)
2	114	115	2.72561759513396	color=(29,145,192)
2	115	116	0.263525435134	color=(65,182,196)
2	116	117	0.7313436512988	color=(65,182,196)
2	117	118	-0.3773079375276	color=(65,182,196)
2	118	119	0.2132351001484	color=(65,182,196)
2	119	120	0.48931045714334	color=(65,182,196)
2	120	121	0.216165148186	color=(65,182,196)
2	121	122	0.859069996777999	color=(65,182,196)
2	122	123	-0.515975604652	color=(65,182,196)
2	123	124	1.5960684758928	color=(29,145,192)
2	124	125	0.8208696535068	color=(65,182,196)
2	125	126	0.0277854267141999	color=(65,182,196)
2	126	127	-0.20985262037	color=(65,182,196)
2	127	128	0.5563717121976	color=(65,182,196)
2	128	129	1.2371857929194	color=(29,145,192)
2	129	130	-1.577502541708	color=(127,205,187)
2	130	131	0.4813685110862	color=(65,182,196)
2	131	132	-0.230648105128	color=(65,182,196)
2	132	133	1.18180928727254	color=(29,145,192)
2	133	134	1.8375040596908	color=(29,145,192)
2	134	135	0.253044413260001	color=(65,182,196)
2	135	136	0.413269436174	color=(65,182,196)
2	136	137	-0.915947411154	color=(65,182,196)
2	137	138	0.162810449238	color=(65,182,196)
2	138	139	0.8276418151312	color=(65,182,196)
2	139	140	1.537441984837	color=(29,145,192)
2	140	141	-0.37463377321832	color=(65,182,196)
2	141	142	1.7809973032938	color=(29,145,192)
2	142	143	0.4148093325962	color=(65,182,196)
2	143	144	0.441487292262	color=(65,182,196)
2	144	145	0.289977680006	color=(65,182,196)
2	145	146	1.970874380731	color=(29,145,192)
2	146	147	0.516504075216	color=(65,182,196)
2	147	148	2.1595326514458	color=(29,145,192)
2	148	149	2.171743185188	color=(29,145,192)
2	149	150	0.62331515402915	color=(65,182,196)
2	150	151	2.5335780793486	color=(29,145,192)
2	151	152	0.4387273464368	color=(65,182,196)
2	152	153	0.6335948704472	color=(65,182,196)
2	153	154	0.610174015191999	color=(65,182,196)
2	154	155	0.306072241418	color=(65,182,196)
2	155	156	-0.0277537868300004	color=(65,182,196)
2	156	157	0.25832063992	color=(65,182,196)
2	157	158	0.7845369968228	color=(65,182,196)
2	158	159	1.006669115968	color=(65,182,196)
2	159	160	1.8938955337352	color=(29,145,192)
2	160	161	1.2633760734196	color=(29,145,192)
2	161	162	0.3275697852448	color=(65,182,196)
2	162	163	1.33578772644824	color=(29,145,192)
2	163	164	-0.2513477930058	color=(65,182,196)
2	164	165	1.17317837231644	color=(29,145,192)
2	165	166	0.375241753676	color=(65,182,196)
2	166	167	0.588854031039999	color=(65,182,196)
2	167	168	-0.8744371110694	color=(65,182,196)
2	168	169	-0.0415139234699993	color=(65,182,196)
2	169	170	0.2124471312582	color=(65,182,196)
2	170	171	-1.117506037204	color=(65,182,196)
2	171	172	0.2790340009602	color=(65,182,196)
2	172	173	0.58307760893884	color=(65,182,196)
2	173	174	1.6402491998416	color=(29,145,192)
2	174	175	1.1092171645746	color=(29,145,192)
2	175	176	1.127740993355	color=(29,145,192)
2	176	177	-0.341387240268	color=(65,182,196)
2	177	178	-0.854993706454	color=(65,182,196)
2	178	179	1.245080343945	color=(29,145,192)
2	179	180	1.3566767873968	color=(29,145,192)
2	180	181	0.21055719566326	color=(65,182,196)
2	181	182	-0.62928142361836	color=(65,182,196)
2	182	183	0.47420126487504	color=(65,182,196)
2	183	184	0.275501047292	color=(65,182,196)
2	184	185	1.2453733242776	color=(29,145,192)
2	185	186	-1.0286068708978	color=(65,182,196)
2	186	187	-1.046320789987	color=(65,182,196)
2	187	188	-0.213326429029999	color=(65,182,196)
2	188	189	-0.153683502055999	color=(65,182,196)
2	189	190	0.5584591165996	color=(65,182,196)
2	190	191	-0.147700173178	color=(65,182,196)
2	191	192	0.11275028613	color=(65,182,196)
2	192	193	-0.066796949522	color=(65,182,196)
2	193	194	0.3903882234384	color=(65,182,196)
2	194	195	2.475863978812	color=(29,145,192)
2	195	196	1.166428975568	color=(29,145,192)
2	196	197	0.0891838252952001	color=(65,182,196)
2	197	198	0.6048467863636	color=(65,182,196)
2	198	199	-1.140633528422	color=(127,205,187)
2	199	200	-0.23462323700024	color=(65,182,196)
2	200	201	0.5073397642894	color=(65,182,196)
2	201	202	1.8195302231514	color=(29,145,192)
2	202	203	3.129470805236	color=(29,145,192)
2	203	204	-0.0434541438280003	color=(65,182,196)
2	204	205	-0.474867246522	color=(65,182,196)
2	205	206	-0.566889369442	color=(65,182,196)
2	206	207	1.5509201586448	color=(29,145,192)
2	207	208	1.391649554038	color=(29,145,192)
2	208	209	0.187469009476	color=(65,182,196)
2	209	210	-0.526631215704	color=(65,182,196)
2	210	211	0.3650264887438	color=(65,182,196)
2	211	212	0.55609757086316	color=(65,182,196)
2	212	213	1.5858547396286	color=(29,145,192)
2	213	214	2.0972726896446	color=(29,145,192)
2	214	215	-0.487223424204	color=(65,182,196)
2	215	216	-0.659183402208	color=(65,182,196)
2	216	217	0.616826432691	color=(65,182,196)
2	217	218	0.21135775203	color=(65,182,196)
2	218	219	-0.6975173959362	color=(65,182,196)
2	219	220	0.323917927285999	color=(65,182,196)
2	220	221	-0.380064055660384	color=(65,182,196)
2	221	222	-0.9926860145347	color=(65,182,196)
2	222	223	1.1684354869298	color=(29,145,192)
2	223	224	0.2971769745582	color=(65,182,196)
2	224	225	-1.215446483424	color=(127,205,187)
2	225	226	-0.5953145854384	color=(65,182,196)
2	226	227	0.1212775749367	color=(65,182,196)
2	227	228	1.70985640024	color=(29,145,192)
2	228	229	-0.983682936348	color=(65,182,196)
2	229	230	1.023374274526	color=(65,182,196)
2	230	231	0.533759133847999	color=(65,182,196)
2	231	232	-0.728650688516001	color=(65,182,196)
2	232	233	-0.226785155697	color=(65,182,196)
2	233	234	0.985494019896	color=(65,182,196)
2	234	235	-0.271499003198	color=(65,182,196)
2	235	236	-0.584576409476	color=(65,182,196)
2	236	237	-1.884462435876	color=(127,205,187)
2	237	238	-0.757803991838	color=(65,182,196)
2	238	239	0.9117101730258	color=(65,182,196)
2	239	240	1.423921674618	color=(29,145,192)
2	240	241	2.7887151130218	color=(29,145,192)
2	241	242	-0.3820827531026	color=(65,182,196)
2	242	243	0.98568163178004	color=(65,182,196)
2	243	244	0.8514165763498	color=(65,182,196)
2	244	245	1.31150295538	color=(29,145,192)
2	245	246	1.5400565714638	color=(29,145,192)
2	246	247	-0.8252781893926	color=(65,182,196)
2	247	248	0.2847863642424	color=(65,182,196)
2	248	249	0.114458864357999	color=(65,182,196)
2	249	250	1.614926560642	color=(29,145,192)
2	250	251	-0.4283681743286	color=(65,182,196)
2	251	252	0.0198423834540002	color=(65,182,196)
2	252	253	1.0350257753972	color=(65,182,196)
2	253	254	1.3909043698788	color=(29,145,192)
2	254	255	0.3359077161422	color=(65,182,196)
2	255	256	0.5611788570284	color=(65,182,196)
2	256	257	0.195018028092	color=(65,182,196)
2	257	258	1.2049752990898	color=(29,145,192)
2	258	259	-0.999395297084	color=(65,182,196)
2	259	260	-1.408081944512	color=(127,205,187)
2	260	261	0.0131097227452002	color=(65,182,196)
2	261	262	1.6497177516836	color=(29,145,192)
2	262	263	2.6913193254546	color=(29,145,192)
2	263	264	-0.105213786502	color=(65,182,196)
2	264	265	0.0667691516340003	color=(65,182,196)
2	265	266	0.919705150972	color=(65,182,196)
2	266	267	2.273625165666	color=(29,145,192)
2	267	268	0.185776679828	color=(65,182,196)
2	268	269	0.064837057882	color=(65,182,196)
2	269	270	0.795091178121	color=(65,182,196)
2	270	271	0.9971985745828	color=(65,182,196)
2	271	272	0.044083669313	color=(65,182,196)
2	272	273	-0.746269918246	color=(65,182,196)
2	273	274	1.417534347624	color=(29,145,192)
2	274	275	-0.3987830257616	color=(65,182,196)
2	275	276	0.0351191872026	color=(65,182,196)
2	276	277	0.0867289299044001	color=(65,182,196)
2	277	278	1.798551135788	color=(29,145,192)
2	278	279	0.125336814334	color=(65,182,196)
2	279	280	0.3781002417464	color=(65,182,196)
2	280	281	1.8348905353666	color=(29,145,192)
2	281	282	0.978990333595	color=(65,182,196)
2	282	283	-0.5075312069554	color=(65,182,196)
2	283	284	3.327841829048	color=(34,94,168)
2	284	285	2.007808561924	color=(29,145,192)
2	285	286	0.27072360119728	color=(65,182,196)
2	286	287	-0.7250338013046	color=(65,182,196)
2	287	288	3.634627047036	color=(34,94,168)
2	288	289	-0.22325446697062	color=(65,182,196)
2	289	290	1.89563175302394	color=(29,145,192)
2	290	291	-0.0561826780323999	color=(65,182,196)
2	291	292	1.6232017961876	color=(29,145,192)
2	292	293	0.6514952534368	color=(65,182,196)
2	293	294	1.390788852822	color=(29,145,192)
2	294	295	-0.9789602604196	color=(65,182,196)
2	295	296	1.079763728304	color=(65,182,196)
2	296	297	0.1985014594436	color=(65,182,196)
2	297	298	-0.0429700790100007	color=(65,182,196)
2	298	299	0.253242539552	color=(65,182,196)
2	299	300	0.3694663464014	color=(65,182,196)
2	300	301	1.344918880076	color=(29,145,192)
2	301	302	-2.105170477654	color=(127,205,187)
2	302	303	-0.07367012007132	color=(65,182,196)
2	303	304	0.325173236729	color=(65,182,196)
2	304	305	-0.24078960524	color=(65,182,196)
2	305	306	1.2163415656372	color=(29,145,192)
2	306	307	-0.35615508516452	color=(65,182,196)
2	307	308	-0.12346862996	color=(65,182,196)
2	308	309	0.8831785648374	color=(65,182,196)
2	309	310	1.317236026522	color=(29,145,192)
2	310	311	-0.5874408949572	color=(65,182,196)
2	311	312	-0.601018764138	color=(65,182,196)
2	312	313	-0.138038549414	color=(65,182,196)
2	313	314	-0.362201093396	color=(65,182,196)
2	314	315	-0.3967022199702	color=(65,182,196)
2	315	316	2.514638447944	color=(29,145,192)
2	316	317	0.6278598612714	color=(65,182,196)
2	317	318	-1.706154461506	color=(127,205,187)
2	318	319	1.0808322301946	color=(65,182,196)
2	319	320	-0.643898426286	color=(65,182,196)
2	320	321	-0.898019155258001	color=(65,182,196)
2	321	322	-0.247441971848001	color=(65,182,196)
2	322	323	1.5408565691831	color=(29,145,192)
2	323	324	-1.68611892861126	color=(127,205,187)
2	324	325	2.2196461735618	color=(29,145,192)
2	325	326	0.93152885069498	color=(65,182,196)
2	326	327	0.582329517987	color=(65,182,196)
2	327	328	1.669367134378	color=(29,145,192)
2	328	329	-0.8842723759584	color=(65,182,196)
2	329	330	0.5762716765418	color=(65,182,196)
2	330	331	2.1356429822954	color=(29,145,192)
2	331	332	-0.666496308158	color=(65,182,196)
3	0	1	1.6762529563568	color=(29,145,192)
3	1	2	3.331406761185	color=(34,94,168)
3	2	3	2.3827403632764	color=(29,145,192)
3	3	4	2.104694392288	color=(29,145,192)
3	4	5	1.403191268331	color=(29,145,192)
3	5	6	2.6990467144	color=(29,145,192)
3	6	7	0.6052166284854	color=(65,182,196)
3	7	8	1.704890425916	color=(29,145,192)
3	8	9	1.3358305141222	color=(29,145,192)
3	9	10	1.05109924336595	color=(65,182,196)
3	10	11	1.77190577232	color=(29,145,192)
3	11	12	0.41558191718	color=(65,182,196)
3	12	13	3.4867086088614	color=(34,94,168)
3	13	14	1.2350803922196	color=(29,145,192)
3	14	15	3.740293673086	color=(34,94,168)
3	15	16	0.0705033330639999	color=(65,182,196)
3	16	17	2.7414801211998	color=(29,145,192)
3	17	18	1.89022684113896	color=(29,145,192)
3	18	19	0.3837535425636	color=(65,182,196)
3	19	20	4.831861909224	color=(34,94,168)
3	20	21	0.4702356795458	color=(65,182,196)
3	21	22	0.859315816476	color=(65,182,196)
3	22	23	-0.7917480376522	color=(65,182,196)
3	23	24	1.115956067908	color=(29,145,192)
3	24	25	1.399594144079	color=(29,145,192)
3	25	26	2.7955240268168	color=(29,145,192)
3	26	27	2.26637452200448	color=(29,145,192)
3	27	28	2.3492856973116	color=(29,145,192)
3	28	29	2.5429731317734	color=(29,145,192)
3	29	30	3.34698805750044	color=(34,94,168)
3	30	31	3.35275782467532	color=(34,94,168)
3	31	32	0.9241602770636	color=(65,182,196)
3	32	33	3.52277448142156	color=(34,94,168)
3	33	34	0.30212800498	color=(65,182,196)
3	34	35	0.587055754946	color=(65,182,196)
3	35	36	1.5645043415654	color=(29,145,192)
3	36	37	2.7473303624442	color=(29,145,192)
3	37	38	-0.3230853901402	color=(65,182,196)
3	38	39	2.4829620434466	color=(29,145,192)
3	39	40	3.92566506889268	color=(34,94,168)
3	40	41	0.184441726057	color=(65,182,196)
3	41	42	-0.546603073685	color=(65,182,196)
3	42	43	0.446012510661999	color=(65,182,196)
3	43	44	-0.0182920774320001	color=(65,182,196)
3	44	45	4.0092963067604	color=(34,94,168)
3	45	46	1.5354632595294	color=(29,145,192)
3	46	47	0.823136865171114	color=(65,182,196)
3	47	48	2.5158143543314	color=(29,145,192)
3	48	49	0.9550811837232	color=(65,182,196)
3	49	50	1.4514787413474	color=(29,145,192)
3	50	51	0.5597361726223	color=(65,182,196)
3	51	52	3.60119044725	color=(34,94,168)
3	52	53	3.5318911042652	color=(34,94,168)
3	53	54	4.6212681540016	color=(34,94,168)
3	54	55	3.3633180502044	color=(34,94,168)
3	55	56	-0.6923483458136	color=(65,182,196)
3	56	57	2.119972793684	color=(29,145,192)
3	57	58	4.543910572094	color=(34,94,168)
3	58	59	0.4838824104702	color=(65,182,196)
3	59	60	3.6182395644664	color=(34,94,168)
3	60	61	0.6356410539236	color=(65,182,196)
3	61	62	1.22794462809618	color=(29,145,192)
3	62	63	1.3021162648126	color=(29,145,192)
3	63	64	3.05470995043482	color=(29,145,192)
3	64	65	4.639956643304	color=(34,94,168)
3	65	66	4.9504507898838	color=(34,94,168)
3	66	67	3.334933082556	color=(34,94,168)
3	67	68	1.369945801994	color=(29,145,192)
3	68	69	3.7017363627763	color=(34,94,168)
3	69	70	4.0574112988828	color=(34,94,168)
3	70	71	3.5643238442972	color=(34,94,168)
3	71	72	0.511088588095	color=(65,182,196)
3	72	73	0.65247890206152	color=(65,182,196)
3	73	74	1.2648234063808	color=(29,145,192)
3	74	75	2.2328833895736	color=(29,145,192)
3	75	76	2.819274762753	color=(29,145,192)
3	76	77	0.7424188360574	color=(65,182,196)
3	77	78	3.4624345951018	color=(34,94,168)
3	78	79	1.8609235064418	color=(29,145,192)
3	79	80	1.2499073948922	color=(29,145,192)
3	80	81	2.159393789825	color=(29,145,192)
3	81	82	2.7099979951	color=(29,145,192)
3	82	83	1.50576201703092	color=(29,145,192)
3	83	84	0.1580136320106	color=(65,182,196)
3	84	85	4.8903158533778	color=(34,94,168)
3	85	86	0.584740369994	color=(65,182,196)
3	86	87	1.61958541605044	color=(29,145,192)
3	87	88	1.48636928072	color=(29,145,192)
3	88	89	-0.089509652756	color=(65,182,196)
3	89	90	0.35937576547	color=(65,182,196)
3	90	91	1.0429742478364	color=(65,182,196)
3	91	92	2.0121432061504	color=(29,145,192)
3	92	93	-1.0733322509066	color=(65,182,196)
3	93	94	3.0704484690124	color=(29,145,192)
3	94	95	2.0379349267834	color=(29,145,192)
3	95	96	0.649275836952	color=(65,182,196)
3	96	97	0.466329147654	color=(65,182,196)
3	97	98	1.109511252224	color=(29,145,192)
3	98	99	0.7951702293192	color=(65,182,196)
3	99	100	5.33857081981394	color=(34,94,168)
3	100	101	2.658205982662	color=(29,145,192)
3	101	102	2.10129838745	color=(29,145,192)
3	102	103	1.424628165158	color=(29,145,192)
3	103	104	2.1658173540106	color=(29,145,192)
3	104	105	3.156832853834	color=(29,145,192)
3	105	106	0.329341613196	color=(65,182,196)
3	106	107	1.3027856237988	color=(29,145,192)
3	107	108	1.4734980583948	color=(29,145,192)
3	108	109	4.18158602997522	color=(34,94,168)
3	109	110	1.0181895846966	color=(65,182,196)
3	110	111	0.205744818845	color=(65,182,196)
3	111	112	2.66425621003	color=(29,145,192)
3	112	113	1.622639146526	color=(29,145,192)
3	113	114	-0.0412533477343597	color=(65,182,196)
3	114	115	1.0026851453382	color=(65,182,196)
4	0	1	-7.6353240183208	color=(237,248,177)
4	1	2	-7.2123948872948	color=(237,248,177)
4	2	3	-4.438179288876	color=(199,233,180)
4	3	4	-5.344092021566	color=(199,233,180)
4	4	5	-7.80104144308	color=(255,255,217)
4	5	6	-3.7941911673756	color=(199,233,180)
4	6	7	-3.0102424527538	color=(127,205,187)
4	7	8	-7.1593316705456	color=(237,248,177)
4	8	9	-3.188308446134	color=(127,205,187)
4	9	10	-3.919831517116	color=(199,233,180)
4	10	11	-3.361967039776	color=(199,233,180)
4	11	12	-3.399350401846	color=(199,233,180)
4	12	13	-5.387307934774	color=(199,233,180)
4	13	14	-3.848683872974	color=(199,233,180)
4	14	15	-3.517783371676	color=(199,233,180)
4	15	16	-4.4334340317194	color=(199,233,180)
4	16	17	-8.17425196888794	color=(255,255,217)
4	17	18	-5.3503318200476	color=(199,233,180)
4	18	19	-5.356706261726	color=(199,233,180)
4	19	20	-5.994216648552	color=(237,248,177)
4	20	21	-3.15650984297	color=(127,205,187)
4	21	22	-4.3544536143086	color=(199,233,180)
4	22	23	-4.306337414388	color=(199,233,180)
4	23	24	-7.350167692516	color=(237,248,177)
4	24	25	-6.533065916724	color=(237,248,177)
4	25	26	-2.863297039374	color=(127,205,187)
4	26	27	-3.397668534732	color=(199,233,180)
4	27	28	-7.80865185971	color=(255,255,217)
4	28	29	-7.077483789542	color=(237,248,177)
4	29	30	-5.847553440484	color=(237,248,177)
4	30	31	-5.8373758184626	color=(237,248,177)
4	31	32	-4.1292400916232	color=(199,233,180)
4	32	33	-8.287765393122	color=(255,255,217)
4	33	34	-3.628656797154	color=(199,233,180)
4	34	35	-4.846337336218	color=(199,233,180)
4	35	36	-4.6579823679476	color=(199,233,180)
4	36	37	-7.037770088876	color=(237,248,177)
4	37	38	-7.691904854582	color=(237,248,177)
4	38	39	-4.331481352816	color=(199,233,180)
4	39	40	-5.907070097048	color=(237,248,177)
4	40	41	-3.942591706946	color=(199,233,180)
4	41	42	-3.7776957970512	color=(199,233,180)
4	42	43	-5.10346805682	color=(199,233,180)
4	43	44	-3.421873988738	color=(199,233,180)
4	44	45	-3.995928826236	color=(199,233,180)
4	45	46	-4.4856282278154	color=(199,233,180)
4	46	47	-3.752473468602	color=(199,233,180)
4	47	48	-8.311818629526	color=(255,255,217)
4	48	49	-3.432827656021	color=(199,233,180)
4	49	50	-5.9686411206866	color=(237,248,177)
4	50	51	-3.327937106426	color=(127,205,187)
4	51	52	-6.24879955273	color=(237,248,177)
4	52	53	-6.7369819253364	color=(237,248,177)
4	53	54	-7.04400900351	color=(237,248,177)
4	54	55	-6.972638669274	color=(237,248,177)
4	55	56	-8.089205326022	color=(255,255,217)
4	56	57	-5.825211704578	color=(237,248,177)
4	57	58	-4.641203307222	color=(199,233,180)
4	58	59	-7.8462459862608	color=(255,255,217)
4	59	60	-4.6979741513604	color=(199,233,180)
4	60	61	-6.5762581679056	color=(237,248,177)
4	61	62	-4.599500874902	color=(199,233,180)
4	62	63	-3.047642633583	color=(127,205,187)
4	63	64	-8.7802663291384	color=(255,255,217)
4	64	65	-4.16809208274201	color=(199,233,180)
4	65	66	-3.069313409124	color=(127,205,187)
4	66	67	-4.844656608766	color=(199,233,180)
4	67	68	-5.816818322088	color=(237,248,177)
4	68	69	-4.435745876636	color=(199,233,180)
4	69	70	-7.345804928348	color=(237,248,177)
4	70	71	-6.5550242421556	color=(237,248,177)
4	71	72	-2.9624285073166	color=(127,205,187)
4	72	73	-4.67579907574	color=(199,233,180)
4	73	74	-6.579189129954	color=(237,248,177)
4	74	75	-4.87811047375	color=(199,233,180)
4	75	76	-5.300110728298	color=(199,233,180)
4	76	77	-3.3032488262276	color=(127,205,187)
4	77	78	-4.859405405622	color=(199,233,180)
4	78	79	-4.828029463366	color=(199,233,180)
5	0	1	3.249242793592	color=(29,145,192)
5	1	2	4.10764529917138	color=(34,94,168)
5	2	3	4.013868279971	color=(34,94,168)
5	3	4	4.6789931179914	color=(34,94,168)
5	4	5	2.997819467282	color=(29,145,192)
5	5	6	3.6259849684446	color=(34,94,168)
5	6	7	2.67629745859	color=(29,145,192)
5	7	8	4.4687273591972	color=(34,94,168)
5	8	9	3.8782714280954	color=(34,94,168)
5	9	10	4.7153913575078	color=(34,94,168)
5	10	11	2.80018254914414	color=(29,145,192)
5	11	12	2.303442075834	color=(29,145,192)
5	12	13	2.715624838152	color=(29,145,192)
5	13	14	3.170292595428	color=(29,145,192)
5	14	15	2.81677147709	color=(29,145,192)
5	15	16	2.014779959392	color=(29,145,192)
5	16	17	4.396813203978	color=(34,94,168)
5	17	18	2.674430706498	color=(29,145,192)
5	18	19	3.428459949984	color=(34,94,168)
5	19	20	4.065391034308	color=(34,94,168)
5	20	21	4.740038955042	color=(34,94,168)
5	21	22	3.77759021268	color=(34,94,168)
5	22	23	4.0982167961648	color=(34,94,168)
5	23	24	2.171658815078	color=(29,145,192)
5	24	25	2.7933106915	color=(29,145,192)
5	25	26	3.5888082104502	color=(34,94,168)
5	26	27	3.811057473022	color=(34,94,168)
5	27	28	5.644878739064	color=(37,52,148)
5	28	29	4.296594074138	color=(34,94,168)
5	29	30	4.7077492783926	color=(34,94,168)
5	30	31	5.0215705553514	color=(34,94,168)
5	31	32	2.2905036994692	color=(29,145,192)
5	32	33	3.3107589098794	color=(29,145,192)
5	33	34	4.042198326442	color=(34,94,168)
5	34	35	3.304411526988	color=(29,145,192)
5	35	36	4.7907641604538	color=(34,94,168)
5	36	37	5.7564993306086	color=(37,52,148)
5	37	38	3.3595281466138	color=(34,94,168)
5	38	39	2.97680134599848	color=(29,145,192)
5	39	40	3.5352818886526	color=(34,94,168)
5	40	41	4.353212703276	color=(34,94,168)
5	41	42	3.03733266434	color=(29,145,192)
5	42	43	5.2210702715258	color=(34,94,168)
5	43	44	3.725954285686	color=(34,94,168)
5	44	45	5.0592002224336	color=(34,94,168)
5	45	46	2.1960138945106	color=(29,145,192)
5	46	47	2.5495334212114	color=(29,145,192)
5	47	48	4.33731406694274	color=(34,94,168)
5	48	49	2.79413381673	color=(29,145,192)
5	49	50	1.820824229594	color=(29,145,192)
5	50	51	2.705588793828	color=(29,145,192)
5	51	52	2.343995027436	color=(29,145,192)
5	52	53	3.19337409025182	color=(29,145,192)
5	53	54	4.3440696931082	color=(34,94,168)
5	54	55	4.067478879408	color=(34,94,168)
5	55	56	2.44488845658	color=(29,145,192)
5	56	57	1.567868800421	color=(29,145,192)
5	57	58	3.0761277764196	color=(29,145,192)
5	58	59	5.0949522767492	color=(34,94,168)
5	59	60	4.3018773740275	color=(34,94,168)
5	60	61	5.0904558572294	color=(34,94,168)
5	61	62	2.336885441616	color=(29,145,192)
5	62	63	4.49875576156522	color=(34,94,168)
5	63	64	4.427539167142	color=(34,94,168)
5	64	65	5.160425975697	color=(34,94,168)
5	65	66	3.4520380932668	color=(34,94,168)
5	66	67	2.7166461728518	color=(29,145,192)
5	67	68	1.860975716436	color=(29,145,192)
5	68	69	3.900824585068	color=(34,94,168)
5	69	70	1.8748361412168	color=(29,145,192)
5	70	71	4.075845731966	color=(34,94,168)
5	71	72	1.70344487605026	color=(29,145,192)
5	72	73	3.825662391132	color=(34,94,168)
5	73	74	3.013358494132	color=(29,145,192)
5	74	75	3.761891580186	color=(34,94,168)
5	75	76	2.692471674288	color=(29,145,192)
5	76	77	3.143477450384	color=(29,145,192)
5	77	78	4.389225417675	color=(34,94,168)
5	78	79	4.53532679575	color=(34,94,168)
5	79	80	4.9523123330288	color=(34,94,168)
5	80	81	4.5687410626727	color=(34,94,168)
5	81	82	3.0919710021882	color=(29,145,192)
5	82	83	2.9635651174208	color=(29,145,192)
5	83	84	3.6275863402308	color=(34,94,168)
5	84	85	3.3276289960146	color=(34,94,168)
5	85	86	3.5079681326624	color=(34,94,168)
5	86	87	4.717707325788	color=(34,94,168)
5	87	88	1.679361768392	color=(29,145,192)
5	88	89	4.875878632693	color=(34,94,168)
5	89	90	2.656914913832	color=(29,145,192)
5	90	91	3.2106836900988	color=(29,145,192)
5	91	92	4.416317169056	color=(34,94,168)
5	92	93	3.1943622287428	color=(29,145,192)
5	93	94	4.501101222228	color=(34,94,168)
5	94	95	4.08523067853	color=(34,94,168)
5	95	96	1.26673481062276	color=(29,145,192)
5	96	97	1.6038006406208	color=(29,145,192)
5	97	98	3.17200035023	color=(29,145,192)
5	98	99	2.8398438984586	color=(29,145,192)
5	99	100	2.7484394763452	color=(29,145,192)
5	100	101	2.42120567397	color=(29,145,192)
5	101	102	5.85655946401722	color=(37,52,148)
5	102	103	1.91699889754	color=(29,145,192)
5	103	104	6.19139201865101	color=(37,52,148)
5	104	105	2.920005798077	color=(29,145,192)
5	105	106	2.6437760355398	color=(29,145,192)
5	106	107	2.722887103662	color=(29,145,192)
5	107	108	4.562934395574	color=(34,94,168)
5	108	109	2.142650932646	color=(29,145,192)
5	109	110	2.821226756992	color=(29,145,192)
5	110	111	2.7970720742218	color=(29,145,192)
5	111	112	2.7944131872336	color=(29,145,192)
5	112	113	1.931071024748	color=(29,145,192)
5	113	114	2.914237810605	color=(29,145,192)
5	114	115	1.492904384566	color=(29,145,192)
5	115	116	3.514348704992	color=(34,94,168)
5	116	117	5.281178135334	color=(34,94,168)
5	117	118	3.284186439567	color=(29,145,192)
5	118	119	4.30850383908	color=(34,94,168)
5	119	120	4.17794069039	color=(34,94,168)
5	120	121	3.2817094872174	color=(29,145,192)
5	121	122	4.157362027718	color=(34,94,168)
5	122	123	3.22258572658	color=(29,145,192)
5	123	124	4.4506142065934	color=(34,94,168)
5	124	125	3.1198954282024	color=(29,145,192)
5	125	126	4.757137366143	color=(34,94,168)
5	126	127	3.9449532998176	color=(34,94,168)
5	127	128	4.0859147635892	color=(34,94,168)
5	128	129	4.898685152072	color=(34,94,168)
5	129	130	5.4173759703842	color=(34,94,168)
5	130	131	2.108263008996	color=(29,145,192)
5	131	132	4.282207462812	color=(34,94,168)
5	132	133	4.386588947324	color=(34,94,168)
5	133	134	2.896227604845	color=(29,145,192)
5	134	135	4.6430722384186	color=(34,94,168)
5	135	136	5.800177458687	color=(37,52,148)
5	136	137	2.2797519260804	color=(29,145,192)
5	137	138	3.6262380056228	color=(34,94,168)
5	138	139	2.9845433469	color=(29,145,192)
5	139	140	3.430407216973	color=(34,94,168)
5	140	141	5.567246381784	color=(37,52,148)
5	141	142	4.1845816637392	color=(34,94,168)
5	142	143	4.051032773035	color=(34,94,168)
5	143	144	4.081022509906	color=(34,94,168)
5	144	145	2.3588456213768	color=(29,145,192)
5	145	146	1.9878337680282	color=(29,145,192)
5	146	147	2.9080559424132	color=(29,145,192)
5	147	148	2.216599460422	color=(29,145,192)
5	148	149	2.33007451685708	color=(29,145,192)
5	149	150	3.092338638136	color=(29,145,192)
5	150	151	4.2971926715008	color=(34,94,168)
5	151	152	4.396515952014	color=(34,94,168)
5	152	153	4.109043375952	color=(34,94,168)
5	153	154	3.7443052592036	color=(34,94,168)
5	154	155	4.2449109708902	color=(34,94,168)
5	155	156	4.918049222952	color=(34,94,168)
5	156	157	5.252085821774	color=(34,94,168)
5	157	158	1.620548391796	color=(29,145,192)
5	158	159	1.2707514072866	color=(29,145,192)
5	159	160	1.757799892962	color=(29,145,192)
5	160	161	5.3108604093556	color=(34,94,168)
5	161	162	5.8553750640632	color=(37,52,148)
5	162	163	3.1012713055858	color=(29,145,192)
5	163	164	3.1100295962818	color=(29,145,192)
5	164	165	2.40480930135	color=(29,145,192)
5	165	166	3.9606897291726	color=(34,94,168)
5	166	167	3.6865464110966	color=(34,94,168)
5	167	168	4.7786301416276	color=(34,94,168)
5	168	169	2.998046575768	color=(29,145,192)
5	169	170	3.567132500274	color=(34,94,168)
5	170	171	4.109639098857	color=(34,94,168)
5	171	172	3.475068705658	color=(34,94,168)
5	172	173	4.2855156947136	color=(34,94,168)
5	173	174	5.109559643776	color=(34,94,168)
5	174	175	3.2574285491304	color=(29,145,192)
5	175	176	4.080955138482	color=(34,94,168)
5	176	177	3.18430840602	color=(29,145,192)
5	177	178	5.461818826584	color=(34,94,168)
5	178	179	3.258716976066	color=(29,145,192)
5	179	180	4.7848769894754	color=(34,94,168)
5	180	181	4.0023931315568	color=(34,94,168)
5	181	182	3.98846956983636	color=(34,94,168)
5	182	183	3.364437429674	color=(34,94,168)
5	183	184	4.36148096405	color=(34,94,168)
5	184	185	4.4057051940034	color=(34,94,168)
5	185	186	2.955996507146	color=(29,145,192)
5	186	187	3.733273174032	color=(34,94,168)
5	187	188	3.25760596492	color=(29,145,192)
5	188	189	2.53742138846	color=(29,145,192)
5	189	190	2.8431049172802	color=(29,145,192)
5	190	191	3.856471817144	color=(34,94,168)
5	191	192	2.1067816950142	color=(29,145,192)
5	192	193	3.49883196528	color=(34,94,168)
5	193	194	2.779408707566	color=(29,145,192)
5	194	195	4.761506009135	color=(34,94,168)
5	195	196	2.168479259692	color=(29,145,192)
5	196	197	3.2224923700044	color=(29,145,192)
5	197	198	1.1450635906288	color=(29,145,192)
5	198	199	3.8793124707503	color=(34,94,168)
5	199	200	3.067872120672	color=(29,145,192)
5	200	201	3.436699692552	color=(34,94,168)
5	201	202	2.35699982594	color=(29,145,192)
5	202	203	4.48500898163978	color=(34,94,168)
5	203	204	4.780397811804	color=(34,94,168)
5	204	205	2.008124603796	color=(29,145,192)
6	0	1	1.453541982968	color=(29,145,192)
6	1	2	1.750898756416	color=(29,145,192)
6	2	3	0.7868717007648	color=(65,182,196)
6	3	4	1.839720165606	color=(29,145,192)
6	4	5	0.9646876406972	color=(65,182,196)
6	5	6	0.4505266674006	color=(65,182,196)
6	6	7	0.9569204247294	color=(65,182,196)
6	7	8	1.603172578993	color=(29,145,192)
6	8	9	0.7248669635566	color=(65,182,196)
6	9	10	1.6612901376	color=(29,145,192)
6	10	11	1.2517593571382	color=(29,145,192)
6	11	12	0.982692515846	color=(65,182,196)
6	12	13	1.7639090373252	color=(29,145,192)
6	13	14	2.1804596118852	color=(29,145,192)
6	14	15	1.5911029056836	color=(29,145,192)
6	15	16	0.895925910734	color=(65,182,196)
6	16	17	1.40657051951	color=(29,145,192)
6	17	18	1.959386794308	color=(29,145,192)
6	18	19	1.3144616142708	color=(29,145,192)
6	19	20	1.5646827829374	color=(29,145,192)
6	20	21	0.379857080304	color=(65,182,196)
6	21	22	0.836041256918	color=(65,182,196)
6	22	23	1.2116354592746	color=(29,145,192)
6	23	24	1.053698579885	color=(65,182,196)
6	24	25	1.964712849756	color=(29,145,192)
6	25	26	1.3423327786922	color=(29,145,192)
6	26	27	0.827135402147801	color=(65,182,196)
6	27	28	1.183584854604	color=(29,145,192)
6	28	29	1.9945076899342	color=(29,145,192)
6	29	30	1.208169614644	color=(29,145,192)
6	30	31	1.2978688863792	color=(29,145,192)
6	31	32	0.136715272356	color=(65,182,196)
6	32	33	1.1349214307084	color=(29,145,192)
6	33	34	1.614821664364	color=(29,145,192)
6	34	35	1.261109524146	color=(29,145,192)
6	35	36	1.039099971526	color=(65,182,196)
6	36	37	0.879859894502	color=(65,182,196)
6	37	38	1.711742762282	color=(29,145,192)
6	38	39	0.9190663307332	color=(65,182,196)
6	39	40	1.5659264089366	color=(29,145,192)
6	40	41	0.889706383434	color=(65,182,196)
6	41	42	1.51277808776	color=(29,145,192)
6	42	43	0.366564699666	color=(65,182,196)
6	43	44	0.917738290426	color=(65,182,196)
6	44	45	1.386527292578	color=(29,145,192)
6	45	46	1.67691175829	color=(29,145,192)
6	46	47	0.909529144542	color=(65,182,196)
6	47	48	0.6751051026892	color=(65,182,196)
6	48	49	0.8603595142786	color=(65,182,196)
6	49	50	0.9071122856026	color=(65,182,196)
6	50	51	1.770812581818	color=(29,145,192)
6	51	52	0.322237727224	color=(65,182,196)
6	52	53	1.0571152952796	color=(65,182,196)
6	53	54	1.069676834614	color=(65,182,196)
6	54	55	0.5051143199464	color=(65,182,196)
6	55	56	1.439058311706	color=(29,145,192)
6	56	57	0.911983195878	color=(65,182,196)
6	57	58	0.922053737578	color=(65,182,196)
6	58	59	1.370179526698	color=(29,145,192)
6	59	60	0.021506508601	color=(65,182,196)
6	60	61	2.203763179062	color=(29,145,192)
6	61	62	1.465241081088	color=(29,145,192)
6	62	63	1.8423941233784	color=(29,145,192)
6	63	64	0.471710287792	color=(65,182,196)
6	64	65	0.9095687023772	color=(65,182,196)
6	65	66	1.4628818125632	color=(29,145,192)
6	66	67	2.1587931764058	color=(29,145,192)
6	67	68	1.1213704571906	color=(29,145,192)
6	68	69	1.50631780297	color=(29,145,192)
6	69	70	0.24908514241	color=(65,182,196)
6	70	71	1.2992808866224	color=(29,145,192)
6	71	72	1.5613475426684	color=(29,145,192)
6	72	73	2.0202999104074	color=(29,145,192)
6	73	74	0.973734778744	color=(65,182,196)
6	74	75	2.3494047830698	color=(29,145,192)
6	75	76	1.513054105694	color=(29,145,192)
6	76	77	1.4807864017654	color=(29,145,192)
6	77	78	1.5078005459	color=(29,145,192)
6	78	79	2.2310680633422	color=(29,145,192)
6	79	80	0.446747754442	color=(65,182,196)
6	80	81	0.837054906882001	color=(65,182,196)
6	81	82	0.71756541682	color=(65,182,196)
6	82	83	0.74161097206	color=(65,182,196)
6	83	84	1.66456249849	color=(29,145,192)
6	84	85	0.6997784224918	color=(65,182,196)
6	85	86	1.92542921463648	color=(29,145,192)
6	86	87	1.06653650904	color=(65,182,196)
6	87	88	1.0366925494196	color=(65,182,196)
6	88	89	1.1601957935916	color=(29,145,192)
6	89	90	1.140754275279	color=(29,145,192)
6	90	91	0.3923313598	color=(65,182,196)
6	91	92	1.5393059985766	color=(29,145,192)
6	92	93	0.3041728887018	color=(65,182,196)
6	93	94	0.758515128832	color=(65,182,196)
6	94	95	1.192440838542	color=(29,145,192)
6	95	96	1.23563543851336	color=(29,145,192)
6	96	97	1.258240680506	color=(29,145,192)
6	97	98	0.796988887976	color=(65,182,196)
6	98	99	0.7854403304488	color=(65,182,196)
6	99	100	1.072886378538	color=(65,182,196)
6	100	101	-0.2891995726592	color=(65,182,196)
6	101	102	0.90881543961054	color=(65,182,196)
6	102	103	1.818184439068	color=(29,145,192)
6	103	104	1.3103074478108	color=(29,145,192)
6	104	105	1.59282525994366	color=(29,145,192)
6	105	106	0.094782209328	color=(65,182,196)
6	106	107	2.060431957798	color=(29,145,192)
6	107	108	0.869039928644	color=(65,182,196)
6	108	109	2.0836025757366	color=(29,145,192)
6	109	110	1.59586929820454	color=(29,145,192)
6	110	111	1.2685805096846	color=(29,145,192)
6	111	112	1.1345890819854	color=(29,145,192)
6	112	113	1.4174041541326	color=(29,145,192)
6	113	114	0.82656356323	color=(65,182,196)
6	114	115	1.4665243276934	color=(29,145,192)
6	115	116	0.678460258084001	color=(65,182,196)
6	116	117	1.1906769079598	color=(29,145,192)
6	117	118	0.2050580897996	color=(65,182,196)
6	118	119	1.070188187696	color=(65,182,196)
6	119	120	0.423389106968	color=(65,182,196)
6	120	121	1.15011784035	color=(29,145,192)
6	121	122	1.658288882868	color=(29,145,192)
6	122	123	1.0756264307096	color=(65,182,196)
6	123	124	0.592214580398	color=(65,182,196)
6	124	125	-0.0641239900860002	color=(65,182,196)
6	125	126	0.3538417902308	color=(65,182,196)
6	126	127	0.455192010164	color=(65,182,196)
6	127	128	0.868305475692	color=(65,182,196)
6	128	129	1.480080173186	color=(29,145,192)
6	129	130	0.515117801294	color=(65,182,196)
6	130	131	1.902738794138	color=(29,145,192)
6	131	132	0.720830833304	color=(65,182,196)
6	132	133	0.680604831712	color=(65,182,196)
6	133	134	1.8360647417	color=(29,145,192)
6	134	135	0.445623747288	color=(65,182,196)
6	135	136	1.601935468366	color=(29,145,192)
6	136	137	1.7138585542582	color=(29,145,192)
6	137	138	1.378076075116	color=(29,145,192)
6	138	139	1.71215726169	color=(29,145,192)
6	139	140	1.2047468689418	color=(29,145,192)
6	140	141	2.1264728958372	color=(29,145,192)
6	141	142	1.798190282952	color=(29,145,192)
6	142	143	1.785070902632	color=(29,145,192)
6	143	144	1.368599533536	color=(29,145,192)
6	144	145	0.281521286566	color=(65,182,196)
6	145	146	1.951434226178	color=(29,145,192)
6	146	147	1.2774491482034	color=(29,145,192)
6	147	148	0.306720620802	color=(65,182,196)
6	148	149	2.731234455744	color=(29,145,192)
6	149	150	0.606592024866799	color=(65,182,196)
6	150	151	2.817585815156	color=(29,145,192)
6	151	152	1.2472691541298	color=(29,145,192)
6	152	153	0.66560789124	color=(65,182,196)
6	153	154	2.197942608025	color=(29,145,192)
6	154	155	1.605194168644	color=(29,145,192)
6	155	156	0.58816326054	color=(65,182,196)
6	156	157	0.7914288387398	color=(65,182,196)
6	157	158	-0.13049436527	color=(65,182,196)
6	158	159	0.796073607798	color=(65,182,196)
6	159	160	1.664042834418	color=(29,145,192)
6	160	161	1.548811743517	color=(29,145,192)
6	161	162	-0.250266307058	color=(65,182,196)
6	162	163	1.700833021878	color=(29,145,192)
6	163	164	0.396612135804	color=(65,182,196)
6	164	165	1.4543792955412	color=(29,145,192)
6	165	166	2.612787630914	color=(29,145,192)
6	166	167	0.824082691658001	color=(65,182,196)
6	167	168	0.1254696115612	color=(65,182,196)
6	168	169	1.552186088396	color=(29,145,192)
6	169	170	1.449193493026	color=(29,145,192)
6	170	171	1.3964152319746	color=(29,145,192)
6	171	172	1.233063909194	color=(29,145,192)
6	172	173	1.3330724485	color=(29,145,192)
6	173	174	1.65003564456	color=(29,145,192)
6	174	175	1.919983846398	color=(29,145,192)
6	175	176	2.750226542904	color=(29,145,192)
6	176	177	0.940904925102	color=(65,182,196)
6	177	178	0.884704635772001	color=(65,182,196)
6	178	179	0.954883930566	color=(65,182,196)
6	179	180	1.5808514456068	color=(29,145,192)
6	180	181	0.12836406821	color=(65,182,196)
6	181	182	1.417758523952	color=(29,145,192)
6	182	183	0.6714650749356	color=(65,182,196)
6	183	184	0.3769935233806	color=(65,182,196)
6	184	185	0.268850248054	color=(65,182,196)
6	185	186	1.3491672523182	color=(29,145,192)
6	186	187	0.6287426062442	color=(65,182,196)
6	187	188	1.106808057899	color=(29,145,192)
6	188	189	1.2992874817544	color=(29,145,192)
6	189	190	1.542693852486	color=(29,145,192)
6	190	191	0.941540721338	color=(65,182,196)
6	191	192	0.985333641188	color=(65,182,196)
6	192	193	1.1999656611566	color=(29,145,192)
6	193	194	0.5891980937738	color=(65,182,196)
6	194	195	1.5396157746096	color=(29,145,192)
6	195	196	1.4471211572412	color=(29,145,192)
6	196	197	0.919657828434	color=(65,182,196)
7	0	1	2.725917257469	color=(29,145,192)
7	1	2	1.8089499351782	color=(29,145,192)
7	2	3	2.252446565734	color=(29,145,192)
7	3	4	1.5511232979106	color=(29,145,192)
7	4	5	2.492208037263	color=(29,145,192)
7	5	6	2.050825831573	color=(29,145,192)
7	6	7	1.9375569580278	color=(29,145,192)
7	7	8	2.0468993897176	color=(29,145,192)
7	8	9	1.4659346491932	color=(29,145,192)
7	9	10	2.52075074178196	color=(29,145,192)
7	10	11	1.332171106186	color=(29,145,192)
7	11	12	3.1282998180814	color=(29,145,192)
7	12	13	2.6089750751006	color=(29,145,192)
7	13	14	2.0021190831506	color=(29,145,192)
7	14	15	2.938446946274	color=(29,145,192)
7	15	16	1.69171060046464	color=(29,145,192)
7	16	17	1.945121257347	color=(29,145,192)
7	17	18	2.112200574681	color=(29,145,192)
7	18	19	2.54127684111	color=(29,145,192)
7	19	20	2.0683982059105	color=(29,145,192)
7	20	21	2.4484125971432	color=(29,145,192)
7	21	22	1.642592070145	color=(29,145,192)
7	22	23	1.487910832732	color=(29,145,192)
7	23	24	2.0922300567958	color=(29,145,192)
7	24	25	2.4969580116374	color=(29,145,192)
7	25	26	1.8405985862526	color=(29,145,192)
7	26	27	1.9605347872446	color=(29,145,192)
7	27	28	2.6607284454204	color=(29,145,192)
7	28	29	0.8592702371968	color=(65,182,196)
7	29	30	2.1894113476944	color=(29,145,192)
7	30	31	3.2496510127124	color=(29,145,192)
7	31	32	2.1330347803748	color=(29,145,192)
7	32	33	1.897119275635	color=(29,145,192)
7	33	34	1.381526013515	color=(29,145,192)
7	34	35	1.7214428848608	color=(29,145,192)
7	35	36	1.308313123941	color=(29,145,192)
7	36	37	2.054182345086	color=(29,145,192)
7	37	38	1.692538461386	color=(29,145,192)
7	38	39	2.296398615764	color=(29,145,192)
7	39	40	2.0202070459772	color=(29,145,192)
7	40	41	1.2531076742426	color=(29,145,192)
7	41	42	5.12876728775214	color=(34,94,168)
7	42	43	1.23671550286	color=(29,145,192)
7	43	44	1.8126264271534	color=(29,145,192)
7	44	45	2.09022751370628	color=(29,145,192)
7	45	46	2.1302152264988	color=(29,145,192)
7	46	47	1.5784931562418	color=(29,145,192)
7	47	48	2.1867063301968	color=(29,145,192)
7	48	49	2.95888988572584	color=(29,145,192)
7	49	50	1.9478192940024	color=(29,145,192)
7	50	51	1.9104926098454	color=(29,145,192)
7	51	52	3.04269721556898	color=(29,145,192)
7	52	53	1.62891185238386	color=(29,145,192)
7	53	54	0.79377370211806	color=(65,182,196)
7	54	55	1.8924309347434	color=(29,145,192)
7	55	56	2.3013147008226	color=(29,145,192)
7	56	57	2.3722235611742	color=(29,145,192)
7	57	58	2.3218354425548	color=(29,145,192)
7	58	59	2.2640421607628	color=(29,145,192)
7	59	60	2.342840695225	color=(29,145,192)
7	60	61	2.41309360989634	color=(29,145,192)
7	61	62	2.286344370436	color=(29,145,192)
7	62	63	2.3169437206976	color=(29,145,192)
7	63	64	2.729666347053	color=(29,145,192)
7	64	65	2.7442283385268	color=(29,145,192)
7	65	66	1.855390303634	color=(29,145,192)
7	66	67	1.7273228535128	color=(29,145,192)
7	67	68	1.451663894283	color=(29,145,192)
7	68	69	2.244497024082	color=(29,145,192)
7	69	70	2.42428475875364	color=(29,145,192)
7	70	71	1.3054372070004	color=(29,145,192)
7	71	72	2.3078763979704	color=(29,145,192)
7	72	73	3.1148161609588	color=(29,145,192)
7	73	74	1.7087856663432	color=(29,145,192)
7	74	75	2.445724368182	color=(29,145,192)
7	75	76	1.2784799977732	color=(29,145,192)
7	76	77	1.511854888528	color=(29,145,192)
7	77	78	1.907008547761	color=(29,145,192)
7	78	79	1.8627804219688	color=(29,145,192)
7	79	80	2.2854736218434	color=(29,145,192)
7	80	81	1.7145852978556	color=(29,145,192)
7	81	82	2.0670543508802	color=(29,145,192)
7	82	83	2.0862373407706	color=(29,145,192)
7	83	84	1.3618589871902	color=(29,145,192)
7	84	85	1.7738326726864	color=(29,145,192)
7	85	86	2.1571490160662	color=(29,145,192)
7	86	87	2.315232291666	color=(29,145,192)
7	87	88	2.023994161168	color=(29,145,192)
7	88	89	2.3902756821398	color=(29,145,192)
7	89	90	1.803477203186	color=(29,145,192)
7	90	91	2.43300570716843	color=(29,145,192)
7	91	92	2.0996830882338	color=(29,145,192)
7	92	93	1.93798646569626	color=(29,145,192)
7	93	94	2.4302339926522	color=(29,145,192)
7	94	95	1.8648339596222	color=(29,145,192)
7	95	96	1.8175844591148	color=(29,145,192)
7	96	97	2.159755145548	color=(29,145,192)
7	97	98	2.1627545433578	color=(29,145,192)
7	98	99	1.7406657928808	color=(29,145,192)
7	99	100	2.0041790269714	color=(29,145,192)
7	100	101	2.4854855982888	color=(29,145,192)
7	101	102	2.2769104930598	color=(29,145,192)
7	102	103	2.923419883864	color=(29,145,192)
7	103	104	1.8106626971142	color=(29,145,192)
7	104	105	2.095073089432	color=(29,145,192)
7	105	106	1.6000909904988	color=(29,145,192)
7	106	107	1.697474583152	color=(29,145,192)
7	107	108	1.85112467362	color=(29,145,192)
7	108	109	2.3835891531964	color=(29,145,192)
7	109	110	2.542773530297	color=(29,145,192)
7	110	111	2.074202822136	color=(29,145,192)
7	111	112	3.2091561683338	color=(29,145,192)
7	112	113	1.4643979446896	color=(29,145,192)
7	113	114	0.918942300526	color=(65,182,196)
7	114	115	2.539255878536	color=(29,145,192)
7	115	116	2.8188205475618	color=(29,145,192)
7	116	117	2.3456120749032	color=(29,145,192)
7	117	118	2.0061189550634	color=(29,145,192)
7	118	119	1.381294039199	color=(29,145,192)
7	119	120	2.19901277200014	color=(29,145,192)
7	120	121	2.4377288648774	color=(29,145,192)
7	121	122	2.560688581219	color=(29,145,192)
7	122	123	2.3384223567022	color=(29,145,192)
7	123	124	2.65610300455172	color=(29,145,192)
7	124	125	1.686288513817	color=(29,145,192)
7	125	126	1.681511561264	color=(29,145,192)
7	126	127	1.957368985073	color=(29,145,192)
7	127	128	1.462356029396	color=(29,145,192)
7	128	129	1.52329434471915	color=(29,145,192)
7	129	130	2.7833759187086	color=(29,145,192)
7	130	131	1.796342905538	color=(29,145,192)
7	131	132	2.5148675538894	color=(29,145,192)
7	132	133	2.48510933967446	color=(29,145,192)
7	133	134	2.255682107464	color=(29,145,192)
7	134	135	1.7910712357324	color=(29,145,192)
7	135	136	1.9085836153744	color=(29,145,192)
7	136	137	1.58483895343896	color=(29,145,192)
7	137	138	1.7388726561872	color=(29,145,192)
7	138	139	1.9461511394816	color=(29,145,192)
7	139	140	1.82998687935402	color=(29,145,192)
7	140	141	1.4571232719158	color=(29,145,192)
7	141	142	2.3314344256346	color=(29,145,192)
7	142	143	1.6515162242414	color=(29,145,192)
7	143	144	1.633882930841	color=(29,145,192)
7	144	145	2.5296912867098	color=(29,145,192)
7	145	146	2.12492590113436	color=(29,145,192)
7	146	147	2.334625495647	color=(29,145,192)
7	147	148	1.4290978515016	color=(29,145,192)
7	148	149	1.4470317564528	color=(29,145,192)
7	149	150	2.9116521595378	color=(29,145,192)
7	150	151	2.0961876715396	color=(29,145,192)
7	151	152	1.9322241670362	color=(29,145,192)
7	152	153	1.7228138699908	color=(29,145,192)
7	153	154	2.72784541678004	color=(29,145,192)
7	154	155	1.927217534342	color=(29,145,192)
7	155	156	1.7826270592454	color=(29,145,192)
8	0	1	0.71876930426396	color=(65,182,196)
8	1	2	0.77606158089458	color=(65,182,196)
8	2	3	-0.848655289133999	color=(65,182,196)
8	3	4	0.9123819860454	color=(65,182,196)
8	4	5	0.112866607876	color=(65,182,196)
8	5	6	1.8365293373534	color=(29,145,192)
8	6	7	0.2197785482526	color=(65,182,196)
8	7	8	-1.1776582771444	color=(127,205,187)
8	8	9	-0.753439436028	color=(65,182,196)
8	9	10	0.682874367808	color=(65,182,196)
8	10	11	0.4372964337816	color=(65,182,196)
8	11	12	-0.330364466640001	color=(65,182,196)
8	12	13	0.59219275243	color=(65,182,196)
8	13	14	0.890644833772	color=(65,182,196)
8	14	15	3.2405186323932	color=(29,145,192)
8	15	16	1.2084859737841	color=(29,145,192)
8	16	17	2.61503957604352	color=(29,145,192)
8	17	18	-0.558376025682	color=(65,182,196)
8	18	19	0.29646940608	color=(65,182,196)
8	19	20	-0.9197463922014	color=(65,182,196)
8	20	21	1.9695984324906	color=(29,145,192)
8	21	22	0.00119361366623999	color=(65,182,196)
8	22	23	2.513148230718	color=(29,145,192)
8	23	24	0.9721066081206	color=(65,182,196)
8	24	25	1.66737017223	color=(29,145,192)
8	25	26	1.87932336646312	color=(29,145,192)
8	26	27	2.2231088218394	color=(29,145,192)
8	27	28	2.7412311220802	color=(29,145,192)
8	28	29	0.4125919289858	color=(65,182,196)
8	29	30	-0.18221353088464	color=(65,182,196)
8	30	31	-0.125673573286	color=(65,182,196)
8	31	32	0.849346350041	color=(65,182,196)
8	32	33	0.0295159500860001	color=(65,182,196)
8	33	34	0.6097481969958	color=(65,182,196)
8	34	35	2.2285578941612	color=(29,145,192)
8	35	36	0.710975374272	color=(65,182,196)
8	36	37	1.4786595653098	color=(29,145,192)
8	37	38	2.5373196875108	color=(29,145,192)
8	38	39	2.8823248864326	color=(29,145,192)
8	39	40	-0.7216341325182	color=(65,182,196)
8	40	41	0.705999497394	color=(65,182,196)
8	41	42	0.929334566518001	color=(65,182,196)
8	42	43	1.375830909308	color=(29,145,192)
8	43	44	1.440236204508	color=(29,145,192)
8	44	45	0.225896503672001	color=(65,182,196)
8	45	46	3.065754917384	color=(29,145,192)
8	46	47	-0.535380557282	color=(65,182,196)
8	47	48	-1.03349154230842	color=(65,182,196)
8	48	49	-0.528633492336	color=(65,182,196)
8	49	50	-0.03606494997572	color=(65,182,196)
8	50	51	1.559765304294	color=(29,145,192)
8	51	52	-0.427977165236	color=(65,182,196)
8	52	53	1.05345350181	color=(65,182,196)
8	53	54	0.14701773962	color=(65,182,196)
8	54	55	-0.85425260826316	color=(65,182,196)
8	55	56	0.91661428337016	color=(65,182,196)
8	56	57	1.68810803813	color=(29,145,192)
8	57	58	0.469503903528	color=(65,182,196)
8	58	59	1.137528579158	color=(29,145,192)
8	59	60	0.5099074051096	color=(65,182,196)
8	60	61	0.663481630746	color=(65,182,196)
8	61	62	1.0085815743774	color=(65,182,196)
8	62	63	-0.628929870182	color=(65,182,196)
8	63	64	0.956942994106	color=(65,182,196)
8	64	65	2.6838933722994	color=(29,145,192)
8	65	66	-1.1927891021758	color=(127,205,187)
8	66	67	1.608794782204	color=(29,145,192)
8	67	68	0.85607518040298	color=(65,182,196)
8	68	69	1.788270204068	color=(29,145,192)
8	69	70	0.30690019299	color=(65,182,196)
8	70	71	0.5362110747544	color=(65,182,196)
8	71	72	1.512448726776	color=(29,145,192)
8	72	73	-0.106272102824001	color=(65,182,196)
8	73	74	2.209569086455	color=(29,145,192)
8	74	75	-0.824128246356	color=(65,182,196)
8	75	76	1.938650602516	color=(29,145,192)
8	76	77	-0.272804654883388	color=(65,182,196)
8	77	78	2.0345081837878	color=(29,145,192)
8	78	79	2.1894564127596	color=(29,145,192)
8	79	80	1.28087309618814	color=(29,145,192)
8	80	81	-0.502893608416001	color=(65,182,196)
8	81	82	1.8872324841548	color=(29,145,192)
8	82	83	0.733987315607	color=(65,182,196)
8	83	84	1.7127624800762	color=(29,145,192)
8	84	85	-0.833805774258	color=(65,182,196)
8	85	86	-0.192151556252	color=(65,182,196)
8	86	87	-0.3634698721324	color=(65,182,196)
8	87	88	2.164140615498	color=(29,145,192)
8	88	89	-0.216937419140001	color=(65,182,196)
8	89	90	1.79664916655	color=(29,145,192)
8	90	91	1.4235398566122	color=(29,145,192)
8	91	92	1.5932887715204	color=(29,145,192)
8	92	93	2.8165439292286	color=(29,145,192)
8	93	94	0.862276381024	color=(65,182,196)
8	94	95	0.540850463509	color=(65,182,196)
8	95	96	-0.0204996809520002	color=(65,182,196)
8	96	97	0.1131113732632	color=(65,182,196)
8	97	98	1.04780239263	color=(65,182,196)
8	98	99	2.067533734294	color=(29,145,192)
8	99	100	1.8629555037586	color=(29,145,192)
8	100	101	-0.0903852577288	color=(65,182,196)
8	101	102	0.298743152071999	color=(65,182,196)
8	102	103	2.5569178339662	color=(29,145,192)
8	103	104	0.88487173165784	color=(65,182,196)
8	104	105	0.400900349398	color=(65,182,196)
8	105	106	0.567919008686001	color=(65,182,196)
8	106	107	0.486810804908	color=(65,182,196)
8	107	108	0.5454269805164	color=(65,182,196)
8	108	109	2.91671463102	color=(29,145,192)
8	109	110	1.6296008670919	color=(29,145,192)
8	110	111	-0.6815260694508	color=(65,182,196)
8	111	112	1.311186494488	color=(29,145,192)
8	112	113	0.535207255476	color=(65,182,196)
8	113	114	2.7675058973264	color=(29,145,192)
8	114	115	0.929166018076	color=(65,182,196)
8	115	116	0.2789426188396	color=(65,182,196)
8	116	117	1.645273659644	color=(29,145,192)
8	117	118	2.698760238074	color=(29,145,192)
8	118	119	-0.013055757574	color=(65,182,196)
8	119	120	0.1433956289636	color=(65,182,196)
8	120	121	-1.1625161700048	color=(127,205,187)
8	121	122	-0.0909715802440001	color=(65,182,196)
8	122	123	0.137569609958	color=(65,182,196)
8	123	124	1.868371526902	color=(29,145,192)
8	124	125	-0.318095647524	color=(65,182,196)
8	125	126	-0.120037859638	color=(65,182,196)
8	126	127	-0.741745698448	color=(65,182,196)
8	127	128	0.817934050448001	color=(65,182,196)
8	128	129	1.8702457757766	color=(29,145,192)
8	129	130	0.0528234339326801	color=(65,182,196)
8	130	131	-0.71103741341	color=(65,182,196)
8	131	132	0.120325671374	color=(65,182,196)
8	132	133	2.719608309828	color=(29,145,192)
8	133	134	0.145692379582	color=(65,182,196)
8	134	135	0.558706237212	color=(65,182,196)
8	135	136	0.910966634118	color=(65,182,196)
8	136	137	0.343409916548	color=(65,182,196)
8	137	138	1.741390152664	color=(29,145,192)
8	138	139	-0.0578892815880003	color=(65,182,196)
8	139	140	-1.140552620288	color=(127,205,187)
8	140	141	0.1104953865026	color=(65,182,196)
8	141	142	2.278745957407	color=(29,145,192)
8	142	143	0.606046470314	color=(65,182,196)
8	143	144	0.4386795964074	color=(65,182,196)
8	144	145	0.856772566246	color=(65,182,196)
8	145	146	-0.1271283702924	color=(65,182,196)
8	146	147	1.7254521721294	color=(29,145,192)
8	147	148	1.6114264505324	color=(29,145,192)
8	148	149	0.27299659721898	color=(65,182,196)
8	149	150	1.56970472955	color=(29,145,192)
8	150	151	1.7374846425014	color=(29,145,192)
8	151	152	0.550886272162	color=(65,182,196)
8	152	153	0.485203162056	color=(65,182,196)
8	153	154	1.28458261182006	color=(29,145,192)
8	154	155	2.30032390963	color=(29,145,192)
8	155	156	1.1127810824908	color=(29,145,192)
8	156	157	2.9198537187888	color=(29,145,192)
8	157	158	0.114558191442	color=(65,182,196)
8	158	159	0.0433248100579995	color=(65,182,196)
8	159	160	-0.9544824960163	color=(65,182,196)
8	160	161	0.869174592808	color=(65,182,196)
8	161	162	-1.393748603338	color=(127,205,187)
8	162	163	2.3217454683936	color=(29,145,192)
8	163	164	0.0698772087168	color=(65,182,196)
8	164	165	-0.245302601617	color=(65,182,196)
8	165	166	0.36079432878	color=(65,182,196)
8	166	167	-0.8706438189074	color=(65,182,196)
8	167	168	-0.0813278802300008	color=(65,182,196)
8	168	169	0.7941924083228	color=(65,182,196)
8	169	170	0.80201267116316	color=(65,182,196)
8	170	171	0.229238705088001	color=(65,182,196)
8	171	172	-0.128643538086001	color=(65,182,196)
8	172	173	0.727905073286	color=(65,182,196)
8	173	174	0.0520085187470001	color=(65,182,196)
8	174	175	0.96022610524426	color=(65,182,196)
8	175	176	0.9213123950884	color=(65,182,196)
8	176	177	-0.5464344476258	color=(65,182,196)
8	177	178	-0.9342211627036	color=(65,182,196)
8	178	179	-0.04687456021	color=(65,182,196)
8	179	180	2.136719652298	color=(29,145,192)
8	180	181	-0.526604858060001	color=(65,182,196)
8	181	182	0.6754290671338	color=(65,182,196)
8	182	183	0.99556459637048	color=(65,182,196)
8	183	184	-0.299382109	color=(65,182,196)
8	184	185	0.6339477131174	color=(65,182,196)
8	185	186	1.1041142455012	color=(29,145,192)
8	186	187	1.347364172474	color=(29,145,192)
8	187	188	-0.823811311244	color=(65,182,196)
8	188	189	1.3529134955446	color=(29,145,192)
8	189	190	2.028186446326	color=(29,145,192)
8	190	191	-0.575104253954	color=(65,182,196)
8	191	192	0.60490922700232	color=(65,182,196)
8	192	193	2.830562483246	color=(29,145,192)
8	193	194	2.0924827498438	color=(29,145,192)
8	194	195	0.2757212544672	color=(65,182,196)
8	195	196	0.04477993670554	color=(65,182,196)
8	196	197	0.778033824597999	color=(65,182,196)
8	197	198	-0.116999306548	color=(65,182,196)
8	198	199	0.990255554188	color=(65,182,196)
8	199	200	1.14417128847	color=(29,145,192)
8	200	201	1.7525430278864	color=(29,145,192)
8	201	202	1.407886885258	color=(29,145,192)
8	202	203	0.449854749128	color=(65,182,196)
8	203	204	1.525846745294	color=(29,145,192)
8	204	205	1.899435643568	color=(29,145,192)
8	205	206	-0.2368857805126	color=(65,182,196)
8	206	207	0.606011361211999	color=(65,182,196)
8	207	208	-0.15493088901	color=(65,182,196)
8	208	209	1.1846462280838	color=(29,145,192)
8	209	210	1.0168276701076	color=(65,182,196)
8	210	211	0.247283785256	color=(65,182,196)
8	211	212	0.800003824294	color=(65,182,196)
8	212	213	-0.339019424876	color=(65,182,196)
8	213	214	0.0575046289840007	color=(65,182,196)
8	214	215	-0.2370342618738	color=(65,182,196)
8	215	216	0.227553262055999	color=(65,182,196)
8	216	217	1.0519946195648	color=(65,182,196)
8	217	218	0.6589438960386	color=(65,182,196)
8	218	219	0.372149790212	color=(65,182,196)
8	219	220	2.2043617907372	color=(29,145,192)
8	220	221	0.30218311052	color=(65,182,196)
8	221	222	0.739544281524	color=(65,182,196)
8	222	223	4.097168379369	color=(34,94,168)
8	223	224	0.680901544254	color=(65,182,196)
8	224	225	0.422634972352	color=(65,182,196)
8	225	226	1.2526994896724	color=(29,145,192)
8	226	227	1.2505888232648	color=(29,145,192)
8	227	228	1.1381592698712	color=(29,145,192)
8	228	229	-1.6319253987578	color=(127,205,187)
8	229	230	0.8775560540414	color=(65,182,196)
8	230	231	1.4093418149614	color=(29,145,192)
8	231	232	2.4898896012316	color=(29,145,192)
8	232	233	1.76474944115	color=(29,145,192)
8	233	234	0.348318687956001	color=(65,182,196)
8	234	235	0.01290202218886	color=(65,182,196)
8	235	236	-0.70757889505	color=(65,182,196)
8	236	237	2.979506978266	color=(29,145,192)
8	237	238	2.00068996432	color=(29,145,192)
8	238	239	1.05650694516	color=(65,182,196)
8	239	240	0.164215310092001	color=(65,182,196)
8	240	241	2.32399538533	color=(29,145,192)
8	241	242	1.25822330778	color=(29,145,192)
8	242	243	3.220619630314	color=(29,145,192)
8	243	244	0.932982732052	color=(65,182,196)
8	244	245	-0.4932750676756	color=(65,182,196)
8	245	246	0.468633500920001	color=(65,182,196)
8	246	247	-0.17510588989826	color=(65,182,196)
8	247	248	3.4240039792052	color=(34,94,168)
8	248	249	0.2623085737118	color=(65,182,196)
8	249	250	1.2855340821498	color=(29,145,192)
8	250	251	-1.1275945273748	color=(127,205,187)
8	251	252	0.1536161669128	color=(65,182,196)
8	252	253	-1.190726769112	color=(127,205,187)
8	253	254	2.424345534126	color=(29,145,192)
8	254	255	-0.293885386149999	color=(65,182,196)
8	255	256	1.1780304774908	color=(29,145,192)
8	256	257	0.2020014135668	color=(65,182,196)
8	257	258	0.6931480855728	color=(65,182,196)
8	258	259	2.1580457010152	color=(29,145,192)
8	259	260	-0.5504319610282	color=(65,182,196)
8	260	261	0.8249182314716	color=(65,182,196)
8	261	262	0.56702394966	color=(65,182,196)
8	262	263	1.695507814984	color=(29,145,192)
8	263	264	0.803938560750001	color=(65,182,196)
8	264	265	0.906440736291	color=(65,182,196)
8	265	266	-0.370185189599999	color=(65,182,196)
8	266	267	-0.204662236126	color=(65,182,196)
8	267	268	1.2150211901828	color=(29,145,192)
8	268	269	2.1015554313632	color=(29,145,192)
8	269	270	1.0102352573722	color=(65,182,196)
8	270	271	-0.0447654753240005	color=(65,182,196)
8	271	272	0.210487879666	color=(65,182,196)
8	272	273	-0.0111445153560004	color=(65,182,196)
8	273	274	1.61088470800436	color=(29,145,192)
8	274	275	-0.1267137646962	color=(65,182,196)
8	275	276	2.04611853245	color=(29,145,192)
8	276	277	-0.115370250184	color=(65,182,196)
8	277	278	0.803231344512	color=(65,182,196)
8	278	279	0.22900328469842	color=(65,182,196)
8	279	280	1.281663103868	color=(29,145,192)
8	280	281	-0.5075890615708	color=(65,182,196)
8	281	282	0.27542884401	color=(65,182,196)
