1	0	1	-0.830332728646001	color=(65,182,196)
1	1	2	-1.24468396247	color=(127,205,187)
1	2	3	-1.67330697117	color=(127,205,187)
1	3	4	0.595991421084	color=(65,182,196)
1	4	5	1.78891118948	color=(29,145,192)
1	5	6	2.20258770147	color=(29,145,192)
1	6	7	-0.661211053765999	color=(65,182,196)
1	7	8	-1.057256100712	color=(65,182,196)
1	8	9	-0.1302235357242	color=(65,182,196)
1	9	10	-0.229647610542	color=(65,182,196)
1	10	11	0.5008989247946	color=(65,182,196)
1	11	12	-0.8628421479992	color=(65,182,196)
1	12	13	-0.134603928283	color=(65,182,196)
1	13	14	0.572150122808	color=(65,182,196)
1	14	15	-3.43746518159	color=(199,233,180)
1	15	16	-2.296618090168	color=(127,205,187)
1	16	17	-0.243338021036	color=(65,182,196)
1	17	18	-1.18186507855048	color=(127,205,187)
1	18	19	-1.2593208667362	color=(127,205,187)
1	19	20	-2.718349340114	color=(127,205,187)
1	20	21	-0.986103458599999	color=(65,182,196)
1	21	22	-1.3376542277924	color=(127,205,187)
1	22	23	-1.36011407554632	color=(127,205,187)
1	23	24	0.648482884109999	color=(65,182,196)
1	24	25	0.372432718798	color=(65,182,196)
1	25	26	-2.5864439278418	color=(127,205,187)
1	26	27	-1.5326295063262	color=(127,205,187)
1	27	28	-0.679840853536	color=(65,182,196)
1	28	29	-0.682898566394001	color=(65,182,196)
1	29	30	-0.5726126119864	color=(65,182,196)
1	30	31	-1.131276067888	color=(127,205,187)
1	31	32	1.3193727437482	color=(29,145,192)
1	32	33	-1.299742693344	color=(127,205,187)
1	33	34	-1.013247218076	color=(65,182,196)
1	34	35	-1.87487700117	color=(127,205,187)
1	35	36	0.455950318048	color=(65,182,196)
1	36	37	-1.574755070081	color=(127,205,187)
1	37	38	0.181567896378001	color=(65,182,196)
1	38	39	-1.143418290153	color=(127,205,187)
1	39	40	0.648014496723999	color=(65,182,196)
1	40	41	-1.1133443102898	color=(65,182,196)
1	41	42	2.865817160508	color=(29,145,192)
1	42	43	1.62268350548	color=(29,145,192)
1	43	44	-1.4251859816168	color=(127,205,187)
1	44	45	0.601528938826	color=(65,182,196)
1	45	46	-2.042440547526	color=(127,205,187)
1	46	47	2.6634870460004	color=(29,145,192)
1	47	48	0.650854948668	color=(65,182,196)
1	48	49	-1.7805776476364	color=(127,205,187)
1	49	50	1.090078421188	color=(65,182,196)
1	50	51	1.087443919836	color=(65,182,196)
1	51	52	0.720380392854	color=(65,182,196)
1	52	53	-1.9551779722952	color=(127,205,187)
1	53	54	1.239745479066	color=(29,145,192)
1	54	55	-1.949979168824	color=(127,205,187)
1	55	56	-2.41773242253	color=(127,205,187)
1	56	57	-1.6426017140084	color=(127,205,187)
1	57	58	-1.82611732727	color=(127,205,187)
1	58	59	-1.646347901178	color=(127,205,187)
1	59	60	-0.7170134186598	color=(65,182,196)
1	60	61	-0.0527849119499999	color=(65,182,196)
1	61	62	-0.6539391513694	color=(65,182,196)
1	62	63	-0.261243596602	color=(65,182,196)
1	63	64	-2.457388769966	color=(127,205,187)
1	64	65	-1.304595311294	color=(127,205,187)
1	65	66	-1.5275417562296	color=(127,205,187)
1	66	67	-1.405490426394	color=(127,205,187)
1	67	68	-0.911656804833999	color=(65,182,196)
1	68	69	-2.952752536928	color=(127,205,187)
1	69	70	1.26247173967	color=(29,145,192)
1	70	71	-1.78464112938	color=(127,205,187)
1	71	72	0.53233455695	color=(65,182,196)
1	72	73	0.89042498573548	color=(65,182,196)
1	73	74	-1.437519098696	color=(127,205,187)
1	74	75	-0.567415753676	color=(65,182,196)
1	75	76	-0.9500066456298	color=(65,182,196)
1	76	77	-0.936655780856	color=(65,182,196)
1	77	78	-2.61287798915	color=(127,205,187)
1	78	79	-1.93310765988	color=(127,205,187)
1	79	80	-1.70268479223	color=(127,205,187)
1	80	81	-1.82425831840528	color=(127,205,187)
1	81	82	-1.701946796684	color=(127,205,187)
1	82	83	-1.6141399354412	color=(127,205,187)
1	83	84	-0.6498805066202	color=(65,182,196)
1	84	85	-0.4750920256904	color=(65,182,196)
1	85	86	-0.952782036792	color=(65,182,196)
1	86	87	-1.736536500288	color=(127,205,187)
1	87	88	-0.8411014703424	color=(65,182,196)
1	88	89	-1.295521757518	color=(127,205,187)
1	89	90	-1.979116950802	color=(127,205,187)
1	90	91	-0.916723643334	color=(65,182,196)
1	91	92	0.2323177609546	color=(65,182,196)
1	92	93	-0.252289777115999	color=(65,182,196)
1	93	94	1.146684493	color=(29,145,192)
1	94	95	-0.29004297456	color=(65,182,196)
1	95	96	-0.8505167859432	color=(65,182,196)
1	96	97	-1.0268911392276	color=(65,182,196)
1	97	98	0.0711079612219994	color=(65,182,196)
1	98	99	-1.431315690906	color=(127,205,187)
1	99	100	-1.76354022572	color=(127,205,187)
1	100	101	-1.24984135883	color=(127,205,187)
1	101	102	-1.021903884718	color=(65,182,196)
1	102	103	-1.21585583543992	color=(127,205,187)
1	103	104	0.35542604091	color=(65,182,196)
1	104	105	-1.603423404113	color=(127,205,187)
1	105	106	-0.699498033768	color=(65,182,196)
1	106	107	-0.82914731606618	color=(65,182,196)
1	107	108	-0.715072040564001	color=(65,182,196)
1	108	109	-0.680852326556	color=(65,182,196)
1	109	110	-1.21026628871452	color=(127,205,187)
1	110	111	-0.982604068908	color=(65,182,196)
1	111	112	-0.930289785546	color=(65,182,196)
1	112	113	-1.71720918174	color=(127,205,187)
1	113	114	0.731284596046001	color=(65,182,196)
1	114	115	-0.833314980764	color=(65,182,196)
1	115	116	-1.1006753261716	color=(65,182,196)
1	116	117	-0.8250628881526	color=(65,182,196)
1	117	118	-3.013708229202	color=(127,205,187)
1	118	119	-1.56313385822018	color=(127,205,187)
1	119	120	-0.232121307348	color=(65,182,196)
1	120	121	-0.720008186768	color=(65,182,196)
1	121	122	-1.4351343585652	color=(127,205,187)
1	122	123	-1.665770611938	color=(127,205,187)
1	123	124	-1.090665533942	color=(65,182,196)
1	124	125	-0.16610850267574	color=(65,182,196)
1	125	126	-1.3967914938648	color=(127,205,187)
1	126	127	-1.1991046884784	color=(127,205,187)
1	127	128	-1.06342560956	color=(65,182,196)
1	128	129	-0.5476483037448	color=(65,182,196)
1	129	130	-1.15369748228	color=(127,205,187)
1	130	131	1.990518608152	color=(29,145,192)
1	131	132	-0.918891438282	color=(65,182,196)
1	132	133	-0.81470610638	color=(65,182,196)
1	133	134	-1.1537463514502	color=(127,205,187)
1	134	135	-0.972204196554	color=(65,182,196)
1	135	136	-1.554915583608	color=(127,205,187)
1	136	137	-0.8921419134312	color=(65,182,196)
1	137	138	-0.347558729734001	color=(65,182,196)
1	138	139	-0.75812788887996	color=(65,182,196)
1	139	140	0.3784691168818	color=(65,182,196)
1	140	141	-2.379895442282	color=(127,205,187)
1	141	142	-1.3546153005102	color=(127,205,187)
1	142	143	-1.127410144582	color=(127,205,187)
1	143	144	0.624123137932	color=(65,182,196)
1	144	145	-0.919062609494	color=(65,182,196)
1	145	146	-0.154047044623	color=(65,182,196)
1	146	147	-2.680120070838	color=(127,205,187)
1	147	148	-0.495191291322	color=(65,182,196)
1	148	149	-1.132738350899	color=(127,205,187)
1	149	150	-0.853550981326	color=(65,182,196)
1	150	151	-1.624284937906	color=(127,205,187)
1	151	152	-0.29523973577	color=(65,182,196)
1	152	153	0.603475793954	color=(65,182,196)
1	153	154	-1.32355012334352	color=(127,205,187)
1	154	155	0.0544298765400004	color=(65,182,196)
1	155	156	-2.66032541769	color=(127,205,187)
1	156	157	-2.111658328414	color=(127,205,187)
1	157	158	-1.840696807122	color=(127,205,187)
1	158	159	-1.355300781044	color=(127,205,187)
1	159	160	-4.273152166768	color=(199,233,180)
1	160	161	-3.501413770342	color=(199,233,180)
1	161	162	-0.02227195819248	color=(65,182,196)
1	162	163	-0.6980841338176	color=(65,182,196)
1	163	164	-1.22274763509442	color=(127,205,187)
1	164	165	0.797986726161	color=(65,182,196)
1	165	166	-1.551822591476	color=(127,205,187)
1	166	167	-2.751538135448	color=(127,205,187)
1	167	168	1.69413844245288	color=(29,145,192)
1	168	169	-1.9748219035704	color=(127,205,187)
1	169	170	0.220582788704	color=(65,182,196)
1	170	171	-1.062331929744	color=(65,182,196)
1	171	172	-2.224827160604	color=(127,205,187)
1	172	173	-2.3763153434742	color=(127,205,187)
1	173	174	-1.585226947434	color=(127,205,187)
1	174	175	-3.175746260956	color=(127,205,187)
1	175	176	-0.9610240527434	color=(65,182,196)
1	176	177	-1.349120782864	color=(127,205,187)
1	177	178	-1.842845435186	color=(127,205,187)
1	178	179	-3.300521971588	color=(127,205,187)
1	179	180	-1.48543672604896	color=(127,205,187)
1	180	181	-0.38098638087	color=(65,182,196)
1	181	182	0.660904207574001	color=(65,182,196)
1	182	183	-0.521725567378	color=(65,182,196)
1	183	184	-0.0689543939080011	color=(65,182,196)
1	184	185	-2.325825896538	color=(127,205,187)
1	185	186	-2.503007228902	color=(127,205,187)
1	186	187	-1.34015476370326	color=(127,205,187)
1	187	188	-1.2923072761624	color=(127,205,187)
1	188	189	-1.9562036234082	color=(127,205,187)
1	189	190	-1.96452026688004	color=(127,205,187)
1	190	191	-2.05444525044	color=(127,205,187)
1	191	192	-1.783788243698	color=(127,205,187)
1	192	193	-2.08358017512569	color=(127,205,187)
1	193	194	-1.10812304460496	color=(65,182,196)
1	194	195	-1.5302741788888	color=(127,205,187)
1	195	196	-2.767561368586	color=(127,205,187)
1	196	197	0.419004451236	color=(65,182,196)
1	197	198	-2.5423619306088	color=(127,205,187)
1	198	199	-1.3063888655398	color=(127,205,187)
1	199	200	-1.606878341556	color=(127,205,187)
1	200	201	-1.103883956874	color=(65,182,196)
1	201	202	-1.4188792802956	color=(127,205,187)
1	202	203	0.922236611722001	color=(65,182,196)
1	203	204	-2.7542766323596	color=(127,205,187)
1	204	205	-1.98302539968846	color=(127,205,187)
1	205	206	-0.468193815454	color=(65,182,196)
1	206	207	-0.420831400295999	color=(65,182,196)
1	207	208	-1.63394169851099	color=(127,205,187)
1	208	209	-1.0474732698686	color=(65,182,196)
1	209	210	-1.477282396702	color=(127,205,187)
1	210	211	-1.886941308662	color=(127,205,187)
1	211	212	-2.93464975509	color=(127,205,187)
1	212	213	-0.296290331535999	color=(65,182,196)
1	213	214	0.8212511214656	color=(65,182,196)
1	214	215	0.0114759352326002	color=(65,182,196)
1	215	216	-0.30773701054506	color=(65,182,196)
1	216	217	-1.709386324276	color=(127,205,187)
1	217	218	-1.6312665885522	color=(127,205,187)
1	218	219	0.6141562890384	color=(65,182,196)
1	219	220	-1.539930875652	color=(127,205,187)
1	220	221	-0.989839214196	color=(65,182,196)
1	221	222	-2.3385686215006	color=(127,205,187)
1	222	223	0.266582385576	color=(65,182,196)
1	223	224	-0.476999000174001	color=(65,182,196)
1	224	225	1.6398100692924	color=(29,145,192)
1	225	226	-2.37913691343	color=(127,205,187)
1	226	227	-1.343685027228	color=(127,205,187)
1	227	228	0.294668296934001	color=(65,182,196)
1	228	229	-0.7293236030816	color=(65,182,196)
1	229	230	0.335736621038	color=(65,182,196)
1	230	231	0.0935310564040002	color=(65,182,196)
1	231	232	-1.852682910788	color=(127,205,187)
1	232	233	-0.0188755178339997	color=(65,182,196)
1	233	234	-1.768648943257	color=(127,205,187)
1	234	235	0.686765922367	color=(65,182,196)
1	235	236	-0.582169809021801	color=(65,182,196)
1	236	237	0.667074269878	color=(65,182,196)
1	237	238	0.911489026148	color=(65,182,196)
1	238	239	-0.822223579646	color=(65,182,196)
1	239	240	-1.4982556791894	color=(127,205,187)
1	240	241	-1.455331603034	color=(127,205,187)
1	241	242	0.00704970728199994	color=(65,182,196)
1	242	243	-1.7934797917178	color=(127,205,187)
1	243	244	-0.3001688330686	color=(65,182,196)
1	244	245	-0.9268844303013	color=(65,182,196)
1	245	246	-2.3977838567824	color=(127,205,187)
1	246	247	2.893209517844	color=(29,145,192)
1	247	248	-0.79448317906	color=(65,182,196)
2	0	1	3.3850446116022	color=(34,94,168)
2	1	2	2.238081038788	color=(29,145,192)
2	2	3	2.1157613015554	color=(29,145,192)
2	3	4	2.941759717468	color=(29,145,192)
2	4	5	3.168181822577	color=(29,145,192)
2	5	6	3.85265503361158	color=(34,94,168)
2	6	7	1.819473861218	color=(29,145,192)
2	7	8	2.24089759993	color=(29,145,192)
2	8	9	1.989443733157	color=(29,145,192)
2	9	10	4.3642417670554	color=(34,94,168)
2	10	11	3.90994476179	color=(34,94,168)
2	11	12	2.580014055476	color=(29,145,192)
2	12	13	3.0036723745632	color=(29,145,192)
2	13	14	1.231392356428	color=(29,145,192)
2	14	15	3.769517299256	color=(34,94,168)
2	15	16	1.526664682738	color=(29,145,192)
2	16	17	2.020577863582	color=(29,145,192)
2	17	18	3.2007670366044	color=(29,145,192)
2	18	19	1.399688835196	color=(29,145,192)
2	19	20	3.77021924882906	color=(34,94,168)
2	20	21	2.597213389558	color=(29,145,192)
2	21	22	2.399146915704	color=(29,145,192)
2	22	23	3.74874908196	color=(34,94,168)
2	23	24	1.7481129141792	color=(29,145,192)
2	24	25	2.9568998591122	color=(29,145,192)
2	25	26	1.502922398886	color=(29,145,192)
2	26	27	2.6699038567444	color=(29,145,192)
2	27	28	1.5231973730166	color=(29,145,192)
2	28	29	1.733728492327	color=(29,145,192)
2	29	30	2.7058480817864	color=(29,145,192)
2	30	31	3.594240278694	color=(34,94,168)
2	31	32	2.59979702292727	color=(29,145,192)
2	32	33	1.2208232824206	color=(29,145,192)
2	33	34	1.29010001229	color=(29,145,192)
2	34	35	2.0782690651	color=(29,145,192)
2	35	36	4.15845331835	color=(34,94,168)
2	36	37	3.762505138972	color=(34,94,168)
2	37	38	3.196814491177	color=(29,145,192)
2	38	39	2.500026465684	color=(29,145,192)
2	39	40	4.396030934476	color=(34,94,168)
2	40	41	2.179778124132	color=(29,145,192)
2	41	42	3.4564410185222	color=(34,94,168)
2	42	43	2.9866417346136	color=(29,145,192)
2	43	44	2.60234203024506	color=(29,145,192)
2	44	45	1.9816116321224	color=(29,145,192)
2	45	46	2.466873038894	color=(29,145,192)
2	46	47	1.17521905129	color=(29,145,192)
2	47	48	2.2212637857446	color=(29,145,192)
2	48	49	1.941468650858	color=(29,145,192)
2	49	50	1.417228830456	color=(29,145,192)
2	50	51	1.84013750389	color=(29,145,192)
2	51	52	3.099038762946	color=(29,145,192)
2	52	53	3.41613461753718	color=(34,94,168)
2	53	54	2.0194225175372	color=(29,145,192)
2	54	55	3.0985727808376	color=(29,145,192)
2	55	56	1.7478125714462	color=(29,145,192)
2	56	57	3.92843922934228	color=(34,94,168)
2	57	58	3.138357498993	color=(29,145,192)
2	58	59	4.0124035526982	color=(34,94,168)
2	59	60	2.08439035813	color=(29,145,192)
2	60	61	3.30693720586742	color=(29,145,192)
2	61	62	1.3809362595224	color=(29,145,192)
2	62	63	2.0189762911474	color=(29,145,192)
2	63	64	1.52390879995246	color=(29,145,192)
2	64	65	2.482415293038	color=(29,145,192)
2	65	66	3.549028203678	color=(34,94,168)
2	66	67	1.903260912274	color=(29,145,192)
2	67	68	1.4502084951376	color=(29,145,192)
2	68	69	2.2232304626346	color=(29,145,192)
2	69	70	1.7605794632946	color=(29,145,192)
2	70	71	3.028146570022	color=(29,145,192)
2	71	72	1.5498313687819	color=(29,145,192)
2	72	73	0.988562557273999	color=(65,182,196)
2	73	74	2.513212377626	color=(29,145,192)
2	74	75	2.375717402888	color=(29,145,192)
2	75	76	1.183852463611	color=(29,145,192)
2	76	77	2.9992404312344	color=(29,145,192)
2	77	78	5.09597645101	color=(34,94,168)
2	78	79	3.463830504364	color=(34,94,168)
2	79	80	1.357892314674	color=(29,145,192)
2	80	81	1.566013394654	color=(29,145,192)
2	81	82	2.5660574293244	color=(29,145,192)
2	82	83	3.72016130428164	color=(34,94,168)
2	83	84	1.770827175726	color=(29,145,192)
2	84	85	3.656503874378	color=(34,94,168)
2	85	86	1.3152747107666	color=(29,145,192)
2	86	87	2.6061298868183	color=(29,145,192)
2	87	88	2.166175601118	color=(29,145,192)
2	88	89	2.041188816065	color=(29,145,192)
2	89	90	3.110892366204	color=(29,145,192)
2	90	91	2.3943985790336	color=(29,145,192)
2	91	92	3.808209622568	color=(34,94,168)
2	92	93	2.904391218524	color=(29,145,192)
2	93	94	3.6935395098792	color=(34,94,168)
2	94	95	1.401480980354	color=(29,145,192)
2	95	96	3.9441725770232	color=(34,94,168)
2	96	97	2.4581056190972	color=(29,145,192)
2	97	98	1.1079325391662	color=(29,145,192)
2	98	99	2.996449218444	color=(29,145,192)
2	99	100	2.269559691458	color=(29,145,192)
2	100	101	1.911958946282	color=(29,145,192)
2	101	102	2.265612784558	color=(29,145,192)
2	102	103	2.8831877036988	color=(29,145,192)
2	103	104	2.90878288091642	color=(29,145,192)
2	104	105	2.134282641566	color=(29,145,192)
2	105	106	1.9574686354168	color=(29,145,192)
2	106	107	1.934974818726	color=(29,145,192)
2	107	108	0.8937260830424	color=(65,182,196)
2	108	109	2.1056740629798	color=(29,145,192)
2	109	110	3.0036185193522	color=(29,145,192)
2	110	111	3.94474209435394	color=(34,94,168)
2	111	112	1.414308246146	color=(29,145,192)
2	112	113	4.21256171315774	color=(34,94,168)
2	113	114	1.69408720033	color=(29,145,192)
2	114	115	1.80687267695396	color=(29,145,192)
2	115	116	1.782299262304	color=(29,145,192)
2	116	117	1.7304027343088	color=(29,145,192)
2	117	118	1.8614712109424	color=(29,145,192)
2	118	119	3.2736820596314	color=(29,145,192)
2	119	120	1.44212944568319	color=(29,145,192)
2	120	121	2.261792388076	color=(29,145,192)
2	121	122	1.622083206078	color=(29,145,192)
2	122	123	2.424862490718	color=(29,145,192)
2	123	124	3.2911507022628	color=(29,145,192)
2	124	125	2.1203973571868	color=(29,145,192)
2	125	126	1.4349298541942	color=(29,145,192)
2	126	127	2.71856416188	color=(29,145,192)
2	127	128	3.3454667499276	color=(34,94,168)
2	128	129	1.0055116069594	color=(65,182,196)
2	129	130	3.652317362142	color=(34,94,168)
2	130	131	3.4643595482422	color=(34,94,168)
2	131	132	1.840875301862	color=(29,145,192)
2	132	133	2.58765430201254	color=(29,145,192)
2	133	134	2.4281801339708	color=(29,145,192)
2	134	135	1.52211398286	color=(29,145,192)
2	135	136	4.094492096224	color=(34,94,168)
2	136	137	3.563908448246	color=(34,94,168)
2	137	138	2.264563099188	color=(29,145,192)
2	138	139	2.9974617051712	color=(29,145,192)
2	139	140	3.032268252967	color=(29,145,192)
2	140	141	2.27376066209768	color=(29,145,192)
2	141	142	1.3437491287738	color=(29,145,192)
2	142	143	3.8305421793962	color=(34,94,168)
2	143	144	3.391917598912	color=(34,94,168)
2	144	145	1.245579867166	color=(29,145,192)
2	145	146	1.345149035571	color=(29,145,192)
2	146	147	3.868358739896	color=(34,94,168)
2	147	148	2.2597869566358	color=(29,145,192)
2	148	149	2.139911706638	color=(29,145,192)
2	149	150	2.02783568265915	color=(29,145,192)
2	150	151	1.6192707507286	color=(29,145,192)
2	151	152	2.9910980094073	color=(29,145,192)
2	152	153	3.4847791066972	color=(34,94,168)
2	153	154	3.433125903292	color=(34,94,168)
2	154	155	1.811459528058	color=(29,145,192)
2	155	156	2.24116137541	color=(29,145,192)
2	156	157	2.1294012174	color=(29,145,192)
2	157	158	1.2773372172128	color=(29,145,192)
2	158	159	3.690367938468	color=(34,94,168)
2	159	160	2.6553407045752	color=(29,145,192)
2	160	161	1.2445589182196	color=(29,145,192)
2	161	162	3.2331123739548	color=(29,145,192)
2	162	163	1.05273644880424	color=(65,182,196)
2	163	164	4.3142627419142	color=(34,94,168)
2	164	165	1.91460955535644	color=(29,145,192)
2	165	166	1.336004832166	color=(29,145,192)
2	166	167	1.83254502393	color=(29,145,192)
2	167	168	3.4951539009006	color=(34,94,168)
2	168	169	2.57964160673	color=(29,145,192)
2	169	170	3.3669632754712	color=(34,94,168)
2	170	171	1.864340375246	color=(29,145,192)
2	171	172	3.4556368570852	color=(34,94,168)
2	172	173	2.23813698757884	color=(29,145,192)
2	173	174	1.9731357147416	color=(29,145,192)
2	174	175	2.5303198799946	color=(29,145,192)
2	175	176	2.071972530385	color=(29,145,192)
2	176	177	4.739493106092	color=(34,94,168)
2	177	178	3.233184421296	color=(29,145,192)
2	178	179	3.577588129075	color=(34,94,168)
2	179	180	2.6037809435768	color=(29,145,192)
2	180	181	2.42853560539026	color=(29,145,192)
2	181	182	2.71001073931734	color=(29,145,192)
2	182	183	2.43036888009424	color=(29,145,192)
2	183	184	1.550429883082	color=(29,145,192)
2	184	185	2.1138900769776	color=(29,145,192)
2	185	186	4.1519408514022	color=(34,94,168)
2	186	187	2.934529101869	color=(29,145,192)
2	187	188	2.80169328035	color=(29,145,192)
2	188	189	4.349191061134	color=(34,94,168)
2	189	190	1.8512476687696	color=(29,145,192)
2	190	191	2.545013418237	color=(29,145,192)
2	191	192	2.78846257332	color=(29,145,192)
2	192	193	3.363509980178	color=(34,94,168)
2	193	194	1.0945056486284	color=(65,182,196)
2	194	195	1.626778673942	color=(29,145,192)
2	195	196	0.847968522527999	color=(65,182,196)
2	196	197	3.9353171469752	color=(34,94,168)
2	197	198	3.2344188711936	color=(29,145,192)
2	198	199	2.427464241458	color=(29,145,192)
2	199	200	3.49314323288556	color=(34,94,168)
2	200	201	2.0410026384394	color=(29,145,192)
2	201	202	1.2931647102114	color=(29,145,192)
2	202	203	1.403593982166	color=(29,145,192)
2	203	204	3.940488591312	color=(34,94,168)
2	204	205	2.166770334968	color=(29,145,192)
2	205	206	3.666721292038	color=(34,94,168)
2	206	207	1.5110383743248	color=(29,145,192)
2	207	208	3.633187640718	color=(34,94,168)
2	208	209	1.805403074736	color=(29,145,192)
2	209	210	2.761900084886	color=(29,145,192)
2	210	211	2.3397148423838	color=(29,145,192)
2	211	212	1.53293647576396	color=(29,145,192)
2	212	213	1.2828739874386	color=(29,145,192)
2	213	214	2.5718646955346	color=(29,145,192)
2	214	215	3.003889279336	color=(29,145,192)
2	215	216	2.879479747812	color=(29,145,192)
2	216	217	2.903161921671	color=(29,145,192)
2	217	218	2.14387302983	color=(29,145,192)
2	218	219	1.4458641580948	color=(29,145,192)
2	219	220	1.433043420486	color=(29,145,192)
2	220	221	3.9333136529176	color=(34,94,168)
2	221	222	4.9897398262323	color=(34,94,168)
2	222	223	2.3461614368498	color=(29,145,192)
2	223	224	3.6323754271782	color=(34,94,168)
2	224	225	2.173138773116	color=(29,145,192)
2	225	226	2.5226125339316	color=(29,145,192)
2	226	227	1.4012189183563	color=(29,145,192)
2	227	228	1.67086454967	color=(29,145,192)
2	228	229	2.818887162572	color=(29,145,192)
2	229	230	3.124394572336	color=(29,145,192)
2	230	231	2.558557481038	color=(29,145,192)
2	231	232	2.838116307534	color=(29,145,192)
2	232	233	1.872938523882	color=(29,145,192)
2	233	234	1.851329116626	color=(29,145,192)
2	234	235	3.364313873302	color=(34,94,168)
2	235	236	2.969061568234	color=(29,145,192)
2	236	237	3.194495852314	color=(29,145,192)
2	237	238	1.898793957656	color=(29,145,192)
2	238	239	2.7112786919258	color=(29,145,192)
2	239	240	3.177352658568	color=(29,145,192)
2	240	241	2.4521861017618	color=(29,145,192)
2	241	242	3.2584399740554	color=(29,145,192)
2	242	243	1.68414494817404	color=(29,145,192)
2	243	244	1.5827420143598	color=(29,145,192)
2	244	245	2.77694181054	color=(29,145,192)
2	245	246	2.0606297202138	color=(29,145,192)
2	246	247	3.6751681191949	color=(34,94,168)
2	247	248	1.4581581505174	color=(29,145,192)
2	248	249	2.681688219278	color=(29,145,192)
2	249	250	1.158143258352	color=(29,145,192)
2	250	251	3.5831852984314	color=(34,94,168)
2	251	252	1.946340695334	color=(29,145,192)
2	252	253	1.7556044920542	color=(29,145,192)
2	253	254	1.7004408925988	color=(29,145,192)
2	254	255	2.4029254113052	color=(29,145,192)
2	255	256	2.2360004498584	color=(29,145,192)
2	256	257	1.533010766817	color=(29,145,192)
2	257	258	3.1896864107198	color=(29,145,192)
2	258	259	2.983742440796	color=(29,145,192)
2	259	260	3.484618384168	color=(34,94,168)
2	260	261	4.0904829328852	color=(34,94,168)
2	261	262	1.0730758696956	color=(65,182,196)
2	262	263	1.5267800804846	color=(29,145,192)
2	263	264	2.008400718298	color=(29,145,192)
2	264	265	2.426172700734	color=(29,145,192)
2	265	266	2.682394504642	color=(29,145,192)
2	266	267	1.766558909506	color=(29,145,192)
2	267	268	1.929875566358	color=(29,145,192)
2	268	269	2.494578149517	color=(29,145,192)
2	269	270	2.152313504851	color=(29,145,192)
2	270	271	3.2794748748628	color=(29,145,192)
2	271	272	2.493153961003	color=(29,145,192)
2	272	273	3.191593149614	color=(29,145,192)
2	273	274	1.772941292134	color=(29,145,192)
2	274	275	2.5971011528484	color=(29,145,192)
2	275	276	3.7411583365666	color=(34,94,168)
2	276	277	2.2155727313844	color=(29,145,192)
2	277	278	1.672932919858	color=(29,145,192)
2	278	279	2.757245616979	color=(29,145,192)
2	279	280	3.4704321879844	color=(34,94,168)
2	280	281	1.5692830468266	color=(29,145,192)
2	281	282	2.689708556165	color=(29,145,192)
2	282	283	1.7100451947086	color=(29,145,192)
2	283	284	2.328896441408	color=(29,145,192)
2	284	285	1.586367429234	color=(29,145,192)
2	285	286	2.88992020737768	color=(29,145,192)
2	286	287	4.2010631063254	color=(34,94,168)
2	287	288	2.096365761926	color=(29,145,192)
2	288	289	2.06370458234438	color=(29,145,192)
2	289	290	1.64166751273394	color=(29,145,192)
2	290	291	3.7409171620656	color=(34,94,168)
2	291	292	2.4059452095376	color=(29,145,192)
2	292	293	2.7618792001648	color=(29,145,192)
2	293	294	2.245516728562	color=(29,145,192)
2	294	295	2.4009869033434	color=(29,145,192)
2	295	296	1.936174683774	color=(29,145,192)
2	296	297	3.3288329463316	color=(34,94,168)
2	297	298	4.12311147555	color=(34,94,168)
2	298	299	2.054008545662	color=(29,145,192)
2	299	300	3.4924622739914	color=(34,94,168)
2	300	301	1.446932112286	color=(29,145,192)
2	301	302	2.626382228796	color=(29,145,192)
2	302	303	2.68092234790468	color=(29,145,192)
2	303	304	1.847267515829	color=(29,145,192)
2	304	305	4.48579783432	color=(34,94,168)
2	305	306	2.1033303437972	color=(29,145,192)
2	306	307	2.74259808571548	color=(29,145,192)
2	307	308	1.87872344032	color=(29,145,192)
2	308	309	1.9014469269914	color=(29,145,192)
2	309	310	3.022404532342	color=(29,145,192)
2	310	311	1.6026667411018	color=(29,145,192)
2	311	312	3.821635294182	color=(34,94,168)
2	312	313	3.405793425556	color=(34,94,168)
2	313	314	3.992771393914	color=(34,94,168)
2	314	315	2.5300661109268	color=(29,145,192)
2	315	316	1.013665274274	color=(65,182,196)
2	316	317	2.9633006964014	color=(29,145,192)
2	317	318	2.864203796364	color=(29,145,192)
2	318	319	2.8849505904246	color=(29,145,192)
2	319	320	3.584666176507	color=(34,94,168)
2	320	321	2.307929701932	color=(29,145,192)
2	321	322	2.285344380252	color=(29,145,192)
2	322	323	1.1947269229531	color=(29,145,192)
2	323	324	3.43623206632104	color=(34,94,168)
2	324	325	1.8738364855718	color=(29,145,192)
2	325	326	1.71471102499498	color=(29,145,192)
2	326	327	2.308383106157	color=(29,145,192)
2	327	328	1.740853135128	color=(29,145,192)
2	328	329	3.2343279582746	color=(29,145,192)
2	329	330	1.4970066172058	color=(29,145,192)
2	330	331	1.2353673823594	color=(29,145,192)
2	331	332	3.133008311792	color=(29,145,192)
3	0	1	3.8193497818568	color=(34,94,168)
3	1	2	4.319033865725	color=(34,94,168)
3	2	3	3.0228816375164	color=(29,145,192)
3	3	4	3.988410828458	color=(34,94,168)
3	4	5	4.336404415021	color=(34,94,168)
3	5	6	9.55159312201	color=(8,29,88)
3	6	7	5.7292936255354	color=(37,52,148)
3	7	8	7.329791670136	color=(37,52,148)
3	8	9	6.1196068289622	color=(37,52,148)
3	9	10	6.04186254739595	color=(37,52,148)
3	10	11	7.20785081119	color=(37,52,148)
3	11	12	5.15535716332	color=(34,94,168)
3	12	13	5.2850531396814	color=(34,94,168)
3	13	14	6.2192050612796	color=(37,52,148)
3	14	15	4.711418928186	color=(34,94,168)
3	15	16	4.916026023464	color=(34,94,168)
3	16	17	4.2784337492298	color=(34,94,168)
3	17	18	4.11443723842896	color=(34,94,168)
3	18	19	7.0837452709236	color=(37,52,148)
3	19	20	4.128383964244	color=(34,94,168)
3	20	21	5.4223507267458	color=(34,94,168)
3	21	22	4.109773608051	color=(34,94,168)
3	22	23	5.8761204096478	color=(37,52,148)
3	23	24	5.203794920938	color=(34,94,168)
3	24	25	6.990749925549	color=(37,52,148)
3	25	26	3.0572828118868	color=(29,145,192)
3	26	27	4.98926083106448	color=(34,94,168)
3	27	28	5.0892015945816	color=(34,94,168)
3	28	29	3.3479404489434	color=(34,94,168)
3	29	30	2.89822546950044	color=(29,145,192)
3	30	31	4.36560691918532	color=(34,94,168)
3	31	32	6.4954357569436	color=(37,52,148)
3	32	33	4.94462301720156	color=(34,94,168)
3	33	34	6.47858370545	color=(37,52,148)
3	34	35	5.897106109796	color=(37,52,148)
3	35	36	8.8376047654854	color=(8,29,88)
3	36	37	4.6217443041142	color=(34,94,168)
3	37	38	5.3129464141498	color=(34,94,168)
3	38	39	7.7397146067366	color=(37,52,148)
3	39	40	3.87632684785268	color=(34,94,168)
3	40	41	6.680798603857	color=(37,52,148)
3	41	42	6.258009157912	color=(37,52,148)
3	42	43	4.510347494672	color=(34,94,168)
3	43	44	6.227368144438	color=(37,52,148)
3	44	45	4.4497632186304	color=(34,94,168)
3	45	46	4.3999964667194	color=(34,94,168)
3	46	47	7.32104556033111	color=(37,52,148)
3	47	48	4.1305741402814	color=(34,94,168)
3	48	49	4.5449476080132	color=(34,94,168)
3	49	50	7.3057108239374	color=(37,52,148)
3	50	51	6.4838099286123	color=(37,52,148)
3	51	52	2.93294087424	color=(29,145,192)
3	52	53	3.9445574308552	color=(34,94,168)
3	53	54	4.2048456000416	color=(34,94,168)
3	54	55	2.8046550292744	color=(29,145,192)
3	55	56	5.7502709941264	color=(37,52,148)
3	56	57	3.309385115514	color=(29,145,192)
3	57	58	4.828922911024	color=(34,94,168)
3	58	59	6.9901626190802	color=(37,52,148)
3	59	60	4.1857543592364	color=(34,94,168)
3	60	61	5.0406600493536	color=(34,94,168)
3	61	62	5.06265836516618	color=(34,94,168)
3	62	63	5.7960055257526	color=(37,52,148)
3	63	64	5.75670627947482	color=(37,52,148)
3	64	65	2.704719028524	color=(29,145,192)
3	65	66	4.2451646072338	color=(34,94,168)
3	66	67	5.795260823036	color=(37,52,148)
3	67	68	4.209336792904	color=(34,94,168)
3	68	69	3.8911080531063	color=(34,94,168)
3	69	70	3.7344884407228	color=(34,94,168)
3	70	71	3.2470937322572	color=(29,145,192)
3	71	72	5.434916710475	color=(34,94,168)
3	72	73	7.45172938209152	color=(37,52,148)
3	73	74	5.1293823731008	color=(34,94,168)
3	74	75	4.9423316892036	color=(34,94,168)
3	75	76	5.616478526323	color=(37,52,148)
3	76	77	5.0523523192574	color=(34,94,168)
3	77	78	5.4097758643418	color=(34,94,168)
3	78	79	6.3643855312918	color=(37,52,148)
3	79	80	7.2283280301522	color=(37,52,148)
3	80	81	4.804029229175	color=(34,94,168)
3	81	82	5.86079418425	color=(37,52,148)
3	82	83	5.83348303355092	color=(37,52,148)
3	83	84	4.8921379766866	color=(34,94,168)
3	84	85	6.3267870951578	color=(37,52,148)
3	85	86	5.202746549894	color=(34,94,168)
3	86	87	5.07364094964044	color=(34,94,168)
3	87	88	3.74035599614	color=(34,94,168)
3	88	89	5.083101277894	color=(34,94,168)
3	89	90	4.90735267953	color=(34,94,168)
3	90	91	7.5991706218764	color=(37,52,148)
3	91	92	3.3980467667304	color=(34,94,168)
3	92	93	5.3916718049534	color=(34,94,168)
3	93	94	3.9450903966524	color=(34,94,168)
3	94	95	6.8622054748834	color=(37,52,148)
3	95	96	6.130200147702	color=(37,52,148)
3	96	97	4.810581426524	color=(34,94,168)
3	97	98	5.474015956804	color=(34,94,168)
3	98	99	5.7691983750692	color=(37,52,148)
3	99	100	5.83427481543394	color=(37,52,148)
3	100	101	4.166247023112	color=(34,94,168)
3	101	102	4.03816532667	color=(34,94,168)
3	102	103	5.322775648368	color=(34,94,168)
3	103	104	4.0800836912106	color=(34,94,168)
3	104	105	3.466349323834	color=(34,94,168)
3	105	106	5.202475857516	color=(34,94,168)
3	106	107	6.0968175173388	color=(37,52,148)
3	107	108	8.2084133829248	color=(8,29,88)
3	108	109	3.87028593417522	color=(34,94,168)
3	109	110	5.0732720691366	color=(34,94,168)
3	110	111	5.495230542105	color=(34,94,168)
3	111	112	7.82101014996	color=(8,29,88)
3	112	113	6.287939279376	color=(37,52,148)
3	113	114	5.71766414773564	color=(37,52,148)
3	114	115	5.7128859852382	color=(37,52,148)
4	0	1	-0.1497832507848	color=(65,182,196)
4	1	2	-0.1795447255638	color=(65,182,196)
4	2	3	-0.356271588236	color=(65,182,196)
4	3	4	-1.374014830176	color=(127,205,187)
4	4	5	0.0793166155599998	color=(65,182,196)
4	5	6	-1.7649546300636	color=(127,205,187)
4	6	7	-2.1727736517638	color=(127,205,187)
4	7	8	-0.1338733389036	color=(65,182,196)
4	8	9	-2.190585880154	color=(127,205,187)
4	9	10	-0.729849518626001	color=(65,182,196)
4	10	11	-1.704033740786	color=(127,205,187)
4	11	12	0.988000588614	color=(65,182,196)
4	12	13	-1.978388995754	color=(127,205,187)
4	13	14	-0.778243034963999	color=(65,182,196)
4	14	15	-0.452661825386	color=(65,182,196)
4	15	16	-1.4806369408194	color=(127,205,187)
4	16	17	-0.0418541029605137	color=(65,182,196)
4	17	18	-0.9142604504276	color=(65,182,196)
4	18	19	-1.618191342846	color=(127,205,187)
4	19	20	-0.537593890331999	color=(65,182,196)
4	20	21	-0.631877324969999	color=(65,182,196)
4	21	22	-1.5203492430886	color=(127,205,187)
4	22	23	-0.627344519918	color=(65,182,196)
4	23	24	-0.0538178696260001	color=(65,182,196)
4	24	25	-1.730911017604	color=(127,205,187)
4	25	26	-2.166543170544	color=(127,205,187)
4	26	27	-0.867598109252	color=(65,182,196)
4	27	28	0.16245449631	color=(65,182,196)
4	28	29	-0.158342620942001	color=(65,182,196)
4	29	30	-1.960484699524	color=(127,205,187)
4	30	31	-0.510847513044601	color=(65,182,196)
4	31	32	-1.3859775220442	color=(127,205,187)
4	32	33	-0.369201579112	color=(65,182,196)
4	33	34	-1.127873373714	color=(127,205,187)
4	34	35	-0.263239937698	color=(65,182,196)
4	35	36	-1.8289691963006	color=(127,205,187)
4	36	37	-0.0725564863059995	color=(65,182,196)
4	37	38	-0.190084969421999	color=(65,182,196)
4	38	39	-0.984840707606	color=(65,182,196)
4	39	40	-1.491155045598	color=(127,205,187)
4	40	41	-1.725343666236	color=(127,205,187)
4	41	42	-0.7485923072622	color=(65,182,196)
4	42	43	-0.71912375747	color=(65,182,196)
4	43	44	-1.153568800368	color=(127,205,187)
4	44	45	-0.728540749159	color=(65,182,196)
4	45	46	-1.3985019398854	color=(127,205,187)
4	46	47	0.560329666587998	color=(65,182,196)
4	47	48	-1.066009847046	color=(65,182,196)
4	48	49	-0.500144814594	color=(65,182,196)
4	49	50	-1.2721886159266	color=(127,205,187)
4	50	51	-1.939591879176	color=(127,205,187)
4	51	52	-0.64016878418	color=(65,182,196)
4	52	53	-0.5290617702234	color=(65,182,196)
4	53	54	-1.75442163015	color=(127,205,187)
4	54	55	-0.525119958294001	color=(65,182,196)
4	55	56	-0.179654424621999	color=(65,182,196)
4	56	57	-0.424654798588	color=(65,182,196)
4	57	58	-1.395213749707	color=(127,205,187)
4	58	59	-0.822264899789799	color=(65,182,196)
4	59	60	-0.7279118559824	color=(65,182,196)
4	60	61	-1.1843669787486	color=(127,205,187)
4	61	62	-0.983236592532	color=(65,182,196)
4	62	63	-3.301428224627	color=(127,205,187)
4	63	64	0.2918637100646	color=(65,182,196)
4	64	65	-1.615010648002	color=(127,205,187)
4	65	66	-2.309596597324	color=(127,205,187)
4	66	67	-0.868370657075999	color=(65,182,196)
4	67	68	-1.543395650958	color=(127,205,187)
4	68	69	-1.252157487706	color=(127,205,187)
4	69	70	0.0276625938020008	color=(65,182,196)
4	70	71	0.0763460143813992	color=(65,182,196)
4	71	72	-2.7175477527366	color=(127,205,187)
4	72	73	-1.0331555763	color=(65,182,196)
4	73	74	-0.179380266423999	color=(65,182,196)
4	74	75	-0.32388023208	color=(65,182,196)
4	75	76	-1.489849824038	color=(127,205,187)
4	76	77	-2.8864612221806	color=(127,205,187)
4	77	78	-0.598897104382	color=(65,182,196)
4	78	79	-1.045147059516	color=(65,182,196)
5	0	1	3.197969942182	color=(29,145,192)
5	1	2	1.27702081145138	color=(29,145,192)
5	2	3	-0.102902732484	color=(65,182,196)
5	3	4	1.8112496427214	color=(29,145,192)
5	4	5	1.939330810102	color=(29,145,192)
5	5	6	2.0524863105146	color=(29,145,192)
5	6	7	2.98206809687	color=(29,145,192)
5	7	8	-0.3148305043388	color=(65,182,196)
5	8	9	3.1888031211854	color=(29,145,192)
5	9	10	3.4344187198678	color=(34,94,168)
5	10	11	3.44525415176414	color=(34,94,168)
5	11	12	3.086306291764	color=(29,145,192)
5	12	13	1.104699561822	color=(29,145,192)
5	13	14	2.429376162328	color=(29,145,192)
5	14	15	0.14928402399	color=(65,182,196)
5	15	16	2.998366458852	color=(29,145,192)
5	16	17	2.464626560328	color=(29,145,192)
5	17	18	1.306835542628	color=(29,145,192)
5	18	19	3.030675763894	color=(29,145,192)
5	19	20	3.965066184908	color=(34,94,168)
5	20	21	3.005492652292	color=(29,145,192)
5	21	22	2.09558169263	color=(29,145,192)
5	22	23	1.7444517037448	color=(29,145,192)
5	23	24	1.639457689368	color=(29,145,192)
5	24	25	3.0465594212	color=(29,145,192)
5	25	26	1.1107298898702	color=(29,145,192)
5	26	27	1.369578318272	color=(29,145,192)
5	27	28	3.424097425294	color=(34,94,168)
5	28	29	2.580288862588	color=(29,145,192)
5	29	30	2.1127960052326	color=(29,145,192)
5	30	31	2.7792276687114	color=(29,145,192)
5	31	32	3.2249370573592	color=(29,145,192)
5	32	33	1.9235212456794	color=(29,145,192)
5	33	34	0.366602386022	color=(65,182,196)
5	34	35	0.837862760288001	color=(65,182,196)
5	35	36	3.5247352320638	color=(34,94,168)
5	36	37	2.8391810994086	color=(29,145,192)
5	37	38	2.5459338226738	color=(29,145,192)
5	38	39	2.06637801501848	color=(29,145,192)
5	39	40	1.2106977411226	color=(29,145,192)
5	40	41	3.014860705496	color=(29,145,192)
5	41	42	0.54178760743	color=(65,182,196)
5	42	43	2.5917106957458	color=(29,145,192)
5	43	44	2.945036052826	color=(29,145,192)
5	44	45	2.9021164621936	color=(29,145,192)
5	45	46	2.0112198589206	color=(29,145,192)
5	46	47	1.9523978683014	color=(29,145,192)
5	47	48	0.26476479967274	color=(65,182,196)
5	48	49	1.87095226699	color=(29,145,192)
5	49	50	0.907545422434	color=(65,182,196)
5	50	51	1.597431461088	color=(29,145,192)
5	51	52	1.775531619686	color=(29,145,192)
5	52	53	2.99363704362182	color=(29,145,192)
5	53	54	2.1381813043182	color=(29,145,192)
5	54	55	2.593742588228	color=(29,145,192)
5	55	56	-0.0892969821000005	color=(65,182,196)
5	56	57	2.946444671471	color=(29,145,192)
5	57	58	3.9978664909896	color=(34,94,168)
5	58	59	3.9376492382292	color=(34,94,168)
5	59	60	2.8527285191875	color=(29,145,192)
5	60	61	2.5313775160694	color=(29,145,192)
5	61	62	1.419348361216	color=(29,145,192)
5	62	63	1.24142689800522	color=(29,145,192)
5	63	64	2.637360365682	color=(29,145,192)
5	64	65	2.534530768307	color=(29,145,192)
5	65	66	3.5890885885668	color=(34,94,168)
5	66	67	0.7564349141518	color=(65,182,196)
5	67	68	2.933756044946	color=(29,145,192)
5	68	69	1.211609624258	color=(29,145,192)
5	69	70	2.9761380426968	color=(29,145,192)
5	70	71	0.731302839666	color=(65,182,196)
5	71	72	3.15893638236026	color=(29,145,192)
5	72	73	1.301018160942	color=(29,145,192)
5	73	74	3.700413083462	color=(34,94,168)
5	74	75	3.346914375986	color=(34,94,168)
5	75	76	0.802522539488001	color=(65,182,196)
5	76	77	2.741473762934	color=(29,145,192)
5	77	78	1.307149080955	color=(29,145,192)
5	78	79	-1.06846236674	color=(65,182,196)
5	79	80	3.7492406083288	color=(34,94,168)
5	80	81	2.5819512193327	color=(29,145,192)
5	81	82	2.1483930465982	color=(29,145,192)
5	82	83	2.5781473016208	color=(29,145,192)
5	83	84	2.9671756742408	color=(29,145,192)
5	84	85	3.2547056516246	color=(29,145,192)
5	85	86	0.5995851733524	color=(65,182,196)
5	86	87	4.752961073388	color=(34,94,168)
5	87	88	0.393055970292	color=(65,182,196)
5	88	89	2.437580452773	color=(29,145,192)
5	89	90	1.078569251292	color=(65,182,196)
5	90	91	0.7257628401688	color=(65,182,196)
5	91	92	3.106227737526	color=(29,145,192)
5	92	93	1.0612976909328	color=(65,182,196)
5	93	94	1.997223203478	color=(29,145,192)
5	94	95	2.55763059753	color=(29,145,192)
5	95	96	2.45198580698276	color=(29,145,192)
5	96	97	1.8900545597808	color=(29,145,192)
5	97	98	3.15983377587	color=(29,145,192)
5	98	99	-0.3728771435944	color=(65,182,196)
5	99	100	-0.5718481066608	color=(65,182,196)
5	100	101	1.18821844457	color=(29,145,192)
5	101	102	3.61408991387722	color=(34,94,168)
5	102	103	0.99477671354	color=(65,182,196)
5	103	104	3.58927690511101	color=(34,94,168)
5	104	105	3.110240854777	color=(29,145,192)
5	105	106	2.1336349301798	color=(29,145,192)
5	106	107	0.350778340191999	color=(65,182,196)
5	107	108	1.589721471874	color=(29,145,192)
5	108	109	1.642897447096	color=(29,145,192)
5	109	110	3.223885213972	color=(29,145,192)
5	110	111	1.5978598907418	color=(29,145,192)
5	111	112	-0.7931404820064	color=(65,182,196)
5	112	113	2.141938311618	color=(29,145,192)
5	113	114	2.655044365675	color=(29,145,192)
5	114	115	2.747468283906	color=(29,145,192)
5	115	116	2.876243158692	color=(29,145,192)
5	116	117	2.060644379434	color=(29,145,192)
5	117	118	3.284857628637	color=(29,145,192)
5	118	119	2.23474558983	color=(29,145,192)
5	119	120	2.1536969861	color=(29,145,192)
5	120	121	2.1374256291674	color=(29,145,192)
5	121	122	3.618622948038	color=(34,94,168)
5	122	123	2.19412062005	color=(29,145,192)
5	123	124	1.7074676766534	color=(29,145,192)
5	124	125	2.8911249513824	color=(29,145,192)
5	125	126	3.156501374523	color=(29,145,192)
5	126	127	2.9115771046976	color=(29,145,192)
5	127	128	0.0847078380311999	color=(65,182,196)
5	128	129	1.226587888212	color=(29,145,192)
5	129	130	1.4427922255742	color=(29,145,192)
5	130	131	2.779856486946	color=(29,145,192)
5	131	132	3.532854741412	color=(34,94,168)
5	132	133	1.585604788514	color=(29,145,192)
5	133	134	2.508085349705	color=(29,145,192)
5	134	135	2.0646492641586	color=(29,145,192)
5	135	136	1.492868306827	color=(29,145,192)
5	136	137	2.6461682728004	color=(29,145,192)
5	137	138	2.4798171652228	color=(29,145,192)
5	138	139	3.24017420967	color=(29,145,192)
5	139	140	1.476656593763	color=(29,145,192)
5	140	141	2.251159012554	color=(29,145,192)
5	141	142	1.2936544822292	color=(29,145,192)
5	142	143	1.463001668865	color=(29,145,192)
5	143	144	1.989982486886	color=(29,145,192)
5	144	145	1.6773364666968	color=(29,145,192)
5	145	146	2.3436116750682	color=(29,145,192)
5	146	147	2.3520172765432	color=(29,145,192)
5	147	148	1.754576513772	color=(29,145,192)
5	148	149	2.59856070418708	color=(29,145,192)
5	149	150	1.287302264616	color=(29,145,192)
5	150	151	3.9667613427608	color=(34,94,168)
5	151	152	0.292313280434	color=(65,182,196)
5	152	153	2.796146739492	color=(29,145,192)
5	153	154	2.0801566422836	color=(29,145,192)
5	154	155	2.0662143490602	color=(29,145,192)
5	155	156	2.616363961292	color=(29,145,192)
5	156	157	3.336257365144	color=(34,94,168)
5	157	158	1.907082725196	color=(29,145,192)
5	158	159	1.3522311039566	color=(29,145,192)
5	159	160	0.907957598952	color=(65,182,196)
5	160	161	2.7226985412356	color=(29,145,192)
5	161	162	3.6986054987632	color=(34,94,168)
5	162	163	2.1232939074158	color=(29,145,192)
5	163	164	1.8225841919718	color=(29,145,192)
5	164	165	1.94865959029	color=(29,145,192)
5	165	166	2.9757868528326	color=(29,145,192)
5	166	167	3.1007703636366	color=(29,145,192)
5	167	168	2.3486772926676	color=(29,145,192)
5	168	169	2.927623902278	color=(29,145,192)
5	169	170	2.671346539274	color=(29,145,192)
5	170	171	2.133817080477	color=(29,145,192)
5	171	172	2.719725474868	color=(29,145,192)
5	172	173	2.2378111150736	color=(29,145,192)
5	173	174	2.010838559916	color=(29,145,192)
5	174	175	2.6496916822804	color=(29,145,192)
5	175	176	0.569850196182	color=(65,182,196)
5	176	177	0.76385351825	color=(65,182,196)
5	177	178	4.047057316334	color=(34,94,168)
5	178	179	-0.444500672584	color=(65,182,196)
5	179	180	2.9901578149754	color=(29,145,192)
5	180	181	2.2867143290868	color=(29,145,192)
5	181	182	2.88400146294636	color=(29,145,192)
5	182	183	2.342606445764	color=(29,145,192)
5	183	184	3.65222065633	color=(34,94,168)
5	184	185	2.1024904985034	color=(29,145,192)
5	185	186	2.914093758786	color=(29,145,192)
5	186	187	1.855253442292	color=(29,145,192)
5	187	188	2.67864465137	color=(29,145,192)
5	188	189	0.49635006409	color=(65,182,196)
5	189	190	2.7966937074002	color=(29,145,192)
5	190	191	3.935350628364	color=(34,94,168)
5	191	192	0.8907128015442	color=(65,182,196)
5	192	193	2.05791898878	color=(29,145,192)
5	193	194	1.581699988016	color=(29,145,192)
5	194	195	2.719999153145	color=(29,145,192)
5	195	196	2.335514057662	color=(29,145,192)
5	196	197	1.9625906777144	color=(29,145,192)
5	197	198	-0.0165572651752001	color=(65,182,196)
5	198	199	1.6229893457703	color=(29,145,192)
5	199	200	-1.583783013318	color=(127,205,187)
5	200	201	2.407339525152	color=(29,145,192)
5	201	202	-0.789336441669999	color=(65,182,196)
5	202	203	2.19454741045978	color=(29,145,192)
5	203	204	2.294509021724	color=(29,145,192)
5	204	205	-0.00556585368399976	color=(65,182,196)
6	0	1	3.465428394538	color=(34,94,168)
6	1	2	3.958418910346	color=(34,94,168)
6	2	3	4.1156205209748	color=(34,94,168)
6	3	4	4.417032403766	color=(34,94,168)
6	4	5	5.6866947375372	color=(37,52,148)
6	5	6	4.4490163087906	color=(34,94,168)
6	6	7	5.3277108485094	color=(34,94,168)
6	7	8	5.303956624723	color=(34,94,168)
6	8	9	5.0449047815666	color=(34,94,168)
6	9	10	3.37300901859	color=(34,94,168)
6	10	11	3.3113378356882	color=(29,145,192)
6	11	12	2.692077183326	color=(29,145,192)
6	12	13	4.8283838315352	color=(34,94,168)
6	13	14	4.6294629914352	color=(34,94,168)
6	14	15	6.0402049108836	color=(37,52,148)
6	15	16	3.133891382494	color=(29,145,192)
6	16	17	4.33385627869	color=(34,94,168)
6	17	18	4.361008147488	color=(34,94,168)
6	18	19	5.5034186922208	color=(34,94,168)
6	19	20	4.6464463686174	color=(34,94,168)
6	20	21	4.613883051234	color=(34,94,168)
6	21	22	6.680310742808	color=(37,52,148)
6	22	23	5.5854255307346	color=(37,52,148)
6	23	24	5.817403501645	color=(37,52,148)
6	24	25	3.515887943166	color=(34,94,168)
6	25	26	5.3376339229922	color=(34,94,168)
6	26	27	3.8684190498178	color=(34,94,168)
6	27	28	3.668842236104	color=(34,94,168)
6	28	29	3.8276100130542	color=(34,94,168)
6	29	30	3.926172248644	color=(34,94,168)
6	30	31	7.2385847067892	color=(37,52,148)
6	31	32	4.422177258746	color=(34,94,168)
6	32	33	6.5056138936384	color=(37,52,148)
6	33	34	5.086518439234	color=(34,94,168)
6	34	35	3.837853294926	color=(34,94,168)
6	35	36	4.419586145696	color=(34,94,168)
6	36	37	3.953602936212	color=(34,94,168)
6	37	38	4.558760198412	color=(34,94,168)
6	38	39	4.1253977031532	color=(34,94,168)
6	39	40	4.4842626204966	color=(34,94,168)
6	40	41	5.758816437184	color=(37,52,148)
6	41	42	5.93147486564	color=(37,52,148)
6	42	43	4.730845869096	color=(34,94,168)
6	43	44	5.404489086566	color=(34,94,168)
6	44	45	4.423318004308	color=(34,94,168)
6	45	46	6.18969103771	color=(37,52,148)
6	46	47	6.613068122862	color=(37,52,148)
6	47	48	6.0840017134492	color=(37,52,148)
6	48	49	4.7841794047486	color=(34,94,168)
6	49	50	5.3170506439426	color=(34,94,168)
6	50	51	5.498426459438	color=(34,94,168)
6	51	52	4.512630953604	color=(34,94,168)
6	52	53	4.3343743179096	color=(34,94,168)
6	53	54	4.870780361034	color=(34,94,168)
6	54	55	4.9180579232164	color=(34,94,168)
6	55	56	5.969959848586	color=(37,52,148)
6	56	57	4.128506111108	color=(34,94,168)
6	57	58	4.205876098808	color=(34,94,168)
6	58	59	4.803946711448	color=(34,94,168)
6	59	60	5.019391665991	color=(34,94,168)
6	60	61	3.485838267152	color=(34,94,168)
6	61	62	5.011873331458	color=(34,94,168)
6	62	63	4.6417510756284	color=(34,94,168)
6	63	64	5.562589382762	color=(37,52,148)
6	64	65	5.6797588423972	color=(37,52,148)
6	65	66	6.2192377865332	color=(37,52,148)
6	66	67	4.0859228004958	color=(34,94,168)
6	67	68	5.5266821889706	color=(34,94,168)
6	68	69	4.7511449098	color=(34,94,168)
6	69	70	6.09028831371	color=(37,52,148)
6	70	71	4.8702800311924	color=(34,94,168)
6	71	72	5.8446957547384	color=(37,52,148)
6	72	73	5.3960284536574	color=(34,94,168)
6	73	74	5.702293487094	color=(37,52,148)
6	74	75	5.6170316482198	color=(37,52,148)
6	75	76	6.673760028964	color=(37,52,148)
6	76	77	6.1957592791454	color=(37,52,148)
6	77	78	4.8121763187	color=(34,94,168)
6	78	79	6.2968577585822	color=(37,52,148)
6	79	80	4.463357841852	color=(34,94,168)
6	80	81	6.538406415732	color=(37,52,148)
6	81	82	4.88143978255	color=(34,94,168)
6	82	83	5.32484941301	color=(34,94,168)
6	83	84	4.77993418545	color=(34,94,168)
6	84	85	5.6551266709818	color=(37,52,148)
6	85	86	3.54423687923648	color=(34,94,168)
6	86	87	5.36074304183	color=(34,94,168)
6	87	88	4.9393947514496	color=(34,94,168)
6	88	89	4.6310819102516	color=(34,94,168)
6	89	90	2.750412904539	color=(29,145,192)
6	90	91	5.95545284385	color=(37,52,148)
6	91	92	5.9703180304866	color=(37,52,148)
6	92	93	3.7280638938218	color=(34,94,168)
6	93	94	4.791366700202	color=(34,94,168)
6	94	95	4.963636156362	color=(34,94,168)
6	95	96	5.99293211263336	color=(37,52,148)
6	96	97	4.885412704486	color=(34,94,168)
6	97	98	4.646331595126	color=(34,94,168)
6	98	99	3.6335132085088	color=(34,94,168)
6	99	100	6.041963163898	color=(37,52,148)
6	100	101	5.2580414892298	color=(34,94,168)
6	101	102	6.18103663800054	color=(37,52,148)
6	102	103	5.452560675108	color=(34,94,168)
6	103	104	4.5479251601608	color=(34,94,168)
6	104	105	5.07661689274366	color=(34,94,168)
6	105	106	4.926928342358	color=(34,94,168)
6	106	107	4.245674983168	color=(34,94,168)
6	107	108	5.959090944934	color=(37,52,148)
6	108	109	3.9294295687466	color=(34,94,168)
6	109	110	5.64715850259454	color=(37,52,148)
6	110	111	6.0444550738546	color=(37,52,148)
6	111	112	4.6325382110254	color=(34,94,168)
6	112	113	5.4510537762026	color=(34,94,168)
6	113	114	3.35341849537	color=(34,94,168)
6	114	115	3.5442145514934	color=(34,94,168)
6	115	116	3.572775822774	color=(34,94,168)
6	116	117	5.5483390203798	color=(37,52,148)
6	117	118	5.4690994537796	color=(34,94,168)
6	118	119	5.631231445556	color=(37,52,148)
6	119	120	5.675356534718	color=(37,52,148)
6	120	121	3.69915143041	color=(34,94,168)
6	121	122	4.915211185958	color=(34,94,168)
6	122	123	4.3284325303396	color=(34,94,168)
6	123	124	4.109466208708	color=(34,94,168)
6	124	125	5.450397792804	color=(34,94,168)
6	125	126	6.0245416036208	color=(37,52,148)
6	126	127	6.394381299264	color=(37,52,148)
6	127	128	3.703511684382	color=(34,94,168)
6	128	129	6.291428346656	color=(37,52,148)
6	129	130	5.865907068374	color=(37,52,148)
6	130	131	3.528797208248	color=(34,94,168)
6	131	132	5.801289661634	color=(37,52,148)
6	132	133	4.438669329592	color=(34,94,168)
6	133	134	4.73933346459	color=(34,94,168)
6	134	135	6.503680826278	color=(37,52,148)
6	135	136	4.003310580846	color=(34,94,168)
6	136	137	6.5173717829682	color=(37,52,148)
6	137	138	4.803218753646	color=(34,94,168)
6	138	139	6.11066224381	color=(37,52,148)
6	139	140	5.8735080535218	color=(37,52,148)
6	140	141	3.7177602959072	color=(34,94,168)
6	141	142	3.587641114022	color=(34,94,168)
6	142	143	6.938903100442	color=(37,52,148)
6	143	144	4.789067356656	color=(34,94,168)
6	144	145	5.394228641276	color=(34,94,168)
6	145	146	5.534441473778	color=(34,94,168)
6	146	147	5.9876101894234	color=(37,52,148)
6	147	148	6.076249265352	color=(37,52,148)
6	148	149	5.132408888974	color=(34,94,168)
6	149	150	5.1845017782468	color=(34,94,168)
6	150	151	4.299380530646	color=(34,94,168)
6	151	152	6.3190170236998	color=(37,52,148)
6	152	153	5.62242278818	color=(37,52,148)
6	153	154	3.740104053245	color=(34,94,168)
6	154	155	3.964826008194	color=(34,94,168)
6	155	156	3.04099769476	color=(29,145,192)
6	156	157	4.1104076854098	color=(34,94,168)
6	157	158	5.30832434077	color=(34,94,168)
6	158	159	5.259853890968	color=(34,94,168)
6	159	160	5.642213082378	color=(37,52,148)
6	160	161	4.197841164407	color=(34,94,168)
6	161	162	1.824445824397	color=(29,145,192)
6	162	163	5.533493920298	color=(34,94,168)
6	163	164	3.304766646824	color=(29,145,192)
6	164	165	4.0332425547312	color=(34,94,168)
6	165	166	5.312306353594	color=(34,94,168)
6	166	167	4.085595027208	color=(34,94,168)
6	167	168	4.2691407073612	color=(34,94,168)
6	168	169	5.841509237636	color=(37,52,148)
6	169	170	6.460712975506	color=(37,52,148)
6	170	171	5.7876347996146	color=(37,52,148)
6	171	172	6.153380280024	color=(37,52,148)
6	172	173	5.0439295948	color=(34,94,168)
6	173	174	5.99007363698	color=(37,52,148)
6	174	175	4.839008119518	color=(34,94,168)
6	175	176	3.984660659604	color=(34,94,168)
6	176	177	5.853403588592	color=(37,52,148)
6	177	178	2.613128164412	color=(29,145,192)
6	178	179	3.268953405926	color=(29,145,192)
6	179	180	5.5080231067768	color=(34,94,168)
6	180	181	4.62376158878	color=(34,94,168)
6	181	182	6.784835130152	color=(37,52,148)
6	182	183	5.8265499240456	color=(37,52,148)
6	183	184	4.3874228129506	color=(34,94,168)
6	184	185	4.346804818744	color=(34,94,168)
6	185	186	5.7614817150682	color=(37,52,148)
6	186	187	5.0152008443742	color=(34,94,168)
6	187	188	4.059398198769	color=(34,94,168)
6	188	189	6.3054576471444	color=(37,52,148)
6	189	190	6.407008872156	color=(37,52,148)
6	190	191	5.706966541048	color=(37,52,148)
6	191	192	4.693051271778	color=(34,94,168)
6	192	193	4.6399353507566	color=(34,94,168)
6	193	194	4.3024374207638	color=(34,94,168)
6	194	195	5.2726330428996	color=(34,94,168)
6	195	196	3.0999926820712	color=(29,145,192)
6	196	197	5.532492600914	color=(34,94,168)
7	0	1	6.597756373589	color=(37,52,148)
7	1	2	7.5056257588582	color=(37,52,148)
7	2	3	5.859953841204	color=(37,52,148)
7	3	4	6.1098898222906	color=(37,52,148)
7	4	5	6.334434902103	color=(37,52,148)
7	5	6	6.590899620023	color=(37,52,148)
7	6	7	6.4517442890278	color=(37,52,148)
7	7	8	6.7181684386576	color=(37,52,148)
7	8	9	6.1498730093532	color=(37,52,148)
7	9	10	7.63502104688196	color=(37,52,148)
7	10	11	6.309426244836	color=(37,52,148)
7	11	12	5.6711103458014	color=(37,52,148)
7	12	13	6.5561387963906	color=(37,52,148)
7	13	14	5.9724954409706	color=(37,52,148)
7	14	15	5.970397450934	color=(37,52,148)
7	15	16	5.78685325569464	color=(37,52,148)
7	16	17	5.549211368687	color=(37,52,148)
7	17	18	4.972326720451	color=(34,94,168)
7	18	19	6.81908922886	color=(37,52,148)
7	19	20	6.9037193122605	color=(37,52,148)
7	20	21	7.0258511244632	color=(37,52,148)
7	21	22	6.609375516845	color=(37,52,148)
7	22	23	5.779470051622	color=(37,52,148)
7	23	24	6.1838128035658	color=(37,52,148)
7	24	25	5.9032192388574	color=(37,52,148)
7	25	26	6.8255899493426	color=(37,52,148)
7	26	27	6.3883637121546	color=(37,52,148)
7	27	28	7.3580639104404	color=(37,52,148)
7	28	29	7.0004005059968	color=(37,52,148)
7	29	30	6.7875293170444	color=(37,52,148)
7	30	31	5.4953095553224	color=(34,94,168)
7	31	32	6.5869609780848	color=(37,52,148)
7	32	33	6.374295935965	color=(37,52,148)
7	33	34	6.336020864415	color=(37,52,148)
7	34	35	5.8224333466108	color=(37,52,148)
7	35	36	6.427844997901	color=(37,52,148)
7	36	37	4.759874536946	color=(34,94,168)
7	37	38	5.968779136846	color=(37,52,148)
7	38	39	8.168348683364	color=(8,29,88)
7	39	40	6.2127280310672	color=(37,52,148)
7	40	41	6.1826810363426	color=(37,52,148)
7	41	42	4.18247357605214	color=(34,94,168)
7	42	43	7.40837510527	color=(37,52,148)
7	43	44	6.2703233353734	color=(37,52,148)
7	44	45	7.63530007106628	color=(37,52,148)
7	45	46	7.7096621682588	color=(37,52,148)
7	46	47	6.2302037658918	color=(37,52,148)
7	47	48	5.8156725140568	color=(37,52,148)
7	48	49	6.94044619721584	color=(37,52,148)
7	49	50	6.3841444503824	color=(37,52,148)
7	50	51	6.0495013878354	color=(37,52,148)
7	51	52	5.55050968918898	color=(37,52,148)
7	52	53	6.50695124579386	color=(37,52,148)
7	53	54	7.29460812712806	color=(37,52,148)
7	54	55	6.5689203035834	color=(37,52,148)
7	55	56	6.7224461510326	color=(37,52,148)
7	56	57	6.2992732979042	color=(37,52,148)
7	57	58	8.1604949272148	color=(8,29,88)
7	58	59	5.7870117445228	color=(37,52,148)
7	59	60	6.701002823125	color=(37,52,148)
7	60	61	7.58295041991634	color=(37,52,148)
7	61	62	7.633036868236	color=(37,52,148)
7	62	63	5.2031143007076	color=(34,94,168)
7	63	64	6.433129214223	color=(37,52,148)
7	64	65	6.8725497073268	color=(37,52,148)
7	65	66	7.438253344174	color=(37,52,148)
7	66	67	7.0093503732828	color=(37,52,148)
7	67	68	5.834693403553	color=(37,52,148)
7	68	69	6.966304539622	color=(37,52,148)
7	69	70	8.64210143802364	color=(8,29,88)
7	70	71	6.0693133415204	color=(37,52,148)
7	71	72	8.2207177875404	color=(8,29,88)
7	72	73	5.0877200181388	color=(34,94,168)
7	73	74	7.1779173963232	color=(37,52,148)
7	74	75	5.355784611742	color=(34,94,168)
7	75	76	5.8476985602332	color=(37,52,148)
7	76	77	5.599394337318	color=(37,52,148)
7	77	78	6.421921334001	color=(37,52,148)
7	78	79	7.4704106384288	color=(37,52,148)
7	79	80	7.2344717629734	color=(37,52,148)
7	80	81	7.6370127814356	color=(37,52,148)
7	81	82	6.0332094538002	color=(37,52,148)
7	82	83	6.1765843002506	color=(37,52,148)
7	83	84	6.4722030289502	color=(37,52,148)
7	84	85	6.6358435315864	color=(37,52,148)
7	85	86	5.4898489622262	color=(34,94,168)
7	86	87	5.850679353106	color=(37,52,148)
7	87	88	5.842778035008	color=(37,52,148)
7	88	89	5.3925645349598	color=(34,94,168)
7	89	90	5.628672796016	color=(37,52,148)
7	90	91	5.91048326645843	color=(37,52,148)
7	91	92	5.6832053359638	color=(37,52,148)
7	92	93	7.52863568150626	color=(37,52,148)
7	93	94	6.4130755636222	color=(37,52,148)
7	94	95	6.1892254999122	color=(37,52,148)
7	95	96	6.4548440376548	color=(37,52,148)
7	96	97	4.869720242158	color=(34,94,168)
7	97	98	6.7148856668778	color=(37,52,148)
7	98	99	6.7386192420008	color=(37,52,148)
7	99	100	7.3056539998514	color=(37,52,148)
7	100	101	6.5199294250388	color=(37,52,148)
7	101	102	6.4427362127898	color=(37,52,148)
7	102	103	6.500742917464	color=(37,52,148)
7	103	104	5.8463052001542	color=(37,52,148)
7	104	105	5.570636501252	color=(37,52,148)
7	105	106	6.3812211365488	color=(37,52,148)
7	106	107	6.393200618802	color=(37,52,148)
7	107	108	6.15722950472	color=(37,52,148)
7	108	109	5.6997080578564	color=(37,52,148)
7	109	110	5.397710240587	color=(34,94,168)
7	110	111	4.879974763876	color=(34,94,168)
7	111	112	6.8152174472338	color=(37,52,148)
7	112	113	7.5011614803396	color=(37,52,148)
7	113	114	6.400967692146	color=(37,52,148)
7	114	115	4.876366347926	color=(34,94,168)
7	115	116	7.4145038234218	color=(37,52,148)
7	116	117	6.7825323948432	color=(37,52,148)
7	117	118	6.7959480405934	color=(37,52,148)
7	118	119	5.796342512549	color=(37,52,148)
7	119	120	7.05073972202014	color=(37,52,148)
7	120	121	5.2573852761374	color=(34,94,168)
7	121	122	6.437612393399	color=(37,52,148)
7	122	123	6.0708082030422	color=(37,52,148)
7	123	124	7.19236331919172	color=(37,52,148)
7	124	125	7.356610027117	color=(37,52,148)
7	125	126	5.343716321124	color=(34,94,168)
7	126	127	7.177445500203	color=(37,52,148)
7	127	128	6.284782819706	color=(37,52,148)
7	128	129	5.94530751304915	color=(37,52,148)
7	129	130	7.1787052550786	color=(37,52,148)
7	130	131	7.082040345518	color=(37,52,148)
7	131	132	5.7687607270194	color=(37,52,148)
7	132	133	7.31665800252446	color=(37,52,148)
7	133	134	8.233598585344	color=(8,29,88)
7	134	135	6.8627834047224	color=(37,52,148)
7	135	136	7.3233916464244	color=(37,52,148)
7	136	137	6.29539662898896	color=(37,52,148)
7	137	138	7.3534767811572	color=(37,52,148)
7	138	139	7.2170505070316	color=(37,52,148)
7	139	140	5.47324071947402	color=(34,94,168)
7	140	141	5.9301380194758	color=(37,52,148)
7	141	142	4.7093043683846	color=(34,94,168)
7	142	143	5.9157428528814	color=(37,52,148)
7	143	144	5.987181641421	color=(37,52,148)
7	144	145	7.6731543561998	color=(37,52,148)
7	145	146	7.38920368684436	color=(37,52,148)
7	146	147	5.763399258127	color=(37,52,148)
7	147	148	6.8989191463516	color=(37,52,148)
7	148	149	6.3078114437228	color=(37,52,148)
7	149	150	7.1843519552378	color=(37,52,148)
7	150	151	5.2463110295096	color=(34,94,168)
7	151	152	7.1214944357762	color=(37,52,148)
7	152	153	5.6854960752708	color=(37,52,148)
7	153	154	6.88120033152004	color=(37,52,148)
7	154	155	7.451981522442	color=(37,52,148)
7	155	156	6.9734172790254	color=(37,52,148)
8	0	1	0.04569381827526	color=(65,182,196)
8	1	2	1.19975178394458	color=(29,145,192)
8	2	3	-0.311279681974	color=(65,182,196)
8	3	4	0.9339765293934	color=(65,182,196)
8	4	5	-0.0670173611639999	color=(65,182,196)
8	5	6	-0.6927854208276	color=(65,182,196)
8	6	7	0.9977004194946	color=(65,182,196)
8	7	8	1.4360140540226	color=(29,145,192)
8	8	9	1.409804281342	color=(29,145,192)
8	9	10	1.206114487058	color=(29,145,192)
8	10	11	-0.7572615681784	color=(65,182,196)
8	11	12	0.58475872066	color=(65,182,196)
8	12	13	-0.76554038586	color=(65,182,196)
8	13	14	0.280268100422	color=(65,182,196)
8	14	15	-0.4035187034368	color=(65,182,196)
8	15	16	0.1180218235841	color=(65,182,196)
8	16	17	0.32280543970792	color=(65,182,196)
8	17	18	1.044205314658	color=(65,182,196)
8	18	19	1.40704739204	color=(29,145,192)
8	19	20	1.1812007694146	color=(29,145,192)
8	20	21	-0.7101704379954	color=(65,182,196)
8	21	22	0.69921234047124	color=(65,182,196)
8	22	23	0.566074904118	color=(65,182,196)
8	23	24	0.0326690848436	color=(65,182,196)
8	24	25	-0.43023147382	color=(65,182,196)
8	25	26	-0.0741260073068799	color=(65,182,196)
8	26	27	1.0434713989794	color=(65,182,196)
8	27	28	-0.3493805581658	color=(65,182,196)
8	28	29	0.8504062918401	color=(65,182,196)
8	29	30	0.93832332591356	color=(65,182,196)
8	30	31	0.990102867484	color=(65,182,196)
8	31	32	1.157416198755	color=(29,145,192)
8	32	33	-1.172324990674	color=(127,205,187)
8	33	34	1.4414470984458	color=(29,145,192)
8	34	35	0.3122568535592	color=(65,182,196)
8	35	36	-2.781627009788	color=(127,205,187)
8	36	37	-0.1193929916822	color=(65,182,196)
8	37	38	0.6866986649408	color=(65,182,196)
8	38	39	0.4645970037126	color=(65,182,196)
8	39	40	0.1430035692008	color=(65,182,196)
8	40	41	1.027675149804	color=(65,182,196)
8	41	42	-1.908207333072	color=(127,205,187)
8	42	43	1.518163114888	color=(29,145,192)
8	43	44	-1.612260465372	color=(127,205,187)
8	44	45	-1.439638140938	color=(127,205,187)
8	45	46	0.327367029774	color=(65,182,196)
8	46	47	-0.0363151775619999	color=(65,182,196)
8	47	48	0.42567474070258	color=(65,182,196)
8	48	49	1.257027180744	color=(29,145,192)
8	49	50	1.24812718790428	color=(29,145,192)
8	50	51	0.962920529425	color=(65,182,196)
8	51	52	1.290554950604	color=(29,145,192)
8	52	53	-3.57475854568	color=(199,233,180)
8	53	54	0.957013663620001	color=(65,182,196)
8	54	55	0.23460536519564	color=(65,182,196)
8	55	56	0.58329330733016	color=(65,182,196)
8	56	57	-0.98830615693	color=(65,182,196)
8	57	58	0.199974862528	color=(65,182,196)
8	58	59	1.357082000828	color=(29,145,192)
8	59	60	1.1147853432496	color=(29,145,192)
8	60	61	-1.654371016314	color=(127,205,187)
8	61	62	-1.1236868821096	color=(127,205,187)
8	62	63	1.513544686748	color=(29,145,192)
8	63	64	0.0920236907659993	color=(65,182,196)
8	64	65	0.4979236476294	color=(65,182,196)
8	65	66	1.8338009698902	color=(29,145,192)
8	66	67	-0.170486466786	color=(65,182,196)
8	67	68	0.22259946678408	color=(65,182,196)
8	68	69	-1.548916168912	color=(127,205,187)
8	69	70	0.94674140156	color=(65,182,196)
8	70	71	0.9175397920629	color=(65,182,196)
8	71	72	0.438803183826	color=(65,182,196)
8	72	73	1.065051649006	color=(65,182,196)
8	73	74	0.336327110555	color=(65,182,196)
8	74	75	-0.636902855486	color=(65,182,196)
8	75	76	-0.219892318244	color=(65,182,196)
8	76	77	1.26331769934161	color=(29,145,192)
8	77	78	-0.4111384020832	color=(65,182,196)
8	78	79	0.4829403891096	color=(65,182,196)
8	79	80	-0.43097532440886	color=(65,182,196)
8	80	81	1.232192165154	color=(29,145,192)
8	81	82	-0.5476615359242	color=(65,182,196)
8	82	83	0.596491316387	color=(65,182,196)
8	83	84	0.3404496875202	color=(65,182,196)
8	84	85	1.061950667102	color=(65,182,196)
8	85	86	1.425866154478	color=(29,145,192)
8	86	87	1.4168830081796	color=(29,145,192)
8	87	88	-0.551716567682	color=(65,182,196)
8	88	89	0.77823737676	color=(65,182,196)
8	89	90	-0.702637154825	color=(65,182,196)
8	90	91	-1.5063582210278	color=(127,205,187)
8	91	92	0.3099742970484	color=(65,182,196)
8	92	93	0.2266788597386	color=(65,182,196)
8	93	94	0.300709441523999	color=(65,182,196)
8	94	95	0.590728051441	color=(65,182,196)
8	95	96	0.398514775248	color=(65,182,196)
8	96	97	0.9004694565242	color=(65,182,196)
8	97	98	-0.38330104454	color=(65,182,196)
8	98	99	-1.696935707486	color=(127,205,187)
8	99	100	0.7703234953716	color=(65,182,196)
8	100	101	-0.1077004930798	color=(65,182,196)
8	101	102	-0.0389862253680002	color=(65,182,196)
8	102	103	-1.8947595668148	color=(127,205,187)
8	103	104	0.47693629485204	color=(65,182,196)
8	104	105	-0.859971168162	color=(65,182,196)
8	105	106	-0.953999938973999	color=(65,182,196)
8	106	107	-1.295913599892	color=(127,205,187)
8	107	108	1.0089257507634	color=(65,182,196)
8	108	109	0.55335297843	color=(65,182,196)
8	109	110	0.1718120515999	color=(65,182,196)
8	110	111	1.4059731314162	color=(29,145,192)
8	111	112	0.0845514159080007	color=(65,182,196)
8	112	113	-0.184811021624	color=(65,182,196)
8	113	114	0.3186483400764	color=(65,182,196)
8	114	115	0.867499025076	color=(65,182,196)
8	115	116	0.2672831262396	color=(65,182,196)
8	116	117	0.620161365804	color=(65,182,196)
8	117	118	0.429051363784001	color=(65,182,196)
8	118	119	-1.933364471554	color=(127,205,187)
8	119	120	-0.8403017886144	color=(65,182,196)
8	120	121	0.3060630282962	color=(65,182,196)
8	121	122	-0.528200220044001	color=(65,182,196)
8	122	123	-1.343839232502	color=(127,205,187)
8	123	124	0.869324855742001	color=(65,182,196)
8	124	125	-0.0438970108040007	color=(65,182,196)
8	125	126	-2.163822972458	color=(127,205,187)
8	126	127	0.644754511072	color=(65,182,196)
8	127	128	-2.641971408242	color=(127,205,187)
8	128	129	0.8271665511106	color=(65,182,196)
8	129	130	-0.20259904050332	color=(65,182,196)
8	130	131	0.87783520297	color=(65,182,196)
8	131	132	0.663825696094	color=(65,182,196)
8	132	133	0.792994226298	color=(65,182,196)
8	133	134	0.304036587352	color=(65,182,196)
8	134	135	0.977911887502	color=(65,182,196)
8	135	136	-0.407746661371999	color=(65,182,196)
8	136	137	-1.394253603992	color=(127,205,187)
8	137	138	-0.225250513475999	color=(65,182,196)
8	138	139	1.070571977932	color=(65,182,196)
8	139	140	1.080542719012	color=(65,182,196)
8	140	141	-0.7423029045794	color=(65,182,196)
8	141	142	0.907468784787	color=(65,182,196)
8	142	143	1.254388352794	color=(29,145,192)
8	143	144	1.0247579988944	color=(65,182,196)
8	144	145	-0.248623424123	color=(65,182,196)
8	145	146	-0.4725074596234	color=(65,182,196)
8	146	147	0.1086258793294	color=(65,182,196)
8	147	148	0.7533070941424	color=(65,182,196)
8	148	149	0.03658495948398	color=(65,182,196)
8	149	150	-1.02400104768	color=(65,182,196)
8	150	151	-0.5492774483326	color=(65,182,196)
8	151	152	0.0892464486420002	color=(65,182,196)
8	152	153	-1.479352591604	color=(127,205,187)
8	153	154	-0.48889239829594	color=(65,182,196)
8	154	155	-0.19320817249	color=(65,182,196)
8	155	156	-0.8397443232492	color=(65,182,196)
8	156	157	0.0191499185028	color=(65,182,196)
8	157	158	-1.151469492298	color=(127,205,187)
8	158	159	0.841821573378001	color=(65,182,196)
8	159	160	0.2201766347745	color=(65,182,196)
8	160	161	-1.979166283172	color=(127,205,187)
8	161	162	1.397269361952	color=(29,145,192)
8	162	163	0.5375810783736	color=(65,182,196)
8	163	164	-0.9929434018522	color=(65,182,196)
8	164	165	0.749551934133	color=(65,182,196)
8	165	166	-0.86627522099	color=(65,182,196)
8	166	167	1.5341692015236	color=(29,145,192)
8	167	168	-0.17428874887	color=(65,182,196)
8	168	169	-0.0749388080822	color=(65,182,196)
8	169	170	-0.15103048546984	color=(65,182,196)
8	170	171	-0.374863439422001	color=(65,182,196)
8	171	172	-1.189260263536	color=(127,205,187)
8	172	173	-0.274766198304	color=(65,182,196)
8	173	174	-0.960760524016	color=(65,182,196)
8	174	175	-1.76382352823074	color=(127,205,187)
8	175	176	0.8098018115454	color=(65,182,196)
8	176	177	-0.5594704006288	color=(65,182,196)
8	177	178	-0.4829638434196	color=(65,182,196)
8	178	179	1.47475970891	color=(29,145,192)
8	179	180	0.341411523408	color=(65,182,196)
8	180	181	-0.61646199746	color=(65,182,196)
8	181	182	-0.4245104563162	color=(65,182,196)
8	182	183	0.15928765779238	color=(65,182,196)
8	183	184	-0.34327268415	color=(65,182,196)
8	184	185	0.1967883671004	color=(65,182,196)
8	185	186	-0.3789935914988	color=(65,182,196)
8	186	187	-1.315427697696	color=(127,205,187)
8	187	188	1.713870420246	color=(29,145,192)
8	188	189	1.0015165952326	color=(65,182,196)
8	189	190	-1.019060781864	color=(65,182,196)
8	190	191	1.654931838596	color=(29,145,192)
8	191	192	0.33259036970572	color=(65,182,196)
8	192	193	-0.283146027734	color=(65,182,196)
8	193	194	0.5493646540538	color=(65,182,196)
8	194	195	-0.7994297615358	color=(65,182,196)
8	195	196	0.81981647939384	color=(65,182,196)
8	196	197	-0.973910919612	color=(65,182,196)
8	197	198	0.963238324357	color=(65,182,196)
8	198	199	0.649290688778	color=(65,182,196)
8	199	200	0.3214677008	color=(65,182,196)
8	200	201	-0.4904653148236	color=(65,182,196)
8	201	202	0.487495297048	color=(65,182,196)
8	202	203	-1.569082586332	color=(127,205,187)
8	203	204	-0.0104059530959999	color=(65,182,196)
8	204	205	-0.429535752242	color=(65,182,196)
8	205	206	-0.2880348107926	color=(65,182,196)
8	206	207	-2.879476299758	color=(127,205,187)
8	207	208	0.756780779380001	color=(65,182,196)
8	208	209	-0.1876571047862	color=(65,182,196)
8	209	210	0.7950050033976	color=(65,182,196)
8	210	211	-2.090180097264	color=(127,205,187)
8	211	212	-2.604941913566	color=(127,205,187)
8	212	213	0.949161367304001	color=(65,182,196)
8	213	214	0.486580801594	color=(65,182,196)
8	214	215	-0.4194642190938	color=(65,182,196)
8	215	216	-0.517514531894	color=(65,182,196)
8	216	217	-0.9821619591992	color=(65,182,196)
8	217	218	0.8563718452826	color=(65,182,196)
8	218	219	-1.461691810508	color=(127,205,187)
8	219	220	0.1679307774322	color=(65,182,196)
8	220	221	-1.31029936961	color=(127,205,187)
8	221	222	-0.509504105386	color=(65,182,196)
8	222	223	-1.351210676509	color=(127,205,187)
8	223	224	-0.287629788056	color=(65,182,196)
8	224	225	1.173224231302	color=(29,145,192)
8	225	226	0.5759476145624	color=(65,182,196)
8	226	227	-1.8161588805992	color=(127,205,187)
8	227	228	1.7236058503512	color=(29,145,192)
8	228	229	1.0743373421822	color=(65,182,196)
8	229	230	-0.0798577509146	color=(65,182,196)
8	230	231	-0.7143977088056	color=(65,182,196)
8	231	232	0.2231584809086	color=(65,182,196)
8	232	233	0.281669144398	color=(65,182,196)
8	233	234	0.311806356496001	color=(65,182,196)
8	234	235	-0.10554232519504	color=(65,182,196)
8	235	236	0.969435781310001	color=(65,182,196)
8	236	237	-0.0686026418939996	color=(65,182,196)
8	237	238	-0.20721504572	color=(65,182,196)
8	238	239	0.585859854160001	color=(65,182,196)
8	239	240	0.619692475621999	color=(65,182,196)
8	240	241	1.20726999008	color=(29,145,192)
8	241	242	-1.57398728699	color=(127,205,187)
8	242	243	-1.152650006986	color=(127,205,187)
8	243	244	0.444947925152	color=(65,182,196)
8	244	245	0.2827829012844	color=(65,182,196)
8	245	246	-0.866283620779999	color=(65,182,196)
8	246	247	0.61891589276204	color=(65,182,196)
8	247	248	0.4891179289822	color=(65,182,196)
8	248	249	0.2024064002018	color=(65,182,196)
8	249	250	-0.7637196038322	color=(65,182,196)
8	250	251	0.0882446087792	color=(65,182,196)
8	251	252	0.5561445125828	color=(65,182,196)
8	252	253	0.846595254288	color=(65,182,196)
8	253	254	0.493932849736	color=(65,182,196)
8	254	255	1.1116989025	color=(29,145,192)
8	255	256	-0.4326693322612	color=(65,182,196)
8	256	257	0.9720625900088	color=(65,182,196)
8	257	258	0.9072261046328	color=(65,182,196)
8	258	259	0.0813491066442	color=(65,182,196)
8	259	260	-0.6446197439612	color=(65,182,196)
8	260	261	-0.4002091780594	color=(65,182,196)
8	261	262	0.348251985149999	color=(65,182,196)
8	262	263	-0.152218459476	color=(65,182,196)
8	263	264	-2.64013071292	color=(127,205,187)
8	264	265	0.462229639448	color=(65,182,196)
8	265	266	1.32286392345	color=(29,145,192)
8	266	267	-0.509495386156	color=(65,182,196)
8	267	268	0.4262165181028	color=(65,182,196)
8	268	269	0.2738566962762	color=(65,182,196)
8	269	270	0.9440387591362	color=(65,182,196)
8	270	271	0.642125359775999	color=(65,182,196)
8	271	272	-0.377599300344	color=(65,182,196)
8	272	273	1.388174679234	color=(29,145,192)
8	273	274	-0.39190971414964	color=(65,182,196)
8	274	275	1.2501673513058	color=(29,145,192)
8	275	276	1.27171122961	color=(29,145,192)
8	276	277	1.306652443696	color=(29,145,192)
8	277	278	-1.964833334768	color=(127,205,187)
8	278	279	0.97599114613332	color=(65,182,196)
8	279	280	0.868826763968	color=(65,182,196)
8	280	281	-0.1005927644488	color=(65,182,196)
8	281	282	-0.63604471069	color=(65,182,196)
