1	0	1	1.408710180834	color=(29,145,192)
1	1	2	0.71440607658	color=(65,182,196)
1	2	3	2.73442321139	color=(29,145,192)
1	3	4	1.482837496554	color=(29,145,192)
1	4	5	1.56701266858	color=(29,145,192)
1	5	6	3.48936172518	color=(34,94,168)
1	6	7	3.273971555934	color=(29,145,192)
1	7	8	1.510329093148	color=(29,145,192)
1	8	9	-1.0113972505442	color=(65,182,196)
1	9	10	0.67157794858	color=(65,182,196)
1	10	11	5.3124693208746	color=(34,94,168)
1	11	12	2.3128761242338	color=(29,145,192)
1	12	13	1.044273387817	color=(65,182,196)
1	13	14	1.299836766998	color=(29,145,192)
1	14	15	1.41944998423	color=(29,145,192)
1	15	16	2.915088844242	color=(29,145,192)
1	16	17	2.482260150394	color=(29,145,192)
1	17	18	2.74343378064452	color=(29,145,192)
1	18	19	1.7983325145238	color=(29,145,192)
1	19	20	3.539749620316	color=(34,94,168)
1	20	21	1.9162209597	color=(29,145,192)
1	21	22	2.4848057389876	color=(29,145,192)
1	22	23	2.40257712470968	color=(29,145,192)
1	23	24	2.78599946098	color=(29,145,192)
1	24	25	0.967294734018	color=(65,182,196)
1	25	26	3.2824094204572	color=(29,145,192)
1	26	27	3.7689434290138	color=(34,94,168)
1	27	28	0.999600947104	color=(65,182,196)
1	28	29	1.121597127996	color=(29,145,192)
1	29	30	0.6482584349106	color=(65,182,196)
1	30	31	0.900796656862	color=(65,182,196)
1	31	32	2.4840602037682	color=(29,145,192)
1	32	33	1.876718802446	color=(29,145,192)
1	33	34	2.364948886234	color=(29,145,192)
1	34	35	1.64872288336	color=(29,145,192)
1	35	36	0.211269377548	color=(65,182,196)
1	36	37	1.369243964829	color=(29,145,192)
1	37	38	1.312416715578	color=(29,145,192)
1	38	39	1.521587540246	color=(29,145,192)
1	39	40	-0.0293567530760015	color=(65,182,196)
1	40	41	0.5128573610562	color=(65,182,196)
1	41	42	0.870928838108	color=(65,182,196)
1	42	43	1.91554115607	color=(29,145,192)
1	43	44	4.1708288356382	color=(34,94,168)
1	44	45	1.502843546806	color=(29,145,192)
1	45	46	3.125464835824	color=(29,145,192)
1	46	47	-1.9661222607296	color=(127,205,187)
1	47	48	1.967179641608	color=(29,145,192)
1	48	49	3.4737701440106	color=(34,94,168)
1	49	50	1.907837618658	color=(29,145,192)
1	50	51	2.035146388646	color=(29,145,192)
1	51	52	-0.0102084370959998	color=(65,182,196)
1	52	53	2.2798783898948	color=(29,145,192)
1	53	54	2.047564142266	color=(29,145,192)
1	54	55	1.534694383806	color=(29,145,192)
1	55	56	0.751949825010001	color=(65,182,196)
1	56	57	1.5945565919216	color=(29,145,192)
1	57	58	2.53307863515	color=(29,145,192)
1	58	59	2.732023929702	color=(29,145,192)
1	59	60	0.6061089856002	color=(65,182,196)
1	60	61	1.05737147836	color=(65,182,196)
1	61	62	1.5599485534606	color=(29,145,192)
1	62	63	0.612265441398	color=(65,182,196)
1	63	64	2.532128425364	color=(29,145,192)
1	64	65	0.957211623886	color=(65,182,196)
1	65	66	1.9215855007204	color=(29,145,192)
1	66	67	2.351845872416	color=(29,145,192)
1	67	68	0.884104139926	color=(65,182,196)
1	68	69	1.283831183982	color=(29,145,192)
1	69	70	2.50571847678	color=(29,145,192)
1	70	71	2.29988386712	color=(29,145,192)
1	71	72	1.34336299063	color=(29,145,192)
1	72	73	2.48696791105548	color=(29,145,192)
1	73	74	3.517277462484	color=(34,94,168)
1	74	75	1.879133724524	color=(29,145,192)
1	75	76	0.9784640907342	color=(65,182,196)
1	76	77	3.024145996544	color=(29,145,192)
1	77	78	1.88157223939	color=(29,145,192)
1	78	79	3.68952707676	color=(34,94,168)
1	79	80	4.46815262545	color=(34,94,168)
1	80	81	2.85717167100382	color=(29,145,192)
1	81	82	1.743241125346	color=(29,145,192)
1	82	83	3.2748042871288	color=(29,145,192)
1	83	84	0.5267262574368	color=(65,182,196)
1	84	85	3.5004814044296	color=(34,94,168)
1	85	86	1.085945873938	color=(65,182,196)
1	86	87	3.424107648192	color=(34,94,168)
1	87	88	-0.1788399975234	color=(65,182,196)
1	88	89	3.310746721032	color=(29,145,192)
1	89	90	0.311440480208	color=(65,182,196)
1	90	91	2.484102899694	color=(29,145,192)
1	91	92	1.9971016778366	color=(29,145,192)
1	92	93	0.802101155983999	color=(65,182,196)
1	93	94	1.63842168176	color=(29,145,192)
1	94	95	1.11249418592	color=(29,145,192)
1	95	96	0.8627977856868	color=(65,182,196)
1	96	97	2.3838819682344	color=(29,145,192)
1	97	98	1.763113640912	color=(29,145,192)
1	98	99	4.058176763014	color=(34,94,168)
1	99	100	2.84281562258	color=(29,145,192)
1	100	101	1.69794692021	color=(29,145,192)
1	101	102	2.513754387892	color=(29,145,192)
1	102	103	2.06664246854018	color=(29,145,192)
1	103	104	1.05273251412	color=(65,182,196)
1	104	105	2.336005006237	color=(29,145,192)
1	105	106	1.788184714442	color=(29,145,192)
1	106	107	1.36832564932882	color=(29,145,192)
1	107	108	2.049037260116	color=(29,145,192)
1	108	109	1.582299287874	color=(29,145,192)
1	109	110	2.74745052090448	color=(29,145,192)
1	110	111	1.326831704832	color=(29,145,192)
1	111	112	1.191985828324	color=(29,145,192)
1	112	113	2.56389071866	color=(29,145,192)
1	113	114	2.773688876576	color=(29,145,192)
1	114	115	3.561416141506	color=(34,94,168)
1	115	116	-0.4495416580816	color=(65,182,196)
1	116	117	1.9198591016994	color=(29,145,192)
1	117	118	3.728814996758	color=(34,94,168)
1	118	119	-0.74380304964838	color=(65,182,196)
1	119	120	2.331231819342	color=(29,145,192)
1	120	121	3.428929797302	color=(34,94,168)
1	121	122	3.9039951907128	color=(34,94,168)
1	122	123	3.113852464542	color=(29,145,192)
1	123	124	1.676265073058	color=(29,145,192)
1	124	125	1.29831925892426	color=(29,145,192)
1	125	126	1.1017898955432	color=(29,145,192)
1	126	127	2.3091877053226	color=(29,145,192)
1	127	128	1.93233902265	color=(29,145,192)
1	128	129	0.9722434296492	color=(65,182,196)
1	129	130	3.16257716942	color=(29,145,192)
1	130	131	2.211678757862	color=(29,145,192)
1	131	132	3.479182385548	color=(34,94,168)
1	132	133	3.00884223531	color=(29,145,192)
1	133	134	2.5870979211198	color=(29,145,192)
1	134	135	3.107222324046	color=(29,145,192)
1	135	136	3.175945735882	color=(29,145,192)
1	136	137	1.3048287766088	color=(29,145,192)
1	137	138	2.948733118436	color=(29,145,192)
1	138	139	0.57528396087904	color=(65,182,196)
1	139	140	1.3863796501818	color=(29,145,192)
1	140	141	1.682999318598	color=(29,145,192)
1	141	142	2.8618131663898	color=(29,145,192)
1	142	143	1.783415815238	color=(29,145,192)
1	143	144	1.041498255332	color=(65,182,196)
1	144	145	2.846522645786	color=(29,145,192)
1	145	146	2.929556393337	color=(29,145,192)
1	146	147	2.956035370882	color=(29,145,192)
1	147	148	1.041025659378	color=(65,182,196)
1	148	149	-0.489229941103	color=(65,182,196)
1	149	150	2.583879537694	color=(29,145,192)
1	150	151	4.425818611754	color=(34,94,168)
1	151	152	2.58932979364	color=(29,145,192)
1	152	153	1.197499137224	color=(29,145,192)
1	153	154	1.25149266213288	color=(29,145,192)
1	154	155	1.76937268413	color=(29,145,192)
1	155	156	2.95522391627	color=(29,145,192)
1	156	157	3.510857077796	color=(34,94,168)
1	157	158	2.002371548218	color=(29,145,192)
1	158	159	3.110765055916	color=(29,145,192)
1	159	160	1.348813600272	color=(29,145,192)
1	160	161	3.946025091108	color=(34,94,168)
1	161	162	-0.37464508140138	color=(65,182,196)
1	162	163	1.4438933297574	color=(29,145,192)
1	163	164	2.84592498727158	color=(29,145,192)
1	164	165	2.251371367871	color=(29,145,192)
1	165	166	1.016121415889	color=(65,182,196)
1	166	167	1.607008283152	color=(29,145,192)
1	167	168	-0.82743933453112	color=(65,182,196)
1	168	169	0.7899803038286	color=(65,182,196)
1	169	170	-0.452879306216	color=(65,182,196)
1	170	171	2.016406172726	color=(29,145,192)
1	171	172	2.695804600946	color=(29,145,192)
1	172	173	1.9322387095018	color=(29,145,192)
1	173	174	2.416441551616	color=(29,145,192)
1	174	175	2.580383523334	color=(29,145,192)
1	175	176	0.9634838083886	color=(65,182,196)
1	176	177	2.935788312859	color=(29,145,192)
1	177	178	2.786270838514	color=(29,145,192)
1	178	179	2.171434381722	color=(29,145,192)
1	179	180	1.00511653750094	color=(65,182,196)
1	180	181	2.17704838475	color=(29,145,192)
1	181	182	1.564816655474	color=(29,145,192)
1	182	183	1.493970929252	color=(29,145,192)
1	183	184	0.658864710202	color=(65,182,196)
1	184	185	1.576049496862	color=(29,145,192)
1	185	186	3.477694222418	color=(34,94,168)
1	186	187	2.07971235735874	color=(29,145,192)
1	187	188	1.9394454427376	color=(29,145,192)
1	188	189	3.8519083187958	color=(34,94,168)
1	189	190	3.96922829490496	color=(34,94,168)
1	190	191	4.19603721252	color=(34,94,168)
1	191	192	2.943886580652	color=(29,145,192)
1	192	193	1.85366078118367	color=(29,145,192)
1	193	194	2.29958114845804	color=(29,145,192)
1	194	195	3.0929733630012	color=(29,145,192)
1	195	196	2.202870357024	color=(29,145,192)
1	196	197	1.236943775276	color=(29,145,192)
1	197	198	3.6284525042102	color=(34,94,168)
1	198	199	2.2015478225392	color=(29,145,192)
1	199	200	-0.0137166001460001	color=(65,182,196)
1	200	201	1.041816967556	color=(65,182,196)
1	201	202	1.3937640064644	color=(29,145,192)
1	202	203	1.771056083222	color=(29,145,192)
1	203	204	2.5163402191324	color=(29,145,192)
1	204	205	2.66937654352554	color=(29,145,192)
1	205	206	1.230377957606	color=(29,145,192)
1	206	207	1.376580436304	color=(29,145,192)
1	207	208	2.51268007825251	color=(29,145,192)
1	208	209	2.4578169978244	color=(29,145,192)
1	209	210	0.921908124778	color=(65,182,196)
1	210	211	3.408824731448	color=(34,94,168)
1	211	212	2.43137324207	color=(29,145,192)
1	212	213	2.400718821924	color=(29,145,192)
1	213	214	0.3668396872956	color=(65,182,196)
1	214	215	2.7289322284326	color=(29,145,192)
1	215	216	1.24926658083094	color=(29,145,192)
1	216	217	3.364916260824	color=(34,94,168)
1	217	218	1.8753409669608	color=(29,145,192)
1	218	219	1.6251330913684	color=(29,145,192)
1	219	220	0.589310888168001	color=(65,182,196)
1	220	221	1.705648130104	color=(29,145,192)
1	221	222	3.5142854728454	color=(34,94,168)
1	222	223	1.080882846626	color=(65,182,196)
1	223	224	0.750515744306	color=(65,182,196)
1	224	225	1.0399530229624	color=(65,182,196)
1	225	226	2.26390156037	color=(29,145,192)
1	226	227	0.797841713862001	color=(65,182,196)
1	227	228	2.666903064304	color=(29,145,192)
1	228	229	0.8005644163654	color=(65,182,196)
1	229	230	1.188016784348	color=(29,145,192)
1	230	231	1.275688721404	color=(29,145,192)
1	231	232	1.592657757672	color=(29,145,192)
1	232	233	0.378819261766	color=(65,182,196)
1	233	234	4.111058579323	color=(34,94,168)
1	234	235	2.627383422787	color=(29,145,192)
1	235	236	6.0269549913182	color=(37,52,148)
1	236	237	1.652447036318	color=(29,145,192)
1	237	238	1.058500150928	color=(65,182,196)
1	238	239	3.562797012084	color=(34,94,168)
1	239	240	3.0653384113656	color=(29,145,192)
1	240	241	0.990710039406	color=(65,182,196)
1	241	242	2.102185225192	color=(29,145,192)
1	242	243	2.1893259400222	color=(29,145,192)
1	243	244	0.9572904704374	color=(65,182,196)
1	244	245	4.2204758124487	color=(34,94,168)
1	245	246	3.6082282873996	color=(34,94,168)
1	246	247	1.607013717484	color=(29,145,192)
1	247	248	2.60128436144	color=(29,145,192)
2	0	1	-2.0113429008578	color=(127,205,187)
2	1	2	-1.155885384452	color=(127,205,187)
2	2	3	-1.3353399712846	color=(127,205,187)
2	3	4	-2.275149804192	color=(127,205,187)
2	4	5	-2.467499499733	color=(127,205,187)
2	5	6	-3.25560485296632	color=(127,205,187)
2	6	7	-0.772862836472	color=(65,182,196)
2	7	8	-1.82186966072	color=(127,205,187)
2	8	9	-0.296559297003	color=(65,182,196)
2	9	10	-1.9633258274646	color=(127,205,187)
2	10	11	-2.72635669139	color=(127,205,187)
2	11	12	-0.425795728314	color=(65,182,196)
2	12	13	-3.0944074895668	color=(127,205,187)
2	13	14	-1.473361114572	color=(127,205,187)
2	14	15	-2.169652637364	color=(127,205,187)
2	15	16	-1.206114342422	color=(127,205,187)
2	16	17	-0.124725806368001	color=(65,182,196)
2	17	18	-2.1160089059856	color=(127,205,187)
2	18	19	-0.0703079186739988	color=(65,182,196)
2	19	20	-1.85062522521524	color=(127,205,187)
2	20	21	-2.7903239338	color=(127,205,187)
2	21	22	-0.158700767216	color=(65,182,196)
2	22	23	-1.48762035184	color=(127,205,187)
2	23	24	-0.0400333931138001	color=(65,182,196)
2	24	25	-0.0425982367577999	color=(65,182,196)
2	25	26	-1.187490983846	color=(127,205,187)
2	26	27	-1.9218995372756	color=(127,205,187)
2	27	28	-1.0407299877464	color=(65,182,196)
2	28	29	-1.253626737096	color=(127,205,187)
2	29	30	0.7787213644464	color=(65,182,196)
2	30	31	-2.119286460616	color=(127,205,187)
2	31	32	-0.919520546142074	color=(65,182,196)
2	32	33	-0.8648403453774	color=(65,182,196)
2	33	34	-1.54454322114	color=(127,205,187)
2	34	35	-1.90756667066	color=(127,205,187)
2	35	36	-3.35753638278	color=(199,233,180)
2	36	37	-0.853681371048	color=(65,182,196)
2	37	38	-2.030998239938	color=(127,205,187)
2	38	39	-2.308121693976	color=(127,205,187)
2	39	40	-2.526675419414	color=(127,205,187)
2	40	41	-1.387491476898	color=(127,205,187)
2	41	42	-2.2169395466578	color=(127,205,187)
2	42	43	-3.4466674003744	color=(199,233,180)
2	43	44	-0.96197913925594	color=(65,182,196)
2	44	45	-1.0459909880876	color=(65,182,196)
2	45	46	-2.303241336946	color=(127,205,187)
2	46	47	-1.92039303766	color=(127,205,187)
2	47	48	-1.7387111082824	color=(127,205,187)
2	48	49	-1.879880588572	color=(127,205,187)
2	49	50	-1.255088858974	color=(127,205,187)
2	50	51	-1.674968453485	color=(127,205,187)
2	51	52	-0.537891552974	color=(65,182,196)
2	52	53	-2.82989170364372	color=(127,205,187)
2	53	54	-2.6255719099428	color=(127,205,187)
2	54	55	-1.5830198219404	color=(127,205,187)
2	55	56	-2.4175302989308	color=(127,205,187)
2	56	57	-2.51845215063772	color=(127,205,187)
2	57	58	-2.245906427267	color=(127,205,187)
2	58	59	-2.1843384806418	color=(127,205,187)
2	59	60	-1.15325956022	color=(127,205,187)
2	60	61	-2.31104681121868	color=(127,205,187)
2	61	62	-1.7889919822776	color=(127,205,187)
2	62	63	0.5184881313374	color=(65,182,196)
2	63	64	-1.98354493169984	color=(127,205,187)
2	64	65	-1.035047734622	color=(65,182,196)
2	65	66	-1.188147894162	color=(127,205,187)
2	66	67	-0.808269856747	color=(65,182,196)
2	67	68	-0.9296511895854	color=(65,182,196)
2	68	69	-3.0301240100584	color=(127,205,187)
2	69	70	1.5034214406946	color=(29,145,192)
2	70	71	-3.186619223608	color=(127,205,187)
2	71	72	-2.2184114998671	color=(127,205,187)
2	72	73	-1.298095999566	color=(127,205,187)
2	73	74	-1.219535023194	color=(127,205,187)
2	74	75	-0.251110420052	color=(65,182,196)
2	75	76	-2.271690982129	color=(127,205,187)
2	76	77	-2.2836276947256	color=(127,205,187)
2	77	78	-2.52449186582	color=(127,205,187)
2	78	79	-2.118162214406	color=(127,205,187)
2	79	80	-1.817062900136	color=(127,205,187)
2	80	81	-1.684313282346	color=(127,205,187)
2	81	82	-1.2632547840156	color=(127,205,187)
2	82	83	-1.91941221011836	color=(127,205,187)
2	83	84	-1.212405283634	color=(127,205,187)
2	84	85	-1.059125534482	color=(65,182,196)
2	85	86	-2.2620734059434	color=(127,205,187)
2	86	87	-1.0026113642567	color=(65,182,196)
2	87	88	-0.561038119002	color=(65,182,196)
2	88	89	-1.735757755645	color=(127,205,187)
2	89	90	-1.066945828606	color=(65,182,196)
2	90	91	-1.9704969109764	color=(127,205,187)
2	91	92	-1.397399624272	color=(127,205,187)
2	92	93	-2.365746353136	color=(127,205,187)
2	93	94	-2.9779264221108	color=(127,205,187)
2	94	95	-1.435571311536	color=(127,205,187)
2	95	96	-2.0976864850628	color=(127,205,187)
2	96	97	-1.4190471025198	color=(127,205,187)
2	97	98	-1.7317298759038	color=(127,205,187)
2	98	99	-0.319964766726	color=(65,182,196)
2	99	100	-1.662806048212	color=(127,205,187)
2	100	101	0.220609754682	color=(65,182,196)
2	101	102	-0.691104879012	color=(65,182,196)
2	102	103	-2.5335891118112	color=(127,205,187)
2	103	104	-0.11534897109358	color=(65,182,196)
2	104	105	0.571066649106	color=(65,182,196)
2	105	106	-0.7180366110432	color=(65,182,196)
2	106	107	-1.870740415837	color=(127,205,187)
2	107	108	-1.8336896895546	color=(127,205,187)
2	108	109	-0.4884320538102	color=(65,182,196)
2	109	110	-0.5541298912468	color=(65,182,196)
2	110	111	0.93003065618394	color=(65,182,196)
2	111	112	-1.991145625434	color=(127,205,187)
2	112	113	-2.28139052258226	color=(127,205,187)
2	113	114	-2.20766560161	color=(127,205,187)
2	114	115	-2.49167546768784	color=(127,205,187)
2	115	116	-1.233169401726	color=(127,205,187)
2	116	117	-0.2144057538912	color=(65,182,196)
2	117	118	-1.0097894450876	color=(65,182,196)
2	118	119	-2.0289442826086	color=(127,205,187)
2	119	120	-1.65172263106181	color=(127,205,187)
2	120	121	-1.25702511835	color=(127,205,187)
2	121	122	-1.315393134802	color=(127,205,187)
2	122	123	-1.185140620792	color=(127,205,187)
2	123	124	-2.6449799495472	color=(127,205,187)
2	124	125	-1.0432177172892	color=(65,182,196)
2	125	126	-0.6547824719338	color=(65,182,196)
2	126	127	-1.2519975464	color=(127,205,187)
2	127	128	-1.9702299184524	color=(127,205,187)
2	128	129	-2.4119443808906	color=(127,205,187)
2	129	130	-0.365013127738	color=(65,182,196)
2	130	131	-2.4187643974778	color=(127,205,187)
2	131	132	-1.247584333548	color=(127,205,187)
2	132	133	-0.75017680852946	color=(65,182,196)
2	133	134	-2.3021542827192	color=(127,205,187)
2	134	135	-1.30036388454	color=(127,205,187)
2	135	136	-2.261625752932	color=(127,205,187)
2	136	137	-1.486160992084	color=(127,205,187)
2	137	138	0.647105001418	color=(65,182,196)
2	138	139	-1.7329969505348	color=(127,205,187)
2	139	140	-2.399636459678	color=(127,205,187)
2	140	141	-1.54485002883632	color=(127,205,187)
2	141	142	-1.8181121046262	color=(127,205,187)
2	142	143	-1.0720369685258	color=(65,182,196)
2	143	144	-1.647070610048	color=(127,205,187)
2	144	145	-1.397878309094	color=(127,205,187)
2	145	146	-1.277102702294	color=(127,205,187)
2	146	147	-1.801088441334	color=(127,205,187)
2	147	148	-3.2689918543232	color=(127,205,187)
2	148	149	-2.180728044682	color=(127,205,187)
2	149	150	-1.13399298307755	color=(127,205,187)
2	150	151	-0.6571902295514	color=(65,182,196)
2	151	152	-1.9727900268727	color=(127,205,187)
2	152	153	-2.7033281236288	color=(127,205,187)
2	153	154	-2.085482994208	color=(127,205,187)
2	154	155	-0.667381526512	color=(65,182,196)
2	155	156	-0.49863536944	color=(65,182,196)
2	156	157	-0.0293789418100001	color=(65,182,196)
2	157	158	-1.6115429769512	color=(127,205,187)
2	158	159	-1.348646893142	color=(127,205,187)
2	159	160	-1.7604570565338	color=(127,205,187)
2	160	161	-2.2229586042404	color=(127,205,187)
2	161	162	-2.4554725028922	color=(127,205,187)
2	162	163	-1.59811651675376	color=(127,205,187)
2	163	164	-1.2462510085418	color=(127,205,187)
2	164	165	-1.49729618311576	color=(127,205,187)
2	165	166	-1.687989733734	color=(127,205,187)
2	166	167	-0.41447448331	color=(65,182,196)
2	167	168	-0.8973027620094	color=(65,182,196)
2	168	169	-2.1409560194	color=(127,205,187)
2	169	170	-1.5446415773708	color=(127,205,187)
2	170	171	-1.527386623084	color=(127,205,187)
2	171	172	-2.5538081078448	color=(127,205,187)
2	172	173	-0.70763166888516	color=(65,182,196)
2	173	174	-2.0113738877484	color=(127,205,187)
2	174	175	-2.7798387478484	color=(127,205,187)
2	175	176	-1.656839059275	color=(127,205,187)
2	176	177	-2.121440291688	color=(127,205,187)
2	177	178	-0.996533975434	color=(65,182,196)
2	178	179	-2.09130286291	color=(127,205,187)
2	179	180	-2.2018050755462	color=(127,205,187)
2	180	181	-1.84574735540974	color=(127,205,187)
2	181	182	-1.14471739071466	color=(127,205,187)
2	182	183	-1.72150730810576	color=(127,205,187)
2	183	184	-2.126032700598	color=(127,205,187)
2	184	185	-1.4459224216364	color=(127,205,187)
2	185	186	-1.9493598039578	color=(127,205,187)
2	186	187	0.098159837149	color=(65,182,196)
2	187	188	-1.73792576638	color=(127,205,187)
2	188	189	-2.394207549356	color=(127,205,187)
2	189	190	-0.5367253945284	color=(65,182,196)
2	190	191	-1.744778498973	color=(127,205,187)
2	191	192	-3.07704593053	color=(127,205,187)
2	192	193	-2.663155449082	color=(127,205,187)
2	193	194	-1.7887416001216	color=(127,205,187)
2	194	195	-1.007445315718	color=(65,182,196)
2	195	196	-1.465285943572	color=(127,205,187)
2	196	197	-1.5092398343298	color=(127,205,187)
2	197	198	-3.5239367293244	color=(199,233,180)
2	198	199	0.782432344408	color=(65,182,196)
2	199	200	-2.06745149100444	color=(127,205,187)
2	200	201	-0.8297725284906	color=(65,182,196)
2	201	202	-2.5221374519786	color=(127,205,187)
2	202	203	-1.999147794754	color=(127,205,187)
2	203	204	-1.218579495508	color=(127,205,187)
2	204	205	0.181075577628	color=(65,182,196)
2	205	206	-1.781979753692	color=(127,205,187)
2	206	207	-2.2240395125152	color=(127,205,187)
2	207	208	-2.339850095312	color=(127,205,187)
2	208	209	-0.508148491734	color=(65,182,196)
2	209	210	0.132049435536	color=(65,182,196)
2	210	211	-2.6217891063262	color=(127,205,187)
2	211	212	-1.02857603200604	color=(65,182,196)
2	212	213	-0.8780146338244	color=(65,182,196)
2	213	214	-2.2864591509654	color=(127,205,187)
2	214	215	-0.468268832844	color=(65,182,196)
2	215	216	0.153894135302	color=(65,182,196)
2	216	217	0.523686633381	color=(65,182,196)
2	217	218	-0.78059742358	color=(65,182,196)
2	218	219	-0.8515085027862	color=(65,182,196)
2	219	220	-1.124325952754	color=(127,205,187)
2	220	221	-2.8256929221524	color=(127,205,187)
2	221	222	-0.5243608728547	color=(65,182,196)
2	222	223	-1.8415134305902	color=(127,205,187)
2	223	224	-3.5185480783928	color=(199,233,180)
2	224	225	0.382252533946	color=(65,182,196)
2	225	226	-1.5877855475384	color=(127,205,187)
2	226	227	-0.8222212907087	color=(65,182,196)
2	227	228	-2.24418336117	color=(127,205,187)
2	228	229	-1.212901385478	color=(127,205,187)
2	229	230	-2.836749399794	color=(127,205,187)
2	230	231	-0.235908898732001	color=(65,182,196)
2	231	232	-1.515025506706	color=(127,205,187)
2	232	233	-0.346399079044	color=(65,182,196)
2	233	234	-1.424100715184	color=(127,205,187)
2	234	235	-0.331683085008001	color=(65,182,196)
2	235	236	-1.938153455016	color=(127,205,187)
2	236	237	-0.181722004336	color=(65,182,196)
2	237	238	-0.729694211366	color=(65,182,196)
2	238	239	-2.0276105626332	color=(127,205,187)
2	239	240	-2.356164304512	color=(127,205,187)
2	240	241	-1.9159537154082	color=(127,205,187)
2	241	242	-2.4881051457146	color=(127,205,187)
2	242	243	-1.96978086938596	color=(127,205,187)
2	243	244	-0.4721626709402	color=(65,182,196)
2	244	245	-3.0307591787	color=(127,205,187)
2	245	246	-0.9896672320162	color=(65,182,196)
2	246	247	-1.6375038023131	color=(127,205,187)
2	247	248	-1.8436170340226	color=(127,205,187)
2	248	249	-1.531223421212	color=(127,205,187)
2	249	250	-2.710370418708	color=(127,205,187)
2	250	251	-2.7701368694456	color=(127,205,187)
2	251	252	-1.381428208816	color=(127,205,187)
2	252	253	-1.5418175661658	color=(127,205,187)
2	253	254	-3.2788126548052	color=(127,205,187)
2	254	255	-1.4017125728448	color=(127,205,187)
2	255	256	-0.2633778823066	color=(65,182,196)
2	256	257	-1.28914647152	color=(127,205,187)
2	257	258	-2.3776543900412	color=(127,205,187)
2	258	259	-0.399548534494	color=(65,182,196)
2	259	260	-1.927933768762	color=(127,205,187)
2	260	261	-1.3919587016548	color=(127,205,187)
2	261	262	-1.5660320054964	color=(127,205,187)
2	262	263	-2.5051493776154	color=(127,205,187)
2	263	264	-0.315806231432	color=(65,182,196)
2	264	265	-2.580250919036	color=(127,205,187)
2	265	266	-2.261501057048	color=(127,205,187)
2	266	267	-1.965859891584	color=(127,205,187)
2	267	268	-1.152554056632	color=(127,205,187)
2	268	269	-2.300194165103	color=(127,205,187)
2	269	270	-1.749664229241	color=(127,205,187)
2	270	271	-2.4024637475672	color=(127,205,187)
2	271	272	-0.726329814493	color=(65,182,196)
2	272	273	-1.407159769626	color=(127,205,187)
2	273	274	-2.278268522216	color=(127,205,187)
2	274	275	0.4835572881184	color=(65,182,196)
2	275	276	-2.2323634890234	color=(127,205,187)
2	276	277	-2.5730406146956	color=(127,205,187)
2	277	278	-0.471074686982	color=(65,182,196)
2	278	279	-2.494950451511	color=(127,205,187)
2	279	280	-1.4517891074436	color=(127,205,187)
2	280	281	-1.6219092836824	color=(127,205,187)
2	281	282	-2.55378413261	color=(127,205,187)
2	282	283	-1.1918913763314	color=(127,205,187)
2	283	284	-3.011517552932	color=(127,205,187)
2	284	285	-1.026173767711	color=(65,182,196)
2	285	286	-1.59845362797232	color=(127,205,187)
2	286	287	-1.5007977608446	color=(127,205,187)
2	287	288	-0.754115561694	color=(65,182,196)
2	288	289	-2.12080560888562	color=(127,205,187)
2	289	290	-1.13305673671976	color=(127,205,187)
2	290	291	-2.3430333717544	color=(127,205,187)
2	291	292	-1.9906366910824	color=(127,205,187)
2	292	293	-1.7846993492152	color=(127,205,187)
2	293	294	-2.733266882648	color=(127,205,187)
2	294	295	0.1566191733374	color=(65,182,196)
2	295	296	-0.733942193576	color=(65,182,196)
2	296	297	-1.6017997836684	color=(127,205,187)
2	297	298	-1.81076915362	color=(127,205,187)
2	298	299	-2.862307165088	color=(127,205,187)
2	299	300	-0.9811841056186	color=(65,182,196)
2	300	301	-2.282756063594	color=(127,205,187)
2	301	302	-0.0603250157839996	color=(65,182,196)
2	302	303	-1.85687531855532	color=(127,205,187)
2	303	304	-1.602460863314	color=(127,205,187)
2	304	305	-0.30600790166	color=(65,182,196)
2	305	306	-1.3906302895448	color=(127,205,187)
2	306	307	-1.39640279697802	color=(127,205,187)
2	307	308	-0.870173705289999	color=(65,182,196)
2	308	309	-2.2731585859686	color=(127,205,187)
2	309	310	-0.424728420188	color=(65,182,196)
2	310	311	-2.8852068593282	color=(127,205,187)
2	311	312	-0.937873065148001	color=(65,182,196)
2	312	313	-1.644447157014	color=(127,205,187)
2	313	314	-2.246576816806	color=(127,205,187)
2	314	315	-0.9358638246832	color=(65,182,196)
2	315	316	-1.495755835866	color=(127,205,187)
2	316	317	-1.4711001951256	color=(127,205,187)
2	317	318	-1.617125604856	color=(127,205,187)
2	318	319	-3.0288113699454	color=(127,205,187)
2	319	320	-1.728798394653	color=(127,205,187)
2	320	321	-1.193801677498	color=(127,205,187)
2	321	322	-0.186623006328	color=(65,182,196)
2	322	323	-1.09577603519239	color=(65,182,196)
2	323	324	-0.0248102674589601	color=(65,182,196)
2	324	325	-1.2537196560672	color=(127,205,187)
2	325	326	-1.08280886890302	color=(65,182,196)
2	326	327	-2.527361669588	color=(127,205,187)
2	327	328	-1.55839540255	color=(127,205,187)
2	328	329	-2.6415048475754	color=(127,205,187)
2	329	330	-1.2257849396452	color=(127,205,187)
2	330	331	-1.9622325949046	color=(127,205,187)
2	331	332	-0.683085091908	color=(65,182,196)
3	0	1	-3.0008511097532	color=(127,205,187)
3	1	2	-4.237724696275	color=(199,233,180)
3	2	3	-2.9251519506436	color=(127,205,187)
3	3	4	-1.990143045162	color=(127,205,187)
3	4	5	-2.775971163899	color=(127,205,187)
3	5	6	-4.1260963807	color=(199,233,180)
3	6	7	-3.0276002213946	color=(127,205,187)
3	7	8	-4.177864891204	color=(199,233,180)
3	8	9	-4.2558646386078	color=(199,233,180)
3	9	10	-4.10228843624405	color=(199,233,180)
3	10	11	-4.73225240425	color=(199,233,180)
3	11	12	-1.76341538532	color=(127,205,187)
3	12	13	-2.9458970069056	color=(127,205,187)
3	13	14	-3.7419759014604	color=(199,233,180)
3	14	15	-3.180078290734	color=(127,205,187)
3	15	16	-1.995046709366	color=(127,205,187)
3	16	17	-3.7436512180202	color=(199,233,180)
3	17	18	-2.20816905280004	color=(127,205,187)
3	18	19	-3.1518771995354	color=(127,205,187)
3	19	20	-3.373867961856	color=(199,233,180)
3	20	21	-3.4936335776942	color=(199,233,180)
3	21	22	-2.623773289509	color=(127,205,187)
3	22	23	-2.9342438035422	color=(127,205,187)
3	23	24	-3.644017598322	color=(199,233,180)
3	24	25	-2.5740605996	color=(127,205,187)
3	25	26	-2.6797793472072	color=(127,205,187)
3	26	27	-3.33189832740552	color=(127,205,187)
3	27	28	-3.2089465126984	color=(127,205,187)
3	28	29	-2.6879093908656	color=(127,205,187)
3	29	30	-3.11041841528956	color=(127,205,187)
3	30	31	-4.05107514658168	color=(199,233,180)
3	31	32	-3.1916963619304	color=(127,205,187)
3	32	33	-3.87933141359844	color=(199,233,180)
3	33	34	-3.82718360454	color=(199,233,180)
3	34	35	-3.290648456264	color=(127,205,187)
3	35	36	-3.8686492621366	color=(199,233,180)
3	36	37	-2.6469691679538	color=(127,205,187)
3	37	38	-3.2115269378392	color=(127,205,187)
3	38	39	-4.3854228481134	color=(199,233,180)
3	39	40	-4.14026083605732	color=(199,233,180)
3	40	41	-3.556069804683	color=(199,233,180)
3	41	42	-2.933446534648	color=(127,205,187)
3	42	43	-1.676561012958	color=(127,205,187)
3	43	44	-4.088345382422	color=(199,233,180)
3	44	45	-4.5910017744306	color=(199,233,180)
3	45	46	-3.3818273508366	color=(199,233,180)
3	46	47	-3.64088252799889	color=(199,233,180)
3	47	48	-2.9524074012996	color=(127,205,187)
3	48	49	-3.0389163544868	color=(127,205,187)
3	49	50	-5.0260606699296	color=(199,233,180)
3	50	51	-2.5931730362077	color=(127,205,187)
3	51	52	-2.93420195558	color=(127,205,187)
3	52	53	-4.1534278131948	color=(199,233,180)
3	53	54	-4.5501649790184	color=(199,233,180)
3	54	55	-0.9915673354456	color=(65,182,196)
3	55	56	-1.7542866626426	color=(127,205,187)
3	56	57	-3.357530403486	color=(199,233,180)
3	57	58	-4.759173234046	color=(199,233,180)
3	58	59	-3.7567160366498	color=(199,233,180)
3	59	60	-3.4900107094086	color=(199,233,180)
3	60	61	-3.2455400888444	color=(127,205,187)
3	61	62	-2.93832651701382	color=(127,205,187)
3	62	63	-2.9383302340134	color=(127,205,187)
3	63	64	-4.00250624498518	color=(199,233,180)
3	64	65	-1.831785479756	color=(127,205,187)
3	65	66	-4.1861687984852	color=(199,233,180)
3	66	67	-4.430666576634	color=(199,233,180)
3	67	68	-3.861070053446	color=(199,233,180)
3	68	69	-3.9106020795437	color=(199,233,180)
3	69	70	-3.1107772422612	color=(127,205,187)
3	70	71	-2.6643740407118	color=(127,205,187)
3	71	72	-4.13301937624	color=(199,233,180)
3	72	73	-3.44396253560848	color=(199,233,180)
3	73	74	-4.2639613922592	color=(199,233,180)
3	74	75	-3.2975104643664	color=(127,205,187)
3	75	76	-3.760757564697	color=(199,233,180)
3	76	77	-3.4122331516096	color=(199,233,180)
3	77	78	-4.0634869064772	color=(199,233,180)
3	78	79	-3.3872721102982	color=(199,233,180)
3	79	80	-3.7777220505578	color=(199,233,180)
3	80	81	-3.226244710324	color=(127,205,187)
3	81	82	-4.31609716613	color=(199,233,180)
3	82	83	-4.68065840969908	color=(199,233,180)
3	83	84	-2.8958646142734	color=(127,205,187)
3	84	85	-4.2455328438812	color=(199,233,180)
3	85	86	-2.886142634046	color=(127,205,187)
3	86	87	-2.59948370111676	color=(127,205,187)
3	87	88	-2.93805457228	color=(127,205,187)
3	88	89	-3.086169776976	color=(127,205,187)
3	89	90	-2.87696962718	color=(127,205,187)
3	90	91	-3.9501324392036	color=(199,233,180)
3	91	92	-2.5203650424716	color=(127,205,187)
3	92	93	-2.4420405767966	color=(127,205,187)
3	93	94	-2.3125248584686	color=(127,205,187)
3	94	95	-4.6585092224766	color=(199,233,180)
3	95	96	-3.794985796738	color=(199,233,180)
3	96	97	-2.848239730546	color=(127,205,187)
3	97	98	-3.167899690226	color=(127,205,187)
3	98	99	-5.6153903461768	color=(237,248,177)
3	99	100	-5.37575046758606	color=(199,233,180)
3	100	101	-2.464811339618	color=(127,205,187)
3	101	102	-2.23879987186	color=(127,205,187)
3	102	103	-4.082910538512	color=(199,233,180)
3	103	104	-3.3853436067994	color=(199,233,180)
3	104	105	-1.464613890926	color=(127,205,187)
3	105	106	-3.361210572944	color=(199,233,180)
3	106	107	-3.7220857258812	color=(199,233,180)
3	107	108	-3.6611835812452	color=(199,233,180)
3	108	109	-3.75250151172388	color=(199,233,180)
3	109	110	-3.2087442375634	color=(127,205,187)
3	110	111	-3.792762772295	color=(199,233,180)
3	111	112	-4.47953289486	color=(199,233,180)
3	112	113	-4.383294916554	color=(199,233,180)
3	113	114	-0.38964280795436	color=(65,182,196)
3	114	115	-1.4031473687618	color=(127,205,187)
4	0	1	5.7442607751352	color=(37,52,148)
4	1	2	5.8923430455462	color=(37,52,148)
4	2	3	4.793199284214	color=(34,94,168)
4	3	4	5.806180832584	color=(37,52,148)
4	4	5	6.54811047728	color=(37,52,148)
4	5	6	4.7190266325864	color=(34,94,168)
4	6	7	3.8328667935762	color=(34,94,168)
4	7	8	6.5867225762564	color=(37,52,148)
4	8	9	3.622366645016	color=(34,94,168)
4	9	10	4.279385167194	color=(34,94,168)
4	10	11	4.227637729264	color=(34,94,168)
4	11	12	4.001070960314	color=(34,94,168)
4	12	13	6.421315966186	color=(37,52,148)
4	13	14	6.144019260446	color=(37,52,148)
4	14	15	4.588241960424	color=(34,94,168)
4	15	16	4.4172874952006	color=(34,94,168)
4	16	17	6.62273103298949	color=(37,52,148)
4	17	18	5.0478456754524	color=(34,94,168)
4	18	19	6.082445857124	color=(37,52,148)
4	19	20	6.203409206468	color=(37,52,148)
4	20	21	2.13975558077	color=(29,145,192)
4	21	22	4.0286649252414	color=(34,94,168)
4	22	23	3.857671676972	color=(34,94,168)
4	23	24	6.078277436514	color=(37,52,148)
4	24	25	6.959485266936	color=(37,52,148)
4	25	26	3.866738429896	color=(34,94,168)
4	26	27	4.958100966918	color=(34,94,168)
4	27	28	6.34452855771	color=(37,52,148)
4	28	29	6.122963146898	color=(37,52,148)
4	29	30	6.759814914696	color=(37,52,148)
4	30	31	5.2715340400254	color=(34,94,168)
4	31	32	3.1396520386758	color=(29,145,192)
4	32	33	6.764742980988	color=(37,52,148)
4	33	34	4.787637054676	color=(34,94,168)
4	34	35	5.723191987162	color=(37,52,148)
4	35	36	4.9268831948094	color=(34,94,168)
4	36	37	6.386342899724	color=(37,52,148)
4	37	38	6.571197829558	color=(37,52,148)
4	38	39	5.219996878324	color=(34,94,168)
4	39	40	5.619488895162	color=(37,52,148)
4	40	41	5.339428342434	color=(34,94,168)
4	41	42	4.1994080836378	color=(34,94,168)
4	42	43	5.82876091706	color=(37,52,148)
4	43	44	4.510074578052	color=(34,94,168)
4	44	45	3.794810058421	color=(34,94,168)
4	45	46	3.6768707751846	color=(34,94,168)
4	46	47	4.515803096488	color=(34,94,168)
4	47	48	7.268450963194	color=(37,52,148)
4	48	49	5.298958353936	color=(34,94,168)
4	49	50	5.8044161941234	color=(37,52,148)
4	50	51	4.757820003044	color=(34,94,168)
4	51	52	6.0748902888	color=(37,52,148)
4	52	53	5.8456560786166	color=(37,52,148)
4	53	54	6.95443534894	color=(37,52,148)
4	54	55	5.961952045056	color=(37,52,148)
4	55	56	6.181797507428	color=(37,52,148)
4	56	57	5.453960822702	color=(34,94,168)
4	57	58	2.727274794663	color=(29,145,192)
4	58	59	6.2906011415602	color=(37,52,148)
4	59	60	4.1658884572876	color=(34,94,168)
4	60	61	6.7592351466614	color=(37,52,148)
4	61	62	6.135705909538	color=(37,52,148)
4	62	63	4.224202539392	color=(34,94,168)
4	63	64	6.8975898969446	color=(37,52,148)
4	64	65	3.798953529718	color=(34,94,168)
4	65	66	4.679625529546	color=(34,94,168)
4	66	67	5.594125321674	color=(37,52,148)
4	67	68	6.158607397172	color=(37,52,148)
4	68	69	5.036655340894	color=(34,94,168)
4	69	70	6.124631131902	color=(37,52,148)
4	70	71	6.2707325118314	color=(37,52,148)
4	71	72	4.6411571847234	color=(34,94,168)
4	72	73	3.68919638965	color=(34,94,168)
4	73	74	5.942396715726	color=(37,52,148)
4	74	75	5.34971647958	color=(34,94,168)
4	75	76	6.209483443002	color=(37,52,148)
4	76	77	4.2789222335814	color=(34,94,168)
4	77	78	4.881044200408	color=(34,94,168)
4	78	79	5.867774705074	color=(37,52,148)
5	0	1	-3.848917512768	color=(199,233,180)
5	1	2	-6.54646721134552	color=(237,248,177)
5	2	3	-3.017585702859	color=(127,205,187)
5	3	4	-3.5160281713086	color=(199,233,180)
5	4	5	-3.497218446998	color=(199,233,180)
5	5	6	-3.5865375100854	color=(199,233,180)
5	6	7	-3.47994926546	color=(199,233,180)
5	7	8	-3.7302053216928	color=(199,233,180)
5	8	9	-4.1111414507266	color=(199,233,180)
5	9	10	-4.0494065840222	color=(199,233,180)
5	10	11	-3.15214433582656	color=(127,205,187)
5	11	12	-4.446126023596	color=(199,233,180)
5	12	13	-2.940163640568	color=(127,205,187)
5	13	14	-4.514181873612	color=(199,233,180)
5	14	15	-3.14029524311	color=(127,205,187)
5	15	16	-4.230768089268	color=(199,233,180)
5	16	17	-4.263707028122	color=(199,233,180)
5	17	18	-2.727109940442	color=(127,205,187)
5	18	19	-3.558533656546	color=(199,233,180)
5	19	20	-3.974361765302	color=(199,233,180)
5	20	21	-4.865743897878	color=(199,233,180)
5	21	22	-4.06197745571	color=(199,233,180)
5	22	23	-3.9423044721252	color=(199,233,180)
5	23	24	-3.768889562332	color=(199,233,180)
5	24	25	-3.0129978889	color=(127,205,187)
5	25	26	-2.5440195182598	color=(127,205,187)
5	26	27	-3.843346800368	color=(199,233,180)
5	27	28	-5.440964466356	color=(199,233,180)
5	28	29	-3.868224733082	color=(199,233,180)
5	29	30	-3.6714660286214	color=(199,233,180)
5	30	31	-5.4265490703086	color=(199,233,180)
5	31	32	-4.4421852758008	color=(199,233,180)
5	32	33	-3.6003587716176	color=(199,233,180)
5	33	34	-3.555023779068	color=(199,233,180)
5	34	35	-2.746963465072	color=(127,205,187)
5	35	36	-4.7960974679272	color=(199,233,180)
5	36	37	-3.3588856151324	color=(199,233,180)
5	37	38	-4.0119866352662	color=(199,233,180)
5	38	39	-2.69738937298452	color=(127,205,187)
5	39	40	-3.0469553264004	color=(127,205,187)
5	40	41	-4.684698217294	color=(199,233,180)
5	41	42	-3.51958039114	color=(199,233,180)
5	42	43	-5.4019084379342	color=(199,233,180)
5	43	44	-4.503779140374	color=(199,233,180)
5	44	45	-5.1208775593184	color=(199,233,180)
5	45	46	-3.1845555493314	color=(127,205,187)
5	46	47	-3.1211727524886	color=(127,205,187)
5	47	48	-4.40425367178726	color=(199,233,180)
5	48	49	-4.33112296656	color=(199,233,180)
5	49	50	-2.222200529516	color=(127,205,187)
5	50	51	-2.620061996202	color=(127,205,187)
5	51	52	-2.902593220254	color=(127,205,187)
5	52	53	-4.07238174201818	color=(199,233,180)
5	53	54	-4.4011500310218	color=(199,233,180)
5	54	55	-3.878091600142	color=(199,233,180)
5	55	56	-3.59321130062	color=(199,233,180)
5	56	57	-4.047957388989	color=(199,233,180)
5	57	58	-5.5494788019204	color=(199,233,180)
5	58	59	-4.9871118754208	color=(199,233,180)
5	59	60	-4.6543018100625	color=(199,233,180)
5	60	61	-4.9576933297506	color=(199,233,180)
5	61	62	-3.113105505444	color=(127,205,187)
5	62	63	-4.39051027690478	color=(199,233,180)
5	63	64	-5.125312362298	color=(199,233,180)
5	64	65	-3.810574495333	color=(199,233,180)
5	65	66	-5.1019481599872	color=(199,233,180)
5	66	67	-3.4625974360582	color=(199,233,180)
5	67	68	-3.822573102954	color=(199,233,180)
5	68	69	-3.474291494042	color=(199,233,180)
5	69	70	-4.0936767710672	color=(199,233,180)
5	70	71	-3.413895695914	color=(199,233,180)
5	71	72	-2.81129156532674	color=(127,205,187)
5	72	73	-3.692911074498	color=(199,233,180)
5	73	74	-5.379397088688	color=(199,233,180)
5	74	75	-3.662555321424	color=(199,233,180)
5	75	76	-2.813963624672	color=(127,205,187)
5	76	77	-3.814207636796	color=(199,233,180)
5	77	78	-3.188267636501	color=(127,205,187)
5	78	79	-1.90470048801	color=(127,205,187)
5	79	80	-4.6111069082082	color=(199,233,180)
5	80	81	-5.8004773427143	color=(237,248,177)
5	81	82	-3.7937425326018	color=(199,233,180)
5	82	83	-4.0823212826492	color=(199,233,180)
5	83	84	-4.7375357189292	color=(199,233,180)
5	84	85	-2.0092600539454	color=(127,205,187)
5	85	86	-3.1173384971496	color=(127,205,187)
5	86	87	-4.639306037212	color=(199,233,180)
5	87	88	-2.866565614608	color=(127,205,187)
5	88	89	-4.547828717177	color=(199,233,180)
5	89	90	-3.396315034738	color=(199,233,180)
5	90	91	-3.3178102328252	color=(127,205,187)
5	91	92	-5.312133892414	color=(199,233,180)
5	92	93	-3.3463012113302	color=(199,233,180)
5	93	94	-3.703317156252	color=(199,233,180)
5	94	95	-3.78599531314	color=(199,233,180)
5	95	96	-3.40699663015404	color=(199,233,180)
5	96	97	-2.7446783979532	color=(127,205,187)
5	97	98	-5.00579890119	color=(199,233,180)
5	98	99	-2.4328832988614	color=(127,205,187)
5	99	100	-2.8053899508248	color=(127,205,187)
5	100	101	-3.45177082556	color=(199,233,180)
5	101	102	-5.99918373068278	color=(237,248,177)
5	102	103	-2.80636783956	color=(127,205,187)
5	103	104	-6.30125211095899	color=(237,248,177)
5	104	105	-4.1571454861	color=(199,233,180)
5	105	106	-2.5337231830802	color=(127,205,187)
5	106	107	-3.341941480268	color=(199,233,180)
5	107	108	-5.209704971566	color=(199,233,180)
5	108	109	-1.171291024914	color=(127,205,187)
5	109	110	-4.348385084308	color=(199,233,180)
5	110	111	-4.4877892690882	color=(199,233,180)
5	111	112	-2.6251225613634	color=(127,205,187)
5	112	113	-4.015890546092	color=(199,233,180)
5	113	114	-3.293427590666	color=(127,205,187)
5	114	115	-3.118724805574	color=(127,205,187)
5	115	116	-5.138292782228	color=(199,233,180)
5	116	117	-8.130205775386	color=(255,255,217)
5	117	118	-4.529259425351	color=(199,233,180)
5	118	119	-4.43044106503	color=(199,233,180)
5	119	120	-4.69114055672	color=(199,233,180)
5	120	121	-4.2622795562326	color=(199,233,180)
5	121	122	-4.047174036082	color=(199,233,180)
5	122	123	-4.56834222977	color=(199,233,180)
5	123	124	-2.6296537286066	color=(127,205,187)
5	124	125	-2.7101536818996	color=(127,205,187)
5	125	126	-4.880558419097	color=(199,233,180)
5	126	127	-4.2023843701224	color=(199,233,180)
5	127	128	-2.7371893552308	color=(127,205,187)
5	128	129	-3.417721737828	color=(199,233,180)
5	129	130	-1.7622222565858	color=(127,205,187)
5	130	131	-3.056302950974	color=(127,205,187)
5	131	132	-5.340871796138	color=(199,233,180)
5	132	133	-4.319786157176	color=(199,233,180)
5	133	134	-3.712419697575	color=(199,233,180)
5	134	135	-6.2709714635314	color=(237,248,177)
5	135	136	-3.992350956162	color=(199,233,180)
5	136	137	-4.3540795709016	color=(199,233,180)
5	137	138	-4.7067169502822	color=(199,233,180)
5	138	139	-2.896783609818	color=(127,205,187)
5	139	140	-2.425149683862	color=(127,205,187)
5	140	141	-4.813424786426	color=(199,233,180)
5	141	142	-3.8163510962808	color=(199,233,180)
5	142	143	-4.44126494169	color=(199,233,180)
5	143	144	-4.366017445994	color=(199,233,180)
5	144	145	-3.5127498093032	color=(199,233,180)
5	145	146	-2.8021582255828	color=(127,205,187)
5	146	147	-4.2750139881568	color=(199,233,180)
5	147	148	-4.054854968058	color=(199,233,180)
5	148	149	-3.04517643744633	color=(127,205,187)
5	149	150	-3.851046572714	color=(199,233,180)
5	150	151	-3.9638132861122	color=(199,233,180)
5	151	152	-2.468883466586	color=(127,205,187)
5	152	153	-4.690561376388	color=(199,233,180)
5	153	154	-3.2050819518764	color=(127,205,187)
5	154	155	-3.4168729801908	color=(199,233,180)
5	155	156	-4.930980017088	color=(199,233,180)
5	156	157	-5.277498306176	color=(199,233,180)
5	157	158	-3.249819948964	color=(127,205,187)
5	158	159	-3.0593510228734	color=(127,205,187)
5	159	160	-1.144724427048	color=(127,205,187)
5	160	161	-5.0220043588624	color=(199,233,180)
5	161	162	-4.9614744514498	color=(199,233,180)
5	162	163	-6.2462180456232	color=(237,248,177)
5	163	164	-4.1769705888382	color=(199,233,180)
5	164	165	-3.79054311562	color=(199,233,180)
5	165	166	-4.3347180727274	color=(199,233,180)
5	166	167	-3.9857426518564	color=(199,233,180)
5	167	168	-4.0369396846504	color=(199,233,180)
5	168	169	-3.809855347582	color=(199,233,180)
5	169	170	-2.291497760296	color=(127,205,187)
5	170	171	-5.104584611003	color=(199,233,180)
5	171	172	-4.700867051842	color=(199,233,180)
5	172	173	-2.4271782227564	color=(127,205,187)
5	173	174	-4.806805329027	color=(199,233,180)
5	174	175	-2.8957694888996	color=(127,205,187)
5	175	176	-3.341166950258	color=(199,233,180)
5	176	177	-3.50285328414	color=(199,233,180)
5	177	178	-5.154977584926	color=(199,233,180)
5	178	179	-2.918854653754	color=(127,205,187)
5	179	180	-5.1850520503046	color=(199,233,180)
5	180	181	-3.3380528840142	color=(127,205,187)
5	181	182	-4.64186823425344	color=(199,233,180)
5	182	183	-3.791655864296	color=(199,233,180)
5	183	184	-2.95482665099	color=(127,205,187)
5	184	185	-4.8736603839666	color=(199,233,180)
5	185	186	-3.527746455924	color=(199,233,180)
5	186	187	-3.929604263958	color=(199,233,180)
5	187	188	-3.50842597911	color=(199,233,180)
5	188	189	-2.53508228536	color=(127,205,187)
5	189	190	-3.0880225207738	color=(127,205,187)
5	190	191	-4.128729233726	color=(199,233,180)
5	191	192	-3.6845818842468	color=(199,233,180)
5	192	193	-3.25103964511	color=(127,205,187)
5	193	194	-2.937627951704	color=(127,205,187)
5	194	195	-5.182852901715	color=(199,233,180)
5	195	196	-4.038932879368	color=(199,233,180)
5	196	197	-2.2056834616376	color=(127,205,187)
5	197	198	-2.2798863061012	color=(127,205,187)
5	198	199	-4.3210344146962	color=(199,233,180)
5	199	200	-2.652221473698	color=(127,205,187)
5	200	201	-5.197706661148	color=(199,233,180)
5	201	202	-2.38491097313	color=(127,205,187)
5	202	203	-4.04001469614022	color=(199,233,180)
5	203	204	-3.792034220826	color=(199,233,180)
5	204	205	-1.324475229144	color=(127,205,187)
6	0	1	-3.542366565962	color=(199,233,180)
6	1	2	-5.065243896194	color=(199,233,180)
6	2	3	-3.3939472641192	color=(199,233,180)
6	3	4	-4.928074806824	color=(199,233,180)
6	4	5	-4.2339723826188	color=(199,233,180)
6	5	6	-3.6991487976394	color=(199,233,180)
6	6	7	-2.8142830354306	color=(127,205,187)
6	7	8	-3.812625263757	color=(199,233,180)
6	8	9	-2.6663634905034	color=(127,205,187)
6	9	10	-3.75250088746	color=(199,233,180)
6	10	11	-4.1092600555618	color=(199,233,180)
6	11	12	-3.174485256894	color=(127,205,187)
6	12	13	-4.2132120013208	color=(199,233,180)
6	13	14	-4.6836033439248	color=(199,233,180)
6	14	15	-5.0598743674294	color=(199,233,180)
6	15	16	-2.842505127176	color=(127,205,187)
6	16	17	-3.88711987712	color=(199,233,180)
6	17	18	-4.549076095452	color=(199,233,180)
6	18	19	-5.2580250207292	color=(199,233,180)
6	19	20	-4.7228542991826	color=(199,233,180)
6	20	21	-1.689630053006	color=(127,205,187)
6	21	22	-4.524468830152	color=(199,233,180)
6	22	23	-5.6706636227654	color=(237,248,177)
6	23	24	-5.362819180135	color=(199,233,180)
6	24	25	-4.037241772274	color=(199,233,180)
6	25	26	-4.1414280629878	color=(199,233,180)
6	26	27	-4.1622735743012	color=(199,233,180)
6	27	28	-3.198677873606	color=(127,205,187)
6	28	29	-4.9155878596158	color=(199,233,180)
6	29	30	-4.086867681206	color=(199,233,180)
6	30	31	-4.2995619493558	color=(199,233,180)
6	31	32	-3.325321486234	color=(127,205,187)
6	32	33	-4.4409196523736	color=(199,233,180)
6	33	34	-5.173940853476	color=(199,233,180)
6	34	35	-3.810389154064	color=(199,233,180)
6	35	36	-2.099716504774	color=(127,205,187)
6	36	37	-3.209424472438	color=(127,205,187)
6	37	38	-4.297032392188	color=(199,233,180)
6	38	39	-2.0991633976268	color=(127,205,187)
6	39	40	-3.6156514946144	color=(199,233,180)
6	40	41	-4.873552821676	color=(199,233,180)
6	41	42	-5.8384514366	color=(237,248,177)
6	42	43	-4.173943957234	color=(199,233,180)
6	43	44	-3.805001259774	color=(199,233,180)
6	44	45	-3.838194885002	color=(199,233,180)
6	45	46	-4.79245234327	color=(199,233,180)
6	46	47	-4.550990807988	color=(199,233,180)
6	47	48	-2.6343234173808	color=(127,205,187)
6	48	49	-1.7074345389614	color=(127,205,187)
6	49	50	-2.9768183262474	color=(127,205,187)
6	50	51	-4.999980340982	color=(199,233,180)
6	51	52	-3.863945797696	color=(199,233,180)
6	52	53	-4.4987260010104	color=(199,233,180)
6	53	54	-4.812479650496	color=(199,233,180)
6	54	55	-4.1662693349756	color=(199,233,180)
6	55	56	-4.726818144474	color=(199,233,180)
6	56	57	-3.653053277192	color=(199,233,180)
6	57	58	-3.918510559872	color=(199,233,180)
6	58	59	-4.298636023592	color=(199,233,180)
6	59	60	-3.681550093824	color=(199,233,180)
6	60	61	-4.017208884278	color=(199,233,180)
6	61	62	-5.196993971432	color=(199,233,180)
6	62	63	-3.8777460664936	color=(199,233,180)
6	63	64	-4.549437661498	color=(199,233,180)
6	64	65	-4.5618701858068	color=(199,233,180)
6	65	66	-4.6519434572128	color=(199,233,180)
6	66	67	-5.1816962963042	color=(199,233,180)
6	67	68	-3.6418245688094	color=(199,233,180)
6	68	69	-4.75792646063	color=(199,233,180)
6	69	70	-3.80501886972	color=(199,233,180)
6	70	71	-4.5821404724076	color=(199,233,180)
6	71	72	-3.5842525122016	color=(199,233,180)
6	72	73	-3.8560831065376	color=(199,233,180)
6	73	74	-4.423007919166	color=(199,233,180)
6	74	75	-4.9989489838102	color=(199,233,180)
6	75	76	-4.904145871226	color=(199,233,180)
6	76	77	-5.1582917146846	color=(199,233,180)
6	77	78	-4.29687979857	color=(199,233,180)
6	78	79	-5.3707709907578	color=(199,233,180)
6	79	80	-4.109518523148	color=(199,233,180)
6	80	81	-4.772103299768	color=(199,233,180)
6	81	82	-4.18934489478	color=(199,233,180)
6	82	83	-4.5582810986	color=(199,233,180)
6	83	84	-4.51775460889	color=(199,233,180)
6	84	85	-5.2243626360572	color=(199,233,180)
6	85	86	-1.72415503636352	color=(127,205,187)
6	86	87	-4.28101551844	color=(199,233,180)
6	87	88	-3.5005425825874	color=(199,233,180)
6	88	89	-2.9998595619924	color=(127,205,187)
6	89	90	-3.898106957461	color=(199,233,180)
6	90	91	-3.65628473999	color=(199,233,180)
6	91	92	-5.3753520572334	color=(199,233,180)
6	92	93	-1.7948473383482	color=(127,205,187)
6	93	94	-2.453892746918	color=(127,205,187)
6	94	95	-3.838463006818	color=(199,233,180)
6	95	96	-4.18999634222364	color=(199,233,180)
6	96	97	-4.875617764774	color=(199,233,180)
6	97	98	-4.168705041444	color=(199,233,180)
6	98	99	-4.7921967941012	color=(199,233,180)
6	99	100	-4.940212251722	color=(199,233,180)
6	100	101	-2.8610667253502	color=(127,205,187)
6	101	102	-4.35554086169316	color=(199,233,180)
6	102	103	-5.269218170972	color=(199,233,180)
6	103	104	-4.4820366107692	color=(199,233,180)
6	104	105	-2.99223738675634	color=(127,205,187)
6	105	106	-3.728220412532	color=(199,233,180)
6	106	107	-5.208086063172	color=(199,233,180)
6	107	108	-4.241551266276	color=(199,233,180)
6	108	109	-3.8133240186644	color=(199,233,180)
6	109	110	-4.39141936366246	color=(199,233,180)
6	110	111	-3.5569141265944	color=(199,233,180)
6	111	112	-3.1178163438146	color=(127,205,187)
6	112	113	-4.7362410408594	color=(199,233,180)
6	113	114	-3.35290300331	color=(199,233,180)
6	114	115	-3.6382294853446	color=(199,233,180)
6	115	116	-2.592367016146	color=(127,205,187)
6	116	117	-4.7889143434702	color=(199,233,180)
6	117	118	-2.9447206316904	color=(127,205,187)
6	118	119	-4.503090983664	color=(199,233,180)
6	119	120	-4.179472714492	color=(199,233,180)
6	120	121	-4.0837562229	color=(199,233,180)
6	121	122	-4.912299343552	color=(199,233,180)
6	122	123	-3.6833802928304	color=(199,233,180)
6	123	124	-1.887682997676	color=(127,205,187)
6	124	125	-3.249952864126	color=(127,205,187)
6	125	126	-3.3667558012992	color=(199,233,180)
6	126	127	-5.428310883976	color=(199,233,180)
6	127	128	-3.600034724808	color=(199,233,180)
6	128	129	-4.894116507954	color=(199,233,180)
6	129	130	-3.887097592166	color=(199,233,180)
6	130	131	-4.089480592612	color=(199,233,180)
6	131	132	-5.207401967226	color=(199,233,180)
6	132	133	-3.585601052428	color=(199,233,180)
6	133	134	-5.13362079911	color=(199,233,180)
6	134	135	-4.359763327882	color=(199,233,180)
6	135	136	-4.470690812454	color=(199,233,180)
6	136	137	-4.4616086857998	color=(199,233,180)
6	137	138	-4.804112031444	color=(199,233,180)
6	138	139	-4.65468608147	color=(199,233,180)
6	139	140	-4.3268536696642	color=(199,233,180)
6	140	141	-4.1242845762828	color=(199,233,180)
6	141	142	-3.518107818008	color=(199,233,180)
6	142	143	-4.931978044358	color=(199,233,180)
6	143	144	-4.368811675504	color=(199,233,180)
6	144	145	-4.013821558824	color=(199,233,180)
6	145	146	-5.213247755492	color=(199,233,180)
6	146	147	-4.1344271534166	color=(199,233,180)
6	147	148	-4.300308810978	color=(199,233,180)
6	148	149	-4.327200139596	color=(199,233,180)
6	149	150	-3.5881693668262	color=(199,233,180)
6	150	151	-3.108666248954	color=(127,205,187)
6	151	152	-5.3317457136402	color=(199,233,180)
6	152	153	-3.85000533383	color=(199,233,180)
6	153	154	-4.353418047445	color=(199,233,180)
6	154	155	-2.906574706386	color=(127,205,187)
6	155	156	-3.15756303635	color=(127,205,187)
6	156	157	-3.9181759511802	color=(199,233,180)
6	157	158	-2.83407421417	color=(127,205,187)
6	158	159	-4.374727801202	color=(199,233,180)
6	159	160	-5.247548699722	color=(199,233,180)
6	160	161	-4.426515952056	color=(199,233,180)
6	161	162	-3.598169763753	color=(199,233,180)
6	162	163	-4.852845622242	color=(199,233,180)
6	163	164	-3.161453522466	color=(127,205,187)
6	164	165	-4.9360013154988	color=(199,233,180)
6	165	166	-5.000253326156	color=(199,233,180)
6	166	167	-2.687869226942	color=(127,205,187)
6	167	168	-3.5410385709188	color=(199,233,180)
6	168	169	-4.919478301764	color=(199,233,180)
6	169	170	-5.185955225044	color=(199,233,180)
6	170	171	-3.7975425998214	color=(199,233,180)
6	171	172	-4.465658016036	color=(199,233,180)
6	172	173	-4.21310539586	color=(199,233,180)
6	173	174	-5.08179065096	color=(199,233,180)
6	174	175	-5.268628558432	color=(199,233,180)
6	175	176	-3.782586102066	color=(199,233,180)
6	176	177	-4.301625213118	color=(199,233,180)
6	177	178	-3.664189037428	color=(199,233,180)
6	178	179	-3.252433105724	color=(127,205,187)
6	179	180	-3.1175232845432	color=(127,205,187)
6	180	181	-1.44663054195	color=(127,205,187)
6	181	182	-4.627980159458	color=(199,233,180)
6	182	183	-4.2867596739544	color=(199,233,180)
6	183	184	-2.3711340486824	color=(127,205,187)
6	184	185	-4.738655281876	color=(199,233,180)
6	185	186	-5.5148312588028	color=(199,233,180)
6	186	187	-3.2116648591078	color=(127,205,187)
6	187	188	-2.718305109631	color=(127,205,187)
6	188	189	-5.5228653703336	color=(199,233,180)
6	189	190	-4.860112583664	color=(199,233,180)
6	190	191	-4.162069257762	color=(199,233,180)
6	191	192	-3.395114998222	color=(199,233,180)
6	192	193	-3.3417030474174	color=(199,233,180)
6	193	194	-3.5269746195552	color=(199,233,180)
6	194	195	-5.2708800662404	color=(199,233,180)
6	195	196	-4.4495564731688	color=(199,233,180)
6	196	197	-4.089626545546	color=(199,233,180)
7	0	1	-6.02953694718	color=(237,248,177)
7	1	2	-5.8903325647248	color=(237,248,177)
7	2	3	-5.875326503826	color=(237,248,177)
7	3	4	-5.3820073860094	color=(199,233,180)
7	4	5	-6.114817446666	color=(237,248,177)
7	5	6	-5.644609011866	color=(237,248,177)
7	6	7	-5.9999548956672	color=(237,248,177)
7	7	8	-6.0235395499364	color=(237,248,177)
7	8	9	-5.4387380352268	color=(199,233,180)
7	9	10	-6.14388948836804	color=(237,248,177)
7	10	11	-5.251176190574	color=(199,233,180)
7	11	12	-6.3413482130586	color=(237,248,177)
7	12	13	-6.3758519296074	color=(237,248,177)
7	13	14	-5.8125411423394	color=(237,248,177)
7	14	15	-6.523797184646	color=(237,248,177)
7	15	16	-5.67001598437236	color=(237,248,177)
7	16	17	-5.690588853803	color=(237,248,177)
7	17	18	-4.768009585168	color=(199,233,180)
7	18	19	-6.61013621464	color=(237,248,177)
7	19	20	-6.034884156477	color=(237,248,177)
7	20	21	-6.3227550148418	color=(237,248,177)
7	21	22	-5.627250779465	color=(237,248,177)
7	22	23	-4.665995000038	color=(199,233,180)
7	23	24	-5.1505968592342	color=(199,233,180)
7	24	25	-6.0665048592726	color=(237,248,177)
7	25	26	-5.6781069875374	color=(237,248,177)
7	26	27	-5.7444072893954	color=(237,248,177)
7	27	28	-5.4763390523266	color=(199,233,180)
7	28	29	-5.6689539686082	color=(237,248,177)
7	29	30	-6.7380874010156	color=(237,248,177)
7	30	31	-7.2480082324026	color=(237,248,177)
7	31	32	-6.6633356401752	color=(237,248,177)
7	32	33	-6.91787628883	color=(237,248,177)
7	33	34	-6.25860890952	color=(237,248,177)
7	34	35	-5.2289135429912	color=(199,233,180)
7	35	36	-5.570726722279	color=(237,248,177)
7	36	37	-5.506672223034	color=(199,233,180)
7	37	38	-5.364975518754	color=(199,233,180)
7	38	39	-5.411275821856	color=(199,233,180)
7	39	40	-5.6903947403628	color=(237,248,177)
7	40	41	-5.4595144594154	color=(199,233,180)
7	41	42	-6.92187790268586	color=(237,248,177)
7	42	43	-6.032592190181	color=(237,248,177)
7	43	44	-4.5143823467666	color=(199,233,180)
7	44	45	-6.78156265069172	color=(237,248,177)
7	45	46	-6.8141895545382	color=(237,248,177)
7	46	47	-5.6340240401082	color=(237,248,177)
7	47	48	-6.2071223833672	color=(237,248,177)
7	48	49	-6.62946944465616	color=(237,248,177)
7	49	50	-5.4578991075176	color=(199,233,180)
7	50	51	-5.9138585949646	color=(237,248,177)
7	51	52	-5.93352055290292	color=(237,248,177)
7	52	53	-5.98239604895714	color=(237,248,177)
7	53	54	-4.99540278776294	color=(199,233,180)
7	54	55	-5.6555076048026	color=(237,248,177)
7	55	56	-6.3528324226784	color=(237,248,177)
7	56	57	-6.2301460449018	color=(237,248,177)
7	57	58	-6.3507519424012	color=(237,248,177)
7	58	59	-6.3653106630672	color=(237,248,177)
7	59	60	-5.723905418001	color=(237,248,177)
7	60	61	-5.54645220441366	color=(199,233,180)
7	61	62	-6.077120894384	color=(237,248,177)
7	62	63	-5.6021826851564	color=(237,248,177)
7	63	64	-6.796714148277	color=(237,248,177)
7	64	65	-5.8737487061132	color=(237,248,177)
7	65	66	-4.731384256816	color=(199,233,180)
7	66	67	-6.1939349338772	color=(237,248,177)
7	67	68	-5.318727365997	color=(199,233,180)
7	68	69	-5.590933304808	color=(237,248,177)
7	69	70	-5.47965974179636	color=(199,233,180)
7	70	71	-5.6305810914496	color=(237,248,177)
7	71	72	-5.5435685070096	color=(199,233,180)
7	72	73	-7.0356931161412	color=(237,248,177)
7	73	74	-6.2927246365668	color=(237,248,177)
7	74	75	-5.420967439788	color=(199,233,180)
7	75	76	-4.5620722185968	color=(199,233,180)
7	76	77	-5.588939512902	color=(237,248,177)
7	77	78	-6.292648409769	color=(237,248,177)
7	78	79	-5.8120486292412	color=(237,248,177)
7	79	80	-6.6450544538366	color=(237,248,177)
7	80	81	-5.2478310667984	color=(199,233,180)
7	81	82	-6.0873989035598	color=(237,248,177)
7	82	83	-5.8928992077214	color=(237,248,177)
7	83	84	-5.5863647036958	color=(237,248,177)
7	84	85	-5.7518876022836	color=(237,248,177)
7	85	86	-5.1312098159818	color=(199,233,180)
7	86	87	-5.514578650044	color=(199,233,180)
7	87	88	-5.835341391682	color=(237,248,177)
7	88	89	-5.7825250650902	color=(237,248,177)
7	89	90	-5.433510690591	color=(199,233,180)
7	90	91	-6.34847261273357	color=(237,248,177)
7	91	92	-5.3124407510202	color=(199,233,180)
7	92	93	-6.11403129819804	color=(237,248,177)
7	93	94	-6.2165282051778	color=(237,248,177)
7	94	95	-5.6232002455578	color=(237,248,177)
7	95	96	-5.8151953405352	color=(237,248,177)
7	96	97	-5.371916845642	color=(199,233,180)
7	97	98	-4.8172518046322	color=(199,233,180)
7	98	99	-5.8047714729992	color=(237,248,177)
7	99	100	-6.6063505596016	color=(237,248,177)
7	100	101	-6.7495852621912	color=(237,248,177)
7	101	102	-6.3674028066302	color=(237,248,177)
7	102	103	-6.393133743026	color=(237,248,177)
7	103	104	-5.6873397607458	color=(237,248,177)
7	104	105	-5.518204010638	color=(199,233,180)
7	105	106	-5.9573324981812	color=(237,248,177)
7	106	107	-5.312408764068	color=(199,233,180)
7	107	108	-6.24218915335	color=(237,248,177)
7	108	109	-6.3011126427136	color=(237,248,177)
7	109	110	-6.712766482221	color=(237,248,177)
7	110	111	-5.412093286034	color=(199,233,180)
7	111	112	-6.8386528066602	color=(237,248,177)
7	112	113	-5.4468046483704	color=(199,233,180)
7	113	114	-6.265640172064	color=(237,248,177)
7	114	115	-5.451555463442	color=(199,233,180)
7	115	116	-6.0802429840632	color=(237,248,177)
7	116	117	-6.2800004141238	color=(237,248,177)
7	117	118	-5.4403888437146	color=(199,233,180)
7	118	119	-5.467679260621	color=(199,233,180)
7	119	120	-6.09472456217226	color=(237,248,177)
7	120	121	-5.5260437924826	color=(199,233,180)
7	121	122	-6.885213340421	color=(237,248,177)
7	122	123	-5.5665174757508	color=(237,248,177)
7	123	124	-5.45219447824788	color=(199,233,180)
7	124	125	-5.514711290963	color=(199,233,180)
7	125	126	-5.461612009356	color=(199,233,180)
7	126	127	-5.751636720454	color=(237,248,177)
7	127	128	-5.223815978474	color=(199,233,180)
7	128	129	-5.38089807231585	color=(199,233,180)
7	129	130	-5.6780093784084	color=(237,248,177)
7	130	131	-6.022701190492	color=(237,248,177)
7	131	132	-5.2332281176266	color=(199,233,180)
7	132	133	-6.10042888111484	color=(237,248,177)
7	133	134	-4.558750154806	color=(199,233,180)
7	134	135	-6.2361289631776	color=(237,248,177)
7	135	136	-5.3084109053756	color=(199,233,180)
7	136	137	-4.78829492715384	color=(199,233,180)
7	137	138	-6.4777659906928	color=(237,248,177)
7	138	139	-5.6861064592734	color=(237,248,177)
7	139	140	-4.98027209531107	color=(199,233,180)
7	140	141	-5.1089622305242	color=(199,233,180)
7	141	142	-5.2240828501354	color=(199,233,180)
7	142	143	-5.4356604756486	color=(199,233,180)
7	143	144	-4.547447632879	color=(199,233,180)
7	144	145	-5.6650455711412	color=(237,248,177)
7	145	146	-6.12459437130314	color=(237,248,177)
7	146	147	-5.735872518803	color=(237,248,177)
7	147	148	-5.6377092738144	color=(237,248,177)
7	148	149	-5.0423905221972	color=(199,233,180)
7	149	150	-6.0001985046522	color=(237,248,177)
7	150	151	-5.2693188517004	color=(199,233,180)
7	151	152	-3.8164998420938	color=(199,233,180)
7	152	153	-4.7508593965332	color=(199,233,180)
7	153	154	-5.96838299087696	color=(237,248,177)
7	154	155	-5.976023285878	color=(237,248,177)
7	155	156	-5.2591820251646	color=(199,233,180)
8	0	1	-0.75879400588474	color=(65,182,196)
8	1	2	-0.37624689171732	color=(65,182,196)
8	2	3	1.042793323536	color=(65,182,196)
8	3	4	-1.2665458899616	color=(127,205,187)
8	4	5	1.674810870396	color=(29,145,192)
8	5	6	-1.9196677535326	color=(127,205,187)
8	6	7	-1.2330204066734	color=(127,205,187)
8	7	8	0.6975509124326	color=(65,182,196)
8	8	9	-0.0928364478280002	color=(65,182,196)
8	9	10	-1.367086708612	color=(127,205,187)
8	10	11	1.0385990010116	color=(65,182,196)
8	11	12	-0.801521943540001	color=(65,182,196)
8	12	13	1.31925395972	color=(29,145,192)
8	13	14	1.863748302942	color=(29,145,192)
8	14	15	-1.8637487870568	color=(127,205,187)
8	15	16	-1.2693367310314	color=(127,205,187)
8	16	17	-2.16599124060648	color=(127,205,187)
8	17	18	1.209520319688	color=(29,145,192)
8	18	19	1.452340783	color=(29,145,192)
8	19	20	0.1906104255076	color=(65,182,196)
8	20	21	0.2288180659706	color=(65,182,196)
8	21	22	-0.92192584634676	color=(65,182,196)
8	22	23	-0.448699719842	color=(65,182,196)
8	23	24	-0.7638301964234	color=(65,182,196)
8	24	25	2.95812233476	color=(29,145,192)
8	25	26	-0.69144260069588	color=(65,182,196)
8	26	27	-2.3889785944976	color=(127,205,187)
8	27	28	-1.2229362398528	color=(127,205,187)
8	28	29	-1.0738149477389	color=(65,182,196)
8	29	30	-0.95355850836464	color=(65,182,196)
8	30	31	-0.566553937296	color=(65,182,196)
8	31	32	-1.195122658536	color=(127,205,187)
8	32	33	0.719254563625999	color=(65,182,196)
8	33	34	0.5491407230558	color=(65,182,196)
8	34	35	-1.8905355881688	color=(127,205,187)
8	35	36	1.012608880582	color=(65,182,196)
8	36	37	-1.2783931741402	color=(127,205,187)
8	37	38	-0.2952598332782	color=(65,182,196)
8	38	39	1.1588376728626	color=(29,145,192)
8	39	40	0.3673514066568	color=(65,182,196)
8	40	41	-0.149998342296	color=(65,182,196)
8	41	42	0.949188921838001	color=(65,182,196)
8	42	43	1.497965968728	color=(29,145,192)
8	43	44	-0.380612578101999	color=(65,182,196)
8	44	45	0.307575126422	color=(65,182,196)
8	45	46	-1.081663668666	color=(65,182,196)
8	46	47	1.512420388228	color=(29,145,192)
8	47	48	0.69403619718158	color=(65,182,196)
8	48	49	0.601895550114	color=(65,182,196)
8	49	50	-0.74145623058272	color=(65,182,196)
8	50	51	-1.203505010496	color=(127,205,187)
8	51	52	-0.376326600836	color=(65,182,196)
8	52	53	0.722288097490001	color=(65,182,196)
8	53	54	0.46642187781	color=(65,182,196)
8	54	55	2.03112933015684	color=(29,145,192)
8	55	56	-1.50561624862084	color=(127,205,187)
8	56	57	-0.291340000843	color=(65,182,196)
8	57	58	-1.059825057512	color=(65,182,196)
8	58	59	-0.418320236402	color=(65,182,196)
8	59	60	-0.9552588209284	color=(65,182,196)
8	60	61	-0.166098433844	color=(65,182,196)
8	61	62	-0.2251446249626	color=(65,182,196)
8	62	63	-0.352624238242	color=(65,182,196)
8	63	64	-0.630187630814	color=(65,182,196)
8	64	65	-1.7460400186776	color=(127,205,187)
8	65	66	0.5669317245302	color=(65,182,196)
8	66	67	-1.399718987966	color=(127,205,187)
8	67	68	-0.31807244493002	color=(65,182,196)
8	68	69	-0.751734427912	color=(65,182,196)
8	69	70	0.22954413566	color=(65,182,196)
8	70	71	-1.2181597528141	color=(127,205,187)
8	71	72	-0.843350031784	color=(65,182,196)
8	72	73	0.625908240306	color=(65,182,196)
8	73	74	0.0134914309950003	color=(65,182,196)
8	74	75	0.798468978134	color=(65,182,196)
8	75	76	-1.487920982374	color=(127,205,187)
8	76	77	-0.109753975275388	color=(65,182,196)
8	77	78	-2.0285046606222	color=(127,205,187)
8	78	79	-1.8109313664904	color=(127,205,187)
8	79	80	-0.65431362031086	color=(65,182,196)
8	80	81	-0.448338998146001	color=(65,182,196)
8	81	82	-0.8300717521332	color=(65,182,196)
8	82	83	-0.735147653699	color=(65,182,196)
8	83	84	-1.3041132946638	color=(127,205,187)
8	84	85	0.847499382512	color=(65,182,196)
8	85	86	-0.640134319562	color=(65,182,196)
8	86	87	-0.8786472023364	color=(65,182,196)
8	87	88	-0.979370869212	color=(65,182,196)
8	88	89	-1.05050702274	color=(65,182,196)
8	89	90	-0.419124624455	color=(65,182,196)
8	90	91	-0.0998667039168	color=(65,182,196)
8	91	92	-2.1387893814496	color=(127,205,187)
8	92	93	-1.9629469628814	color=(127,205,187)
8	93	94	-1.642022022136	color=(127,205,187)
8	94	95	-1.898045106617	color=(127,205,187)
8	95	96	0.323548445548	color=(65,182,196)
8	96	97	-0.9072738185298	color=(65,182,196)
8	97	98	0.42247283099	color=(65,182,196)
8	98	99	0.354389374704001	color=(65,182,196)
8	99	100	-1.7886907159314	color=(127,205,187)
8	100	101	1.2190578913992	color=(29,145,192)
8	101	102	1.446638754752	color=(29,145,192)
8	102	103	-0.0194327254037998	color=(65,182,196)
8	103	104	-1.04698447127896	color=(65,182,196)
8	104	105	-0.509002844502	color=(65,182,196)
8	105	106	0.870903546936001	color=(65,182,196)
8	106	107	0.499048486297999	color=(65,182,196)
8	107	108	-1.6138370549266	color=(127,205,187)
8	108	109	-0.41896198191	color=(65,182,196)
8	109	110	-1.5092276716181	color=(127,205,187)
8	110	111	-0.1925331780858	color=(65,182,196)
8	111	112	-0.572876383062	color=(65,182,196)
8	112	113	-0.289131229294	color=(65,182,196)
8	113	114	-1.1771513904636	color=(127,205,187)
8	114	115	-1.322901392104	color=(127,205,187)
8	115	116	-0.9591925381354	color=(65,182,196)
8	116	117	-1.143145372086	color=(127,205,187)
8	117	118	-1.822644911066	color=(127,205,187)
8	118	119	0.917403948006	color=(65,182,196)
8	119	120	-0.4628860745904	color=(65,182,196)
8	120	121	0.7554665751462	color=(65,182,196)
8	121	122	1.438151333726	color=(29,145,192)
8	122	123	1.182639691188	color=(29,145,192)
8	123	124	-0.897342357477999	color=(65,182,196)
8	124	125	0.803439139156	color=(65,182,196)
8	125	126	0.129618309322	color=(65,182,196)
8	126	127	0.839132828062	color=(65,182,196)
8	127	128	1.222225719698	color=(29,145,192)
8	128	129	-1.6343953442034	color=(127,205,187)
8	129	130	0.95149118251968	color=(65,182,196)
8	130	131	-0.78551985467	color=(65,182,196)
8	131	132	1.763984225844	color=(29,145,192)
8	132	133	-1.136138699272	color=(127,205,187)
8	133	134	-1.418149140218	color=(127,205,187)
8	134	135	-1.347766396998	color=(127,205,187)
8	135	136	-0.733995427651999	color=(65,182,196)
8	136	137	0.391941146148	color=(65,182,196)
8	137	138	-1.427182075956	color=(127,205,187)
8	138	139	-0.553203868078	color=(65,182,196)
8	139	140	0.564883560792	color=(65,182,196)
8	140	141	1.0353143158106	color=(65,182,196)
8	141	142	-0.349968721383	color=(65,182,196)
8	142	143	-0.465666588126	color=(65,182,196)
8	143	144	-0.9947702205746	color=(65,182,196)
8	144	145	0.857300113737	color=(65,182,196)
8	145	146	0.8425748867706	color=(65,182,196)
8	146	147	-1.4107726165976	color=(127,205,187)
8	147	148	-1.3901691237986	color=(127,205,187)
8	148	149	-0.68246358735602	color=(65,182,196)
8	149	150	-0.97773663161	color=(65,182,196)
8	150	151	-2.3584528618586	color=(127,205,187)
8	151	152	0.943420546362001	color=(65,182,196)
8	152	153	0.126601707276	color=(65,182,196)
8	153	154	1.15897641576006	color=(29,145,192)
8	154	155	-1.5504475809	color=(127,205,187)
8	155	156	-0.7429160622162	color=(65,182,196)
8	156	157	-2.2757839281212	color=(127,205,187)
8	157	158	1.365545602082	color=(29,145,192)
8	158	159	-0.761193795022001	color=(65,182,196)
8	159	160	0.5818585610787	color=(65,182,196)
8	160	161	-1.070820821562	color=(65,182,196)
8	161	162	0.504587818322	color=(65,182,196)
8	162	163	-2.3397285216964	color=(127,205,187)
8	163	164	-0.4024105113602	color=(65,182,196)
8	164	165	0.696422692943	color=(65,182,196)
8	165	166	0.898585531459999	color=(65,182,196)
8	166	167	-0.7839366948194	color=(65,182,196)
8	167	168	1.50134423961	color=(29,145,192)
8	168	169	-0.8128107903432	color=(65,182,196)
8	169	170	-0.56870772556584	color=(65,182,196)
8	170	171	0.701625305158	color=(65,182,196)
8	171	172	1.348982457894	color=(29,145,192)
8	172	173	1.856243206976	color=(29,145,192)
8	173	174	0.901981972737	color=(65,182,196)
8	174	175	-1.91158499597204	color=(127,205,187)
8	175	176	-0.9895226436336	color=(65,182,196)
8	176	177	1.6555748900182	color=(29,145,192)
8	177	178	1.4855528401004	color=(29,145,192)
8	178	179	0.13671189133	color=(65,182,196)
8	179	180	-1.806497319762	color=(127,205,187)
8	180	181	0.877550314439999	color=(65,182,196)
8	181	182	-0.8148325057452	color=(65,182,196)
8	182	183	-1.52110329117162	color=(127,205,187)
8	183	184	-0.13190930383	color=(65,182,196)
8	184	185	-0.7988818150866	color=(65,182,196)
8	185	186	1.3767100646912	color=(29,145,192)
8	186	187	1.596509053944	color=(29,145,192)
8	187	188	1.129282615356	color=(29,145,192)
8	188	189	-1.7347569459054	color=(127,205,187)
8	189	190	1.301228480546	color=(29,145,192)
8	190	191	0.145917162006	color=(65,182,196)
8	191	192	-1.80092996263268	color=(127,205,187)
8	192	193	-1.492598084724	color=(127,205,187)
8	193	194	-0.3618981908762	color=(65,182,196)
8	194	195	0.7875866461702	color=(65,182,196)
8	195	196	-0.95915441371246	color=(65,182,196)
8	196	197	-1.049304129462	color=(65,182,196)
8	197	198	-1.129594975629	color=(127,205,187)
8	198	199	-0.708506290272	color=(65,182,196)
8	199	200	-0.94660001681	color=(65,182,196)
8	200	201	-1.8547115335336	color=(127,205,187)
8	201	202	-0.498888348122001	color=(65,182,196)
8	202	203	-1.264388880352	color=(127,205,187)
8	203	204	-0.151955842745999	color=(65,182,196)
8	204	205	-0.843220859102	color=(65,182,196)
8	205	206	0.9345886546574	color=(65,182,196)
8	206	207	0.737348020702	color=(65,182,196)
8	207	208	-1.32410589143	color=(127,205,187)
8	208	209	1.4653561689038	color=(29,145,192)
8	209	210	-1.0277452674284	color=(65,182,196)
8	210	211	-0.0862027150540001	color=(65,182,196)
8	211	212	0.969296219214	color=(65,182,196)
8	212	213	-0.675986541636	color=(65,182,196)
8	213	214	1.401314792744	color=(29,145,192)
8	214	215	-2.5958106721048	color=(127,205,187)
8	215	216	1.294425629566	color=(29,145,192)
8	216	217	-0.4536864268542	color=(65,182,196)
8	217	218	-0.9026793404434	color=(65,182,196)
8	218	219	0.453750400792	color=(65,182,196)
8	219	220	-1.1129254980758	color=(65,182,196)
8	220	221	0.810273567879999	color=(65,182,196)
8	221	222	-0.811890383326	color=(65,182,196)
8	222	223	-0.777597651038	color=(65,182,196)
8	223	224	-1.456178092906	color=(127,205,187)
8	224	225	-0.599624872188	color=(65,182,196)
8	225	226	-1.1245877573516	color=(127,205,187)
8	226	227	-0.3409213003852	color=(65,182,196)
8	227	228	-0.7380945469088	color=(65,182,196)
8	228	229	0.6991662643502	color=(65,182,196)
8	229	230	-1.5274137110066	color=(127,205,187)
8	230	231	-0.5627809047646	color=(65,182,196)
8	231	232	-0.8807326476194	color=(65,182,196)
8	232	233	-1.405457340124	color=(127,205,187)
8	233	234	1.814406071866	color=(29,145,192)
8	234	235	-0.97228420611094	color=(65,182,196)
8	235	236	-0.531569220869999	color=(65,182,196)
8	236	237	-1.979124929734	color=(127,205,187)
8	237	238	-0.22918114678	color=(65,182,196)
8	238	239	-1.2986662225	color=(127,205,187)
8	239	240	-0.956665069067999	color=(65,182,196)
8	240	241	-1.42651155945	color=(127,205,187)
8	241	242	-0.712706977160001	color=(65,182,196)
8	242	243	-0.968717809826	color=(65,182,196)
8	243	244	-1.434891694008	color=(127,205,187)
8	244	245	-0.8376732291576	color=(65,182,196)
8	245	246	0.754516222120001	color=(65,182,196)
8	246	247	-0.72177611635226	color=(65,182,196)
8	247	248	-1.6309821140848	color=(127,205,187)
8	248	249	-1.1132182585372	color=(65,182,196)
8	249	250	-0.2957467993362	color=(65,182,196)
8	250	251	1.2944779013052	color=(29,145,192)
8	251	252	0.7372922294928	color=(65,182,196)
8	252	253	-0.786248841502	color=(65,182,196)
8	253	254	-1.484340615154	color=(127,205,187)
8	254	255	-0.58055407139	color=(65,182,196)
8	255	256	-0.2627044691652	color=(65,182,196)
8	256	257	-0.9928332520202	color=(65,182,196)
8	257	258	-0.2951770213072	color=(65,182,196)
8	258	259	-1.3771279663148	color=(127,205,187)
8	259	260	0.7246460027358	color=(65,182,196)
8	260	261	-0.5202683035654	color=(65,182,196)
8	261	262	0.54625418612	color=(65,182,196)
8	262	263	0.429756153254	color=(65,182,196)
8	263	264	-0.48374729328	color=(65,182,196)
8	264	265	-0.803691772165	color=(65,182,196)
8	265	266	0.556896522280001	color=(65,182,196)
8	266	267	1.058484264524	color=(65,182,196)
8	267	268	-0.6849071065332	color=(65,182,196)
8	268	269	-1.7633154658968	color=(127,205,187)
8	269	270	-0.8142951739838	color=(65,182,196)
8	270	271	-0.735455375123999	color=(65,182,196)
8	271	272	0.982888738446	color=(65,182,196)
8	272	273	-0.390105014716	color=(65,182,196)
8	273	274	-1.03800125260964	color=(65,182,196)
8	274	275	-0.4942142839062	color=(65,182,196)
8	275	276	-0.84383519015	color=(65,182,196)
8	276	277	-0.438185915594	color=(65,182,196)
8	277	278	0.795446851912001	color=(65,182,196)
8	278	279	-0.93134603221158	color=(65,182,196)
8	279	280	0.0725495199780006	color=(65,182,196)
8	280	281	0.8381400340302	color=(65,182,196)
8	281	282	-0.42833196635	color=(65,182,196)
