1	0	1	1.112842212524	color=(29,145,192)
1	1	2	1.54278203437	color=(29,145,192)
1	2	3	3.36507454156	color=(34,94,168)
1	3	4	1.002836503694	color=(65,182,196)
1	4	5	1.50803234568	color=(29,145,192)
1	5	6	0.64511648593	color=(65,182,196)
1	6	7	0.995466217714	color=(65,182,196)
1	7	8	1.069080171168	color=(65,182,196)
1	8	9	2.6599708164158	color=(29,145,192)
1	9	10	1.186170835367	color=(29,145,192)
1	10	11	-2.6222537777274	color=(127,205,187)
1	11	12	-0.3439538265162	color=(65,182,196)
1	12	13	0.581261316787	color=(65,182,196)
1	13	14	2.508944941468	color=(29,145,192)
1	14	15	2.87515612521	color=(29,145,192)
1	15	16	2.371858228342	color=(29,145,192)
1	16	17	2.424882894154	color=(29,145,192)
1	17	18	2.37412145463452	color=(29,145,192)
1	18	19	1.7595988246238	color=(29,145,192)
1	19	20	4.387584817516	color=(34,94,168)
1	20	21	0.6901902852	color=(65,182,196)
1	21	22	3.7780952659376	color=(34,94,168)
1	22	23	3.60967660471968	color=(34,94,168)
1	23	24	3.27279141938	color=(29,145,192)
1	24	25	2.075867465838	color=(29,145,192)
1	25	26	2.5857139006372	color=(29,145,192)
1	26	27	3.0507697188738	color=(29,145,192)
1	27	28	2.470154250214	color=(29,145,192)
1	28	29	0.971075565496	color=(65,182,196)
1	29	30	1.2986743971076	color=(29,145,192)
1	30	31	1.807869501272	color=(29,145,192)
1	31	32	1.9907959102882	color=(29,145,192)
1	32	33	1.517585454646	color=(29,145,192)
1	33	34	3.019509402974	color=(29,145,192)
1	34	35	2.82513382201	color=(29,145,192)
1	35	36	3.056995973828	color=(29,145,192)
1	36	37	2.181983137679	color=(29,145,192)
1	37	38	1.190743911548	color=(29,145,192)
1	38	39	2.174469993566	color=(29,145,192)
1	39	40	1.559668423324	color=(29,145,192)
1	40	41	2.0121363868362	color=(29,145,192)
1	41	42	1.123520138408	color=(29,145,192)
1	42	43	1.44974210413	color=(29,145,192)
1	43	44	-0.0737548508207999	color=(65,182,196)
1	44	45	2.298640383016	color=(29,145,192)
1	45	46	2.865657009634	color=(29,145,192)
1	46	47	5.5926351408204	color=(37,52,148)
1	47	48	1.914855221608	color=(29,145,192)
1	48	49	2.5563569539006	color=(29,145,192)
1	49	50	1.681504596958	color=(29,145,192)
1	50	51	0.398066947176	color=(65,182,196)
1	51	52	1.434724861464	color=(29,145,192)
1	52	53	4.4051767746548	color=(34,94,168)
1	53	54	1.332752256766	color=(29,145,192)
1	54	55	1.137345422366	color=(29,145,192)
1	55	56	1.27578591275	color=(29,145,192)
1	56	57	3.3538325443816	color=(34,94,168)
1	57	58	1.21837100495	color=(29,145,192)
1	58	59	-0.0286429429179993	color=(65,182,196)
1	59	60	2.9608782298902	color=(29,145,192)
1	60	61	1.49451888751	color=(29,145,192)
1	61	62	2.4237719382806	color=(29,145,192)
1	62	63	1.244406568418	color=(29,145,192)
1	63	64	3.158711012964	color=(29,145,192)
1	64	65	1.294053296506	color=(29,145,192)
1	65	66	2.7265084170904	color=(29,145,192)
1	66	67	1.481708458126	color=(29,145,192)
1	67	68	1.406650178526	color=(29,145,192)
1	68	69	1.080309443982	color=(65,182,196)
1	69	70	2.11429380146	color=(29,145,192)
1	70	71	1.38812426582	color=(29,145,192)
1	71	72	1.21108731644	color=(29,145,192)
1	72	73	2.16272503559548	color=(29,145,192)
1	73	74	2.611529178724	color=(29,145,192)
1	74	75	1.669660673064	color=(29,145,192)
1	75	76	2.9771399899642	color=(29,145,192)
1	76	77	2.922926141744	color=(29,145,192)
1	77	78	2.40140417202	color=(29,145,192)
1	78	79	3.40957660446	color=(34,94,168)
1	79	80	3.35207594925	color=(34,94,168)
1	80	81	-0.67321698721618	color=(65,182,196)
1	81	82	1.301840412406	color=(29,145,192)
1	82	83	3.0336320318888	color=(29,145,192)
1	83	84	1.8122645035738	color=(29,145,192)
1	84	85	2.5415679474996	color=(29,145,192)
1	85	86	1.061982484608	color=(65,182,196)
1	86	87	2.150772470742	color=(29,145,192)
1	87	88	2.4724702707566	color=(29,145,192)
1	88	89	1.759660779982	color=(29,145,192)
1	89	90	2.546646895088	color=(29,145,192)
1	90	91	2.037943655334	color=(29,145,192)
1	91	92	0.1463786645656	color=(65,182,196)
1	92	93	0.971345326004	color=(65,182,196)
1	93	94	1.35102048664	color=(29,145,192)
1	94	95	1.32899247657	color=(29,145,192)
1	95	96	2.2419238606348	color=(29,145,192)
1	96	97	0.9285553139044	color=(65,182,196)
1	97	98	1.809124440522	color=(29,145,192)
1	98	99	3.122651049244	color=(29,145,192)
1	99	100	1.95492402118	color=(29,145,192)
1	100	101	2.13380545066	color=(29,145,192)
1	101	102	0.186983123322	color=(65,182,196)
1	102	103	2.06600797834018	color=(29,145,192)
1	103	104	0.82025260069	color=(65,182,196)
1	104	105	2.858366986447	color=(29,145,192)
1	105	106	3.002100409442	color=(29,145,192)
1	106	107	0.50634617355882	color=(65,182,196)
1	107	108	2.747877944116	color=(29,145,192)
1	108	109	3.124156784064	color=(29,145,192)
1	109	110	2.22755546904448	color=(29,145,192)
1	110	111	1.396692404832	color=(29,145,192)
1	111	112	2.346710121544	color=(29,145,192)
1	112	113	1.95516936696	color=(29,145,192)
1	113	114	0.396994334906	color=(65,182,196)
1	114	115	2.808905437846	color=(29,145,192)
1	115	116	4.3944224400084	color=(34,94,168)
1	116	117	0.6148591391714	color=(65,182,196)
1	117	118	3.093897182158	color=(29,145,192)
1	118	119	3.69020434757362	color=(34,94,168)
1	119	120	0.558520260372	color=(65,182,196)
1	120	121	2.722641066692	color=(29,145,192)
1	121	122	2.3506871806428	color=(29,145,192)
1	122	123	2.501750712742	color=(29,145,192)
1	123	124	0.859826069758	color=(65,182,196)
1	124	125	0.56771920949426	color=(65,182,196)
1	125	126	0.9619703499632	color=(65,182,196)
1	126	127	0.8126842126526	color=(65,182,196)
1	127	128	1.76409010571	color=(29,145,192)
1	128	129	1.0516518596792	color=(65,182,196)
1	129	130	2.53650403912	color=(29,145,192)
1	130	131	-0.463759329988	color=(65,182,196)
1	131	132	3.062998455278	color=(29,145,192)
1	132	133	1.96889836978	color=(29,145,192)
1	133	134	0.1843661848598	color=(65,182,196)
1	134	135	3.112741242346	color=(29,145,192)
1	135	136	3.348771292982	color=(34,94,168)
1	136	137	2.8632289445588	color=(29,145,192)
1	137	138	2.914435623186	color=(29,145,192)
1	138	139	2.27677833423904	color=(29,145,192)
1	139	140	3.1670050742818	color=(29,145,192)
1	140	141	1.899086361098	color=(29,145,192)
1	141	142	3.2463205504998	color=(29,145,192)
1	142	143	1.201762278078	color=(29,145,192)
1	143	144	1.361572501422	color=(29,145,192)
1	144	145	0.264066536035999	color=(65,182,196)
1	145	146	0.335815576907	color=(65,182,196)
1	146	147	2.583540879882	color=(29,145,192)
1	147	148	0.917304897977999	color=(65,182,196)
1	148	149	2.780294351804	color=(29,145,192)
1	149	150	1.711440939884	color=(29,145,192)
1	150	151	3.014803575654	color=(29,145,192)
1	151	152	0.39239739659	color=(65,182,196)
1	152	153	1.291650096614	color=(29,145,192)
1	153	154	2.18486660694288	color=(29,145,192)
1	154	155	3.61710064164	color=(34,94,168)
1	155	156	2.14978902329	color=(29,145,192)
1	156	157	3.350910515096	color=(34,94,168)
1	157	158	1.995376564318	color=(29,145,192)
1	158	159	-0.584905572004001	color=(65,182,196)
1	159	160	2.232152598992	color=(29,145,192)
1	160	161	3.364994497608	color=(34,94,168)
1	161	162	1.97251945752462	color=(29,145,192)
1	162	163	1.7817165906474	color=(29,145,192)
1	163	164	2.71081480797158	color=(29,145,192)
1	164	165	1.963568073481	color=(29,145,192)
1	165	166	1.962750978269	color=(29,145,192)
1	166	167	1.952538328392	color=(29,145,192)
1	167	168	2.88293151235288	color=(29,145,192)
1	168	169	4.4372333109686	color=(34,94,168)
1	169	170	2.320958614194	color=(29,145,192)
1	170	171	2.042574947906	color=(29,145,192)
1	171	172	2.789588109186	color=(29,145,192)
1	172	173	1.7514164144418	color=(29,145,192)
1	173	174	2.467567399816	color=(29,145,192)
1	174	175	2.011755614774	color=(29,145,192)
1	175	176	2.5089087503186	color=(29,145,192)
1	176	177	1.844636685879	color=(29,145,192)
1	177	178	1.739651369064	color=(29,145,192)
1	178	179	1.823737902162	color=(29,145,192)
1	179	180	3.57532648116094	color=(34,94,168)
1	180	181	1.33302788325	color=(29,145,192)
1	181	182	0.319577533174	color=(65,182,196)
1	182	183	3.075432570022	color=(29,145,192)
1	183	184	1.133997282452	color=(29,145,192)
1	184	185	2.250040639692	color=(29,145,192)
1	185	186	3.157349030148	color=(29,145,192)
1	186	187	0.66737228222874	color=(65,182,196)
1	187	188	2.4417197165576	color=(29,145,192)
1	188	189	2.0593815938258	color=(29,145,192)
1	189	190	1.72781850784496	color=(29,145,192)
1	190	191	2.85942855022	color=(29,145,192)
1	191	192	1.531929389182	color=(29,145,192)
1	192	193	4.41025449557367	color=(34,94,168)
1	193	194	2.80899970730804	color=(29,145,192)
1	194	195	1.7738463936612	color=(29,145,192)
1	195	196	3.511304048224	color=(34,94,168)
1	196	197	0.868810345236	color=(65,182,196)
1	197	198	3.4721124942202	color=(34,94,168)
1	198	199	1.9560858757892	color=(29,145,192)
1	199	200	2.047195001594	color=(29,145,192)
1	200	201	1.434411969096	color=(29,145,192)
1	201	202	1.3840736439344	color=(29,145,192)
1	202	203	1.773929049622	color=(29,145,192)
1	203	204	2.6365155869424	color=(29,145,192)
1	204	205	2.29278591462554	color=(29,145,192)
1	205	206	2.183507775856	color=(29,145,192)
1	206	207	1.036829115504	color=(65,182,196)
1	207	208	3.81958949245251	color=(34,94,168)
1	208	209	0.1177155206144	color=(65,182,196)
1	209	210	0.895076317228	color=(65,182,196)
1	210	211	3.175795845268	color=(29,145,192)
1	211	212	0.96675244977	color=(65,182,196)
1	212	213	3.099353251724	color=(29,145,192)
1	213	214	2.5792014466056	color=(29,145,192)
1	214	215	2.1541785240526	color=(29,145,192)
1	215	216	0.94339349099094	color=(65,182,196)
1	216	217	2.935563265204	color=(29,145,192)
1	217	218	1.5188581250608	color=(29,145,192)
1	218	219	-0.0287709116816	color=(65,182,196)
1	219	220	2.364131698048	color=(29,145,192)
1	220	221	2.373048965284	color=(29,145,192)
1	221	222	4.1069226416354	color=(34,94,168)
1	222	223	2.334969078686	color=(29,145,192)
1	223	224	2.082747346606	color=(29,145,192)
1	224	225	0.8852635710724	color=(65,182,196)
1	225	226	1.22284559191	color=(29,145,192)
1	226	227	1.075886476862	color=(65,182,196)
1	227	228	2.866250874124	color=(29,145,192)
1	228	229	1.8332565331054	color=(29,145,192)
1	229	230	1.132922584118	color=(29,145,192)
1	230	231	1.099555234804	color=(65,182,196)
1	231	232	0.649968434172001	color=(65,182,196)
1	232	233	1.845018567976	color=(29,145,192)
1	233	234	2.939435513093	color=(29,145,192)
1	234	235	3.531463097357	color=(34,94,168)
1	235	236	0.6231384880482	color=(65,182,196)
1	236	237	0.314072598928	color=(65,182,196)
1	237	238	1.188297714908	color=(29,145,192)
1	238	239	3.078481918384	color=(29,145,192)
1	239	240	2.1759361016256	color=(29,145,192)
1	240	241	1.086275087656	color=(65,182,196)
1	241	242	1.576316055992	color=(29,145,192)
1	242	243	4.4324591508422	color=(34,94,168)
1	243	244	1.9918386221274	color=(29,145,192)
1	244	245	0.6933537628987	color=(65,182,196)
1	245	246	3.5136771586196	color=(34,94,168)
1	246	247	0.665341103394	color=(65,182,196)
1	247	248	2.12408311784	color=(29,145,192)
2	0	1	-2.2188168221778	color=(127,205,187)
2	1	2	-0.924757588572	color=(65,182,196)
2	2	3	0.2947125595004	color=(65,182,196)
2	3	4	-1.523672274172	color=(127,205,187)
2	4	5	-2.213118620573	color=(127,205,187)
2	5	6	-0.87209671958842	color=(65,182,196)
2	6	7	0.567876340868	color=(65,182,196)
2	7	8	-2.05933109841	color=(127,205,187)
2	8	9	-0.0793997770130002	color=(65,182,196)
2	9	10	-0.5780874650146	color=(65,182,196)
2	10	11	-0.68462591243	color=(65,182,196)
2	11	12	0.424677053986	color=(65,182,196)
2	12	13	-0.5346943080708	color=(65,182,196)
2	13	14	-2.147238635652	color=(127,205,187)
2	14	15	-0.504924184324	color=(65,182,196)
2	15	16	-0.185363090581999	color=(65,182,196)
2	16	17	0.293537063182	color=(65,182,196)
2	17	18	-1.3750927837356	color=(127,205,187)
2	18	19	-2.683062721764	color=(127,205,187)
2	19	20	-2.75922050566194	color=(127,205,187)
2	20	21	-1.581821971424	color=(127,205,187)
2	21	22	-0.395958939856	color=(65,182,196)
2	22	23	-1.96263869164	color=(127,205,187)
2	23	24	-1.1881827461118	color=(127,205,187)
2	24	25	-1.8544516929138	color=(127,205,187)
2	25	26	-0.787007021996	color=(65,182,196)
2	26	27	-2.3564103089376	color=(127,205,187)
2	27	28	-0.5925715771264	color=(65,182,196)
2	28	29	0.382369210547	color=(65,182,196)
2	29	30	-2.4678738065956	color=(127,205,187)
2	30	31	-1.350028330756	color=(127,205,187)
2	31	32	-1.80492219860473	color=(127,205,187)
2	32	33	-2.4243167587344	color=(127,205,187)
2	33	34	-0.24882448474	color=(65,182,196)
2	34	35	-2.45129696771	color=(127,205,187)
2	35	36	-1.50394149308	color=(127,205,187)
2	36	37	-2.229558542468	color=(127,205,187)
2	37	38	-0.976804831663	color=(65,182,196)
2	38	39	-1.859581369466	color=(127,205,187)
2	39	40	-2.394900043514	color=(127,205,187)
2	40	41	-1.048758497898	color=(65,182,196)
2	41	42	-2.6606871175488	color=(127,205,187)
2	42	43	-0.8919220967564	color=(65,182,196)
2	43	44	-0.46751655055924	color=(65,182,196)
2	44	45	-0.9189959337876	color=(65,182,196)
2	45	46	-1.466219267156	color=(127,205,187)
2	46	47	-1.22889132898	color=(127,205,187)
2	47	48	-1.3804638939944	color=(127,205,187)
2	48	49	-1.685235701642	color=(127,205,187)
2	49	50	-1.047069158184	color=(65,182,196)
2	50	51	-1.750782948405	color=(127,205,187)
2	51	52	0.476238539426	color=(65,182,196)
2	52	53	-1.81128034686782	color=(127,205,187)
2	53	54	-1.8497348780228	color=(127,205,187)
2	54	55	-2.1977138500124	color=(127,205,187)
2	55	56	-0.8084429065878	color=(65,182,196)
2	56	57	-0.88369972400312	color=(65,182,196)
2	57	58	-3.043194366772	color=(127,205,187)
2	58	59	-1.4366258070818	color=(127,205,187)
2	59	60	0.6684108571	color=(65,182,196)
2	60	61	-1.63583776077358	color=(127,205,187)
2	61	62	-0.6808422391386	color=(65,182,196)
2	62	63	-0.9418368006586	color=(65,182,196)
2	63	64	-0.28201688341754	color=(65,182,196)
2	64	65	-0.340912388642	color=(65,182,196)
2	65	66	-0.689079674372	color=(65,182,196)
2	66	67	-0.308798855327	color=(65,182,196)
2	67	68	-1.3311847375374	color=(127,205,187)
2	68	69	-0.4759320317754	color=(65,182,196)
2	69	70	-3.2909778091884	color=(127,205,187)
2	70	71	-2.074643470208	color=(127,205,187)
2	71	72	-1.9471262350986	color=(127,205,187)
2	72	73	-2.304201076456	color=(127,205,187)
2	73	74	-3.063083733104	color=(127,205,187)
2	74	75	-0.972218132552	color=(65,182,196)
2	75	76	-1.607076115399	color=(127,205,187)
2	76	77	-0.8596631689166	color=(65,182,196)
2	77	78	-1.72520250693	color=(127,205,187)
2	78	79	-2.320948660366	color=(127,205,187)
2	79	80	-1.097743318286	color=(65,182,196)
2	80	81	-2.274792209016	color=(127,205,187)
2	81	82	-1.1113701559656	color=(65,182,196)
2	82	83	-1.08598445986336	color=(65,182,196)
2	83	84	-0.364050243284	color=(65,182,196)
2	84	85	-2.825303279672	color=(127,205,187)
2	85	86	-1.7757738728164	color=(127,205,187)
2	86	87	0.000142799978299912	color=(65,182,196)
2	87	88	-2.360673464862	color=(127,205,187)
2	88	89	-1.184252719785	color=(127,205,187)
2	89	90	-1.702225756636	color=(127,205,187)
2	90	91	-0.8638220587494	color=(65,182,196)
2	91	92	-1.793616004782	color=(127,205,187)
2	92	93	-1.400448179702	color=(127,205,187)
2	93	94	-1.6775521270108	color=(127,205,187)
2	94	95	-0.462784731866	color=(65,182,196)
2	95	96	-2.6537862889368	color=(127,205,187)
2	96	97	-0.9030195778668	color=(65,182,196)
2	97	98	-1.2710713337938	color=(127,205,187)
2	98	99	0.581963158184	color=(65,182,196)
2	99	100	0.151246518938001	color=(65,182,196)
2	100	101	-2.106074430538	color=(127,205,187)
2	101	102	-1.757774148722	color=(127,205,187)
2	102	103	-1.8293409452212	color=(127,205,187)
2	103	104	-1.48848789184158	color=(127,205,187)
2	104	105	-1.428534644174	color=(127,205,187)
2	105	106	-1.1677967166632	color=(127,205,187)
2	106	107	-1.578015244514	color=(127,205,187)
2	107	108	-1.3542155585946	color=(127,205,187)
2	108	109	0.1616072677098	color=(65,182,196)
2	109	110	-1.5976502182678	color=(127,205,187)
2	110	111	-1.81079838509406	color=(127,205,187)
2	111	112	-2.618521685844	color=(127,205,187)
2	112	113	-1.12319973674696	color=(127,205,187)
2	113	114	-1.58108402659	color=(127,205,187)
2	114	115	-1.74352289077404	color=(127,205,187)
2	115	116	-0.977413146026	color=(65,182,196)
2	116	117	-0.8422746587112	color=(65,182,196)
2	117	118	-0.5204933715176	color=(65,182,196)
2	118	119	-1.3351298914586	color=(127,205,187)
2	119	120	-0.70105907024181	color=(65,182,196)
2	120	121	-1.301801830728	color=(127,205,187)
2	121	122	-1.409690016932	color=(127,205,187)
2	122	123	-0.344628048772	color=(65,182,196)
2	123	124	-2.3717967275672	color=(127,205,187)
2	124	125	-2.0581322508912	color=(127,205,187)
2	125	126	-0.8873474010338	color=(65,182,196)
2	126	127	0.1826938146	color=(65,182,196)
2	127	128	-1.6691092208424	color=(127,205,187)
2	128	129	-0.2749607947746	color=(65,182,196)
2	129	130	-0.183408927798	color=(65,182,196)
2	130	131	-1.6879736538878	color=(127,205,187)
2	131	132	0.541297910342	color=(65,182,196)
2	132	133	-1.81394612138546	color=(127,205,187)
2	133	134	-1.9791358048232	color=(127,205,187)
2	134	135	-0.929505755139999	color=(65,182,196)
2	135	136	-1.41693531312	color=(127,205,187)
2	136	137	-1.326232875164	color=(127,205,187)
2	137	138	-1.391755399642	color=(127,205,187)
2	138	139	-0.7904140410288	color=(65,182,196)
2	139	140	-2.797859202893	color=(127,205,187)
2	140	141	-0.59783021323072	color=(65,182,196)
2	141	142	-0.3166040814662	color=(65,182,196)
2	142	143	-1.9634998891138	color=(127,205,187)
2	143	144	-1.786332554828	color=(127,205,187)
2	144	145	-0.251575522244	color=(65,182,196)
2	145	146	-2.681765834579	color=(127,205,187)
2	146	147	-3.426572524924	color=(199,233,180)
2	147	148	-1.1855602268842	color=(127,205,187)
2	148	149	-1.161938805282	color=(127,205,187)
2	149	150	-0.44686031302385	color=(65,182,196)
2	150	151	-2.4656631628304	color=(127,205,187)
2	151	152	-1.3144193641527	color=(127,205,187)
2	152	153	-1.3729544816828	color=(127,205,187)
2	153	154	-1.467187844648	color=(127,205,187)
2	154	155	-0.830707407642	color=(65,182,196)
2	155	156	-2.58905305816	color=(127,205,187)
2	156	157	-2.55345363986	color=(127,205,187)
2	157	158	-0.2320756038872	color=(65,182,196)
2	158	159	-1.831496098272	color=(127,205,187)
2	159	160	-1.8584195764238	color=(127,205,187)
2	160	161	-1.1160321639584	color=(65,182,196)
2	161	162	-2.4711311449622	color=(127,205,187)
2	162	163	-1.15153535615376	color=(127,205,187)
2	163	164	-2.4600897242108	color=(127,205,187)
2	164	165	-2.83866173618356	color=(127,205,187)
2	165	166	-0.578431534853999	color=(65,182,196)
2	166	167	-1.63792526219	color=(127,205,187)
2	167	168	0.1904231214406	color=(65,182,196)
2	168	169	-0.377351353689999	color=(65,182,196)
2	169	170	-1.7149019392488	color=(127,205,187)
2	170	171	0.929367025586	color=(65,182,196)
2	171	172	-1.2795218910748	color=(127,205,187)
2	172	173	-1.02727234162076	color=(65,182,196)
2	173	174	-1.3837853134684	color=(127,205,187)
2	174	175	-2.2506008416554	color=(127,205,187)
2	175	176	-1.649517971265	color=(127,205,187)
2	176	177	-1.718262388798	color=(127,205,187)
2	177	178	-0.551119759044	color=(65,182,196)
2	178	179	-2.927760327785	color=(127,205,187)
2	179	180	-1.7560536869342	color=(127,205,187)
2	180	181	-1.22373405505974	color=(127,205,187)
2	181	182	-0.13774404363466	color=(65,182,196)
2	182	183	-1.13688958603576	color=(127,205,187)
2	183	184	0.268626402912	color=(65,182,196)
2	184	185	-2.0631310371764	color=(127,205,187)
2	185	186	-1.2222333047378	color=(127,205,187)
2	186	187	-1.475914601618	color=(127,205,187)
2	187	188	-1.55588510766	color=(127,205,187)
2	188	189	-0.673381080076	color=(65,182,196)
2	189	190	-2.3275631618004	color=(127,205,187)
2	190	191	-1.137002357893	color=(127,205,187)
2	191	192	-1.51064494018	color=(127,205,187)
2	192	193	-1.907568061332	color=(127,205,187)
2	193	194	-0.2667451363636	color=(65,182,196)
2	194	195	-1.736838914828	color=(127,205,187)
2	195	196	-1.929560845972	color=(127,205,187)
2	196	197	-1.4308168478498	color=(127,205,187)
2	197	198	-0.1667217253864	color=(65,182,196)
2	198	199	-0.811633923252	color=(65,182,196)
2	199	200	-1.81508862126444	color=(127,205,187)
2	200	201	0.3129576652994	color=(65,182,196)
2	201	202	-1.4252468784056	color=(127,205,187)
2	202	203	-0.192851635234	color=(65,182,196)
2	203	204	-0.987320329318	color=(65,182,196)
2	204	205	-1.030061173712	color=(65,182,196)
2	205	206	-1.491627185542	color=(127,205,187)
2	206	207	-1.6554431708152	color=(127,205,187)
2	207	208	-2.790605393072	color=(127,205,187)
2	208	209	-0.692990596224	color=(65,182,196)
2	209	210	-1.481505878644	color=(127,205,187)
2	210	211	-1.8461420551852	color=(127,205,187)
2	211	212	-0.99113251022604	color=(65,182,196)
2	212	213	-2.7596540780414	color=(127,205,187)
2	213	214	-1.4858497796714	color=(127,205,187)
2	214	215	-0.910976574844001	color=(65,182,196)
2	215	216	-0.701929695797999	color=(65,182,196)
2	216	217	-4.586106613364	color=(199,233,180)
2	217	218	0.11966858239	color=(65,182,196)
2	218	219	-0.3725145726762	color=(65,182,196)
2	219	220	-0.768572918614	color=(65,182,196)
2	220	221	-1.5168541100624	color=(127,205,187)
2	221	222	-1.9451252670057	color=(127,205,187)
2	222	223	-1.1995696644302	color=(127,205,187)
2	223	224	-1.1986457680418	color=(127,205,187)
2	224	225	-0.794808871124	color=(65,182,196)
2	225	226	-0.9680403966984	color=(65,182,196)
2	226	227	-0.8799969978037	color=(65,182,196)
2	227	228	-1.1905676714	color=(127,205,187)
2	228	229	-0.435958159638	color=(65,182,196)
2	229	230	-1.924814429894	color=(127,205,187)
2	230	231	-3.625203961782	color=(199,233,180)
2	231	232	-1.105687321326	color=(65,182,196)
2	232	233	-1.519485443873	color=(127,205,187)
2	233	234	-2.543346993944	color=(127,205,187)
2	234	235	0.109524769522	color=(65,182,196)
2	235	236	-0.950636879636	color=(65,182,196)
2	236	237	0.178560751714	color=(65,182,196)
2	237	238	0.274410722376	color=(65,182,196)
2	238	239	-2.6893214228942	color=(127,205,187)
2	239	240	-1.484099228392	color=(127,205,187)
2	240	241	-2.3494304236382	color=(127,205,187)
2	241	242	-2.1561759389336	color=(127,205,187)
2	242	243	-0.94811604351596	color=(65,182,196)
2	243	244	-1.2987572272992	color=(127,205,187)
2	244	245	-2.31712758641	color=(127,205,187)
2	245	246	-2.3536101042052	color=(127,205,187)
2	246	247	-0.1795440752771	color=(65,182,196)
2	247	248	-1.0780142596946	color=(65,182,196)
2	248	249	-1.358392102702	color=(127,205,187)
2	249	250	-1.555067746658	color=(127,205,187)
2	250	251	-0.9198387841986	color=(65,182,196)
2	251	252	0.114046549494	color=(65,182,196)
2	252	253	-0.9613758514458	color=(65,182,196)
2	253	254	-0.8969259596112	color=(65,182,196)
2	254	255	-1.2269968248448	color=(127,205,187)
2	255	256	-1.8412468927196	color=(127,205,187)
2	256	257	-0.89885948589	color=(65,182,196)
2	257	258	-2.4486572832582	color=(127,205,187)
2	258	259	-1.520859917084	color=(127,205,187)
2	259	260	2.233810094028	color=(29,145,192)
2	260	261	-3.4281445975708	color=(199,233,180)
2	261	262	-1.0899259966964	color=(65,182,196)
2	262	263	-1.7815891561354	color=(127,205,187)
2	263	264	-1.502138781682	color=(127,205,187)
2	264	265	-0.927052516175999	color=(65,182,196)
2	265	266	-1.543857231058	color=(127,205,187)
2	266	267	-1.704429230834	color=(127,205,187)
2	267	268	-1.019730804142	color=(65,182,196)
2	268	269	-1.668288572393	color=(127,205,187)
2	269	270	0.399246602131	color=(65,182,196)
2	270	271	-1.0909649349082	color=(65,182,196)
2	271	272	-1.617363899856	color=(127,205,187)
2	272	273	-0.632232538346	color=(65,182,196)
2	273	274	-1.703772797136	color=(127,205,187)
2	274	275	-3.4256099096136	color=(199,233,180)
2	275	276	-0.9191960855664	color=(65,182,196)
2	276	277	-0.6845423675976	color=(65,182,196)
2	277	278	-2.365941369612	color=(127,205,187)
2	278	279	-1.798426272271	color=(127,205,187)
2	279	280	-2.1484190548456	color=(127,205,187)
2	280	281	-2.1465950886374	color=(127,205,187)
2	281	282	-1.362852043475	color=(127,205,187)
2	282	283	0.1019899520946	color=(65,182,196)
2	283	284	-1.185127708812	color=(127,205,187)
2	284	285	-1.51067375059	color=(127,205,187)
2	285	286	-1.37609038650232	color=(127,205,187)
2	286	287	-2.3433645236716	color=(127,205,187)
2	287	288	-3.219503179474	color=(127,205,187)
2	288	289	-0.09994323699352	color=(65,182,196)
2	289	290	-1.86516880045106	color=(127,205,187)
2	290	291	-2.0665442101444	color=(127,205,187)
2	291	292	-1.7115932852914	color=(127,205,187)
2	292	293	-1.0760460287792	color=(65,182,196)
2	293	294	-2.480017238508	color=(127,205,187)
2	294	295	-1.2096317847046	color=(127,205,187)
2	295	296	-2.977124309656	color=(127,205,187)
2	296	297	-1.5354905702474	color=(127,205,187)
2	297	298	-2.77750475967	color=(127,205,187)
2	298	299	-0.0708388169780001	color=(65,182,196)
2	299	300	-1.3808368093696	color=(127,205,187)
2	300	301	-2.151369994764	color=(127,205,187)
2	301	302	0.287706057596	color=(65,182,196)
2	302	303	-1.21099241023532	color=(127,205,187)
2	303	304	-0.863777632573	color=(65,182,196)
2	304	305	-3.60106484868	color=(199,233,180)
2	305	306	-1.9160625182468	color=(127,205,187)
2	306	307	0.40937597314548	color=(65,182,196)
2	307	308	-1.35637833706	color=(127,205,187)
2	308	309	-1.1725056152986	color=(127,205,187)
2	309	310	-2.132134754498	color=(127,205,187)
2	310	311	1.5117595799218	color=(29,145,192)
2	311	312	-1.006840832968	color=(65,182,196)
2	312	313	-1.702832626684	color=(127,205,187)
2	313	314	-1.034206624636	color=(65,182,196)
2	314	315	-0.9399461281232	color=(65,182,196)
2	315	316	-1.993300082136	color=(127,205,187)
2	316	317	-2.1969609083186	color=(127,205,187)
2	317	318	1.206841308064	color=(29,145,192)
2	318	319	-1.8128870053084	color=(127,205,187)
2	319	320	-0.985717469943	color=(65,182,196)
2	320	321	0.701738038242	color=(65,182,196)
2	321	322	0.497422549242	color=(65,182,196)
2	322	323	-2.4239557264669	color=(127,205,187)
2	323	324	-0.17285334464896	color=(65,182,196)
2	324	325	-1.409277479889	color=(127,205,187)
2	325	326	-0.73325737470692	color=(65,182,196)
2	326	327	-0.149355493763	color=(65,182,196)
2	327	328	-1.871428573774	color=(127,205,187)
2	328	329	0.5651944561846	color=(65,182,196)
2	329	330	-0.8716544617052	color=(65,182,196)
2	330	331	-1.2934143390946	color=(127,205,187)
2	331	332	-1.310332907868	color=(127,205,187)
3	0	1	-1.6722133617732	color=(127,205,187)
3	1	2	-3.10540316676	color=(127,205,187)
3	2	3	-1.8426660245486	color=(127,205,187)
3	3	4	-2.332252006792	color=(127,205,187)
3	4	5	-1.920162745919	color=(127,205,187)
3	5	6	-4.39572074435	color=(199,233,180)
3	6	7	-2.6866933368846	color=(127,205,187)
3	7	8	-3.759141577964	color=(199,233,180)
3	8	9	-2.8501477441588	color=(127,205,187)
3	9	10	-2.89137040272381	color=(127,205,187)
3	10	11	-3.87164722361	color=(199,233,180)
3	11	12	-1.96336968699	color=(127,205,187)
3	12	13	-2.7565125846456	color=(127,205,187)
3	13	14	-2.8950497701304	color=(127,205,187)
3	14	15	-4.834907753084	color=(199,233,180)
3	15	16	-2.671750532406	color=(127,205,187)
3	16	17	-2.3947400341232	color=(127,205,187)
3	17	18	-2.35592988049804	color=(127,205,187)
3	18	19	-2.8812684172254	color=(127,205,187)
3	19	20	-3.580554350036	color=(199,233,180)
3	20	21	-2.1214389113642	color=(127,205,187)
3	21	22	-1.849283079019	color=(127,205,187)
3	22	23	-2.1061127126122	color=(127,205,187)
3	23	24	-2.811577916842	color=(127,205,187)
3	24	25	-3.187142277222	color=(127,205,187)
3	25	26	-1.5196695450332	color=(127,205,187)
3	26	27	-2.43067602431552	color=(127,205,187)
3	27	28	-2.8515629847584	color=(127,205,187)
3	28	29	-2.6330630484346	color=(127,205,187)
3	29	30	-1.76106205591756	color=(127,205,187)
3	30	31	-3.45823718826428	color=(199,233,180)
3	31	32	-2.9164671267504	color=(127,205,187)
3	32	33	-3.03382613715844	color=(127,205,187)
3	33	34	-2.97737997866	color=(127,205,187)
3	34	35	-2.937777668014	color=(127,205,187)
3	35	36	-4.2875206174846	color=(199,233,180)
3	36	37	-3.3738757999688	color=(199,233,180)
3	37	38	-1.7212678860902	color=(127,205,187)
3	38	39	-3.9557898213234	color=(199,233,180)
3	39	40	-2.48094365645072	color=(127,205,187)
3	40	41	-2.707200746883	color=(127,205,187)
3	41	42	-2.598931857048	color=(127,205,187)
3	42	43	-3.319287095768	color=(127,205,187)
3	43	44	-1.081924028842	color=(65,182,196)
3	44	45	-3.7427484517606	color=(199,233,180)
3	45	46	-2.6711753602916	color=(127,205,187)
3	46	47	-2.73468164039989	color=(127,205,187)
3	47	48	-3.8750244467146	color=(199,233,180)
3	48	49	-2.2350337024368	color=(127,205,187)
3	49	50	-3.5204975225626	color=(199,233,180)
3	50	51	-2.9674214068877	color=(127,205,187)
3	51	52	-1.37565866479	color=(127,205,187)
3	52	53	-2.7847999692908	color=(127,205,187)
3	53	54	-1.2958568039384	color=(127,205,187)
3	54	55	-3.1263491752176	color=(127,205,187)
3	55	56	-0.8328284209336	color=(65,182,196)
3	56	57	-2.021516366856	color=(127,205,187)
3	57	58	-3.903689135526	color=(199,233,180)
3	58	59	-2.9043952521198	color=(127,205,187)
3	59	60	-3.4698763612506	color=(199,233,180)
3	60	61	-2.4554904745964	color=(127,205,187)
3	61	62	-1.75961031593782	color=(127,205,187)
3	62	63	-3.3281739217144	color=(127,205,187)
3	63	64	-3.15008394888518	color=(127,205,187)
3	64	65	-2.778704896566	color=(127,205,187)
3	65	66	-2.7289278480562	color=(127,205,187)
3	66	67	-3.982436149504	color=(199,233,180)
3	67	68	-2.119651281276	color=(127,205,187)
3	68	69	-2.0513990562567	color=(127,205,187)
3	69	70	-1.8974149882072	color=(127,205,187)
3	70	71	-1.0480115997828	color=(65,182,196)
3	71	72	-1.753219170605	color=(127,205,187)
3	72	73	-3.07766056664848	color=(127,205,187)
3	73	74	-2.2122269234932	color=(127,205,187)
3	74	75	-1.7751347088674	color=(127,205,187)
3	75	76	-3.381134026837	color=(199,233,180)
3	76	77	-1.7812204616926	color=(127,205,187)
3	77	78	-2.8616493627382	color=(127,205,187)
3	78	79	-3.4611712417582	color=(199,233,180)
3	79	80	-3.3896240508978	color=(199,233,180)
3	80	81	-1.655602390455	color=(127,205,187)
3	81	82	-3.46680097264	color=(199,233,180)
3	82	83	-2.60705121778368	color=(127,205,187)
3	83	84	-2.0880569906034	color=(127,205,187)
3	84	85	-3.6504763800922	color=(199,233,180)
3	85	86	-2.339865406836	color=(127,205,187)
3	86	87	-2.33529404005656	color=(127,205,187)
3	87	88	-1.613283352345	color=(127,205,187)
3	88	89	-1.878676914076	color=(127,205,187)
3	89	90	-2.25106652113	color=(127,205,187)
3	90	91	-3.0940871105636	color=(127,205,187)
3	91	92	-3.3000465478396	color=(127,205,187)
3	92	93	-1.6393827948566	color=(127,205,187)
3	93	94	-2.7062099905046	color=(127,205,187)
3	94	95	-1.3305624464466	color=(127,205,187)
3	95	96	-2.408608775898	color=(127,205,187)
3	96	97	-2.527647934286	color=(127,205,187)
3	97	98	-3.046294100796	color=(127,205,187)
3	98	99	0.1076683832492	color=(65,182,196)
3	99	100	-3.33611756855876	color=(127,205,187)
3	100	101	-0.360928741288	color=(65,182,196)
3	101	102	0.00142430662999971	color=(65,182,196)
3	102	103	-2.861455497882	color=(127,205,187)
3	103	104	-2.9621913557224	color=(127,205,187)
3	104	105	-2.757602077026	color=(127,205,187)
3	105	106	-2.219219743194	color=(127,205,187)
3	106	107	-2.8764197314912	color=(127,205,187)
3	107	108	-3.8095897538222	color=(199,233,180)
3	108	109	-3.59627177336178	color=(199,233,180)
3	109	110	-2.0672849890424	color=(127,205,187)
3	110	111	-1.63156733974	color=(127,205,187)
3	111	112	-4.24839826565	color=(199,233,180)
3	112	113	-3.533817153114	color=(199,233,180)
3	113	114	-2.78836760572956	color=(127,205,187)
3	114	115	-3.9600190295728	color=(199,233,180)
4	0	1	5.8161210773352	color=(37,52,148)
4	1	2	5.9373740706462	color=(37,52,148)
4	2	3	5.576899912714	color=(37,52,148)
4	3	4	5.609887001084	color=(37,52,148)
4	4	5	6.17812953128	color=(37,52,148)
4	5	6	3.1113582355964	color=(29,145,192)
4	6	7	5.8169878630462	color=(37,52,148)
4	7	8	5.9357510608564	color=(37,52,148)
4	8	9	4.241152131116	color=(34,94,168)
4	9	10	3.208284779694	color=(29,145,192)
4	10	11	3.907031807164	color=(34,94,168)
4	11	12	3.876605188614	color=(34,94,168)
4	12	13	5.773738225886	color=(37,52,148)
4	13	14	3.625106125046	color=(34,94,168)
4	14	15	4.339708420924	color=(34,94,168)
4	15	16	4.4235235732606	color=(34,94,168)
4	16	17	5.96109214678949	color=(37,52,148)
4	17	18	4.6998825465424	color=(34,94,168)
4	18	19	5.712683734124	color=(37,52,148)
4	19	20	5.309619652468	color=(34,94,168)
4	20	21	5.16502199557	color=(34,94,168)
4	21	22	3.9371893735014	color=(34,94,168)
4	22	23	3.834426528512	color=(34,94,168)
4	23	24	5.969262235814	color=(37,52,148)
4	24	25	6.095688145736	color=(37,52,148)
4	25	26	4.693846682596	color=(34,94,168)
4	26	27	4.540924588218	color=(34,94,168)
4	27	28	5.95781351661	color=(37,52,148)
4	28	29	5.855537277798	color=(37,52,148)
4	29	30	5.936220427696	color=(37,52,148)
4	30	31	5.6166734032254	color=(37,52,148)
4	31	32	5.4750286392658	color=(34,94,168)
4	32	33	6.483147772088	color=(37,52,148)
4	33	34	4.435626933976	color=(34,94,168)
4	34	35	4.406969150062	color=(34,94,168)
4	35	36	5.6933412390094	color=(37,52,148)
4	36	37	5.751728534624	color=(37,52,148)
4	37	38	5.949749302958	color=(37,52,148)
4	38	39	4.480222367024	color=(34,94,168)
4	39	40	6.758881426662	color=(37,52,148)
4	40	41	5.005160161934	color=(34,94,168)
4	41	42	3.1585980873978	color=(29,145,192)
4	42	43	3.79757152556	color=(34,94,168)
4	43	44	3.452643629252	color=(34,94,168)
4	44	45	3.815602579721	color=(34,94,168)
4	45	46	4.5381745377746	color=(34,94,168)
4	46	47	3.393825273888	color=(34,94,168)
4	47	48	6.554838757994	color=(37,52,148)
4	48	49	1.702576185766	color=(29,145,192)
4	49	50	5.5026525208234	color=(34,94,168)
4	50	51	4.034616622344	color=(34,94,168)
4	51	52	5.1779286848	color=(34,94,168)
4	52	53	5.5865455934166	color=(37,52,148)
4	53	54	6.32161363524	color=(37,52,148)
4	54	55	5.800421227856	color=(37,52,148)
4	55	56	6.342729126428	color=(37,52,148)
4	56	57	5.248139186002	color=(34,94,168)
4	57	58	5.466021069673	color=(34,94,168)
4	58	59	6.9706033551602	color=(37,52,148)
4	59	60	3.2860274569776	color=(29,145,192)
4	60	61	6.2799503476614	color=(37,52,148)
4	61	62	5.212232816938	color=(34,94,168)
4	62	63	5.528708654412	color=(34,94,168)
4	63	64	6.5319338934446	color=(37,52,148)
4	64	65	4.750807730878	color=(34,94,168)
4	65	66	4.953920929546	color=(34,94,168)
4	66	67	5.116806240674	color=(34,94,168)
4	67	68	6.073193538172	color=(37,52,148)
4	68	69	4.812610043194	color=(34,94,168)
4	69	70	6.302694303102	color=(37,52,148)
4	70	71	5.4370585741314	color=(34,94,168)
4	71	72	5.0933650743734	color=(34,94,168)
4	72	73	6.26090944925	color=(37,52,148)
4	73	74	5.146937313526	color=(34,94,168)
4	74	75	4.93609238718	color=(34,94,168)
4	75	76	5.113481526802	color=(34,94,168)
4	76	77	5.0072421278114	color=(34,94,168)
4	77	78	4.283358281508	color=(34,94,168)
4	78	79	4.304027635774	color=(34,94,168)
5	0	1	-3.041836127098	color=(127,205,187)
5	1	2	-2.96990995834862	color=(127,205,187)
5	2	3	-2.679437910069	color=(127,205,187)
5	3	4	-2.6792569482686	color=(127,205,187)
5	4	5	-2.156634289798	color=(127,205,187)
5	5	6	-2.6855604025884	color=(127,205,187)
5	6	7	-2.13921583746	color=(127,205,187)
5	7	8	-2.3487116730228	color=(127,205,187)
5	8	9	-2.9877575609996	color=(127,205,187)
5	9	10	-3.1464323769212	color=(127,205,187)
5	10	11	-4.21751240349586	color=(199,233,180)
5	11	12	-3.616480027296	color=(199,233,180)
5	12	13	-3.118742502938	color=(127,205,187)
5	13	14	-3.645829807072	color=(199,233,180)
5	14	15	-3.59685117503	color=(199,233,180)
5	15	16	-3.425818055968	color=(199,233,180)
5	16	17	-3.418608454322	color=(199,233,180)
5	17	18	-1.969147431982	color=(127,205,187)
5	18	19	-3.386524395856	color=(199,233,180)
5	19	20	-4.640368019472	color=(199,233,180)
5	20	21	-4.006370880958	color=(199,233,180)
5	21	22	-3.21787792584	color=(127,205,187)
5	22	23	-3.0450575890192	color=(127,205,187)
5	23	24	-2.620082839102	color=(127,205,187)
5	24	25	-3.9236877087	color=(199,233,180)
5	25	26	-1.7614461051998	color=(127,205,187)
5	26	27	-6.027688333048	color=(237,248,177)
5	27	28	-4.552634731356	color=(199,233,180)
5	28	29	-3.476557476232	color=(199,233,180)
5	29	30	-4.8205972190664	color=(199,233,180)
5	30	31	-3.4203118723656	color=(199,233,180)
5	31	32	-3.6212719640268	color=(199,233,180)
5	32	33	-2.0518131032906	color=(127,205,187)
5	33	34	-6.194629505638	color=(237,248,177)
5	34	35	-5.825170403992	color=(237,248,177)
5	35	36	-4.4302681623042	color=(199,233,180)
5	36	37	-3.3177449164634	color=(127,205,187)
5	37	38	-3.1231001099752	color=(127,205,187)
5	38	39	-2.57339239520092	color=(127,205,187)
5	39	40	-2.3252931261274	color=(127,205,187)
5	40	41	-3.832400537744	color=(199,233,180)
5	41	42	-0.89579663084	color=(65,182,196)
5	42	43	-5.0878010854732	color=(199,233,180)
5	43	44	-3.655387210784	color=(199,233,180)
5	44	45	-4.2690296500224	color=(199,233,180)
5	45	46	-3.8214310636204	color=(199,233,180)
5	46	47	-4.4574847742356	color=(199,233,180)
5	47	48	-3.18978481723096	color=(127,205,187)
5	48	49	-4.26415084008	color=(199,233,180)
5	49	50	-2.254083727906	color=(127,205,187)
5	50	51	-2.537678045652	color=(127,205,187)
5	51	52	-3.864060070354	color=(199,233,180)
5	52	53	-2.43130882200728	color=(127,205,187)
5	53	54	-3.4800878466228	color=(199,233,180)
5	54	55	-3.037314750062	color=(127,205,187)
5	55	56	-1.37899104514	color=(127,205,187)
5	56	57	-1.966262799474	color=(127,205,187)
5	57	58	-3.3771805344684	color=(199,233,180)
5	58	59	-5.7148533040468	color=(237,248,177)
5	59	60	-3.03502140619	color=(127,205,187)
5	60	61	-4.4123094279876	color=(199,233,180)
5	61	62	-2.707918917084	color=(127,205,187)
5	62	63	-3.16950440607088	color=(127,205,187)
5	63	64	-4.253288007008	color=(199,233,180)
5	64	65	-2.419574170153	color=(127,205,187)
5	65	66	-2.5828444723732	color=(127,205,187)
5	66	67	-2.6400873510472	color=(127,205,187)
5	67	68	-3.284007434524	color=(127,205,187)
5	68	69	-2.641313842672	color=(127,205,187)
5	69	70	-2.7915451440532	color=(127,205,187)
5	70	71	-3.481173325714	color=(199,233,180)
5	71	72	-2.98482610257404	color=(127,205,187)
5	72	73	-2.876694250348	color=(127,205,187)
5	73	74	-4.434736210648	color=(199,233,180)
5	74	75	-3.294644171774	color=(127,205,187)
5	75	76	-3.860956927992	color=(199,233,180)
5	76	77	-2.987158354636	color=(127,205,187)
5	77	78	-4.355508218564	color=(199,233,180)
5	78	79	-2.27760635836	color=(127,205,187)
5	79	80	-3.9748686111782	color=(199,233,180)
5	80	81	-6.0952819079638	color=(237,248,177)
5	81	82	-1.2554837356328	color=(127,205,187)
5	82	83	-2.0155105394032	color=(127,205,187)
5	83	84	-2.6608895598032	color=(127,205,187)
5	84	85	-4.4585292092584	color=(199,233,180)
5	85	86	-1.1150050561676	color=(65,182,196)
5	86	87	-4.768679199202	color=(199,233,180)
5	87	88	-1.969740177718	color=(127,205,187)
5	88	89	-3.632642270572	color=(199,233,180)
5	89	90	-3.282847235588	color=(127,205,187)
5	90	91	-1.3262046479312	color=(127,205,187)
5	91	92	-4.748200106594	color=(199,233,180)
5	92	93	-4.5379746584282	color=(199,233,180)
5	93	94	-2.709769511282	color=(127,205,187)
5	94	95	-3.32618605767	color=(127,205,187)
5	95	96	-2.37978682481424	color=(127,205,187)
5	96	97	-2.5591769630292	color=(127,205,187)
5	97	98	-5.09830325154	color=(199,233,180)
5	98	99	-2.1855097881214	color=(127,205,187)
5	99	100	-2.4980308229448	color=(127,205,187)
5	100	101	-3.53819948545	color=(199,233,180)
5	101	102	-4.85075867222888	color=(199,233,180)
5	102	103	-2.71843898476	color=(127,205,187)
5	103	104	-4.56107780397402	color=(199,233,180)
5	104	105	-4.017215091071	color=(199,233,180)
5	105	106	-3.7379861497792	color=(199,233,180)
5	106	107	-2.358294055248	color=(127,205,187)
5	107	108	-5.462096440256	color=(199,233,180)
5	108	109	-5.924766879584	color=(237,248,177)
5	109	110	-3.926476283718	color=(199,233,180)
5	110	111	-3.5878471358072	color=(199,233,180)
5	111	112	-2.6467720081674	color=(127,205,187)
5	112	113	-2.082864356232	color=(127,205,187)
5	113	114	-3.297397379759	color=(127,205,187)
5	114	115	-2.383261921374	color=(127,205,187)
5	115	116	-5.489585126748	color=(199,233,180)
5	116	117	-5.063943367816	color=(199,233,180)
5	117	118	-4.79492570667	color=(199,233,180)
5	118	119	-3.58345722527	color=(199,233,180)
5	119	120	-3.83791665329	color=(199,233,180)
5	120	121	-3.6443233020796	color=(199,233,180)
5	121	122	-3.204853434102	color=(127,205,187)
5	122	123	-3.26384366452	color=(127,205,187)
5	123	124	-3.2403156354936	color=(127,205,187)
5	124	125	-3.2055414221176	color=(127,205,187)
5	125	126	-3.544577836972	color=(199,233,180)
5	126	127	-3.3118965583704	color=(127,205,187)
5	127	128	-1.9153215447008	color=(127,205,187)
5	128	129	-1.739552978303	color=(127,205,187)
5	129	130	-3.3263304069468	color=(127,205,187)
5	130	131	-2.761154435104	color=(127,205,187)
5	131	132	-4.460812058348	color=(199,233,180)
5	132	133	-3.471487701696	color=(199,233,180)
5	133	134	-2.85890124321	color=(127,205,187)
5	134	135	-5.2989546842944	color=(199,233,180)
5	135	136	-5.226592450389	color=(199,233,180)
5	136	137	-4.5020511077796	color=(199,233,180)
5	137	138	-4.7160687106762	color=(199,233,180)
5	138	139	-3.133880622642	color=(127,205,187)
5	139	140	-3.172748011967	color=(127,205,187)
5	140	141	-3.951330939706	color=(199,233,180)
5	141	142	-2.9315587359168	color=(127,205,187)
5	142	143	-2.893158481615	color=(127,205,187)
5	143	144	-4.481298446984	color=(199,233,180)
5	144	145	-2.2520297314172	color=(127,205,187)
5	145	146	-3.0485237351018	color=(127,205,187)
5	146	147	-3.3308756675828	color=(127,205,187)
5	147	148	-3.001681093428	color=(127,205,187)
5	148	149	-3.19076639981492	color=(127,205,187)
5	149	150	-3.031496028204	color=(127,205,187)
5	150	151	-4.3168666244202	color=(199,233,180)
5	151	152	-2.852953523976	color=(127,205,187)
5	152	153	-3.835862472448	color=(199,233,180)
5	153	154	-2.3590738801764	color=(127,205,187)
5	154	155	-3.0831032062898	color=(127,205,187)
5	155	156	-4.067159876288	color=(199,233,180)
5	156	157	-4.396633943876	color=(199,233,180)
5	157	158	-2.926812277364	color=(127,205,187)
5	158	159	-2.2599853832764	color=(127,205,187)
5	159	160	-4.669463121038	color=(199,233,180)
5	160	161	-3.4514886923344	color=(199,233,180)
5	161	162	-4.7663610839198	color=(199,233,180)
5	162	163	-3.5677646297942	color=(199,233,180)
5	163	164	-4.8003507721072	color=(199,233,180)
5	164	165	-3.02276966417	color=(127,205,187)
5	165	166	-2.7097184947404	color=(127,205,187)
5	166	167	-2.9629283328234	color=(127,205,187)
5	167	168	-2.1209370990724	color=(127,205,187)
5	168	169	-2.967199011192	color=(127,205,187)
5	169	170	-3.040280845096	color=(127,205,187)
5	170	171	-3.514578725858	color=(199,233,180)
5	171	172	-3.851476774842	color=(199,233,180)
5	172	173	-4.4395330526544	color=(199,233,180)
5	173	174	-4.244426353751	color=(199,233,180)
5	174	175	-4.2345016239616	color=(199,233,180)
5	175	176	-2.507630424248	color=(127,205,187)
5	176	177	-2.80660731883	color=(127,205,187)
5	177	178	-4.719565185706	color=(199,233,180)
5	178	179	-1.982925254514	color=(127,205,187)
5	179	180	-3.8491890603916	color=(199,233,180)
5	180	181	-3.1626769253662	color=(127,205,187)
5	181	182	-4.47949964194564	color=(199,233,180)
5	182	183	-2.962640772326	color=(127,205,187)
5	183	184	-4.71906933148	color=(199,233,180)
5	184	185	-3.5231796301336	color=(199,233,180)
5	185	186	-2.732351449144	color=(127,205,187)
5	186	187	-3.100085583288	color=(127,205,187)
5	187	188	-2.68488144746	color=(127,205,187)
5	188	189	-1.71821917542	color=(127,205,187)
5	189	190	-3.4379438387168	color=(199,233,180)
5	190	191	-3.917208669306	color=(199,233,180)
5	191	192	-1.9155225719958	color=(127,205,187)
5	192	193	-6.07073104473	color=(237,248,177)
5	193	194	-2.147952390904	color=(127,205,187)
5	194	195	-2.51786866597	color=(127,205,187)
5	195	196	-3.221533216548	color=(127,205,187)
5	196	197	-3.3683601825456	color=(199,233,180)
5	197	198	-2.4596103129412	color=(127,205,187)
5	198	199	-4.7161927316847	color=(199,233,180)
5	199	200	-2.875645575808	color=(127,205,187)
5	200	201	-5.434401118608	color=(199,233,180)
5	201	202	-2.35526101438	color=(127,205,187)
5	202	203	-4.01477947530912	color=(199,233,180)
5	203	204	-4.304098704196	color=(199,233,180)
5	204	205	-3.828656064354	color=(199,233,180)
6	0	1	-2.255631297712	color=(127,205,187)
6	1	2	-4.200673933514	color=(199,233,180)
6	2	3	-2.1548940434852	color=(127,205,187)
6	3	4	-4.072588052354	color=(199,233,180)
6	4	5	-3.0742595042028	color=(127,205,187)
6	5	6	-1.8392171251024	color=(127,205,187)
6	6	7	-4.5546172439276	color=(199,233,180)
6	7	8	-5.530727653812	color=(199,233,180)
6	8	9	-4.1862418442664	color=(199,233,180)
6	9	10	-2.97251280392	color=(127,205,187)
6	10	11	-3.2260893463028	color=(127,205,187)
6	11	12	-2.443223806934	color=(127,205,187)
6	12	13	-3.5805626035548	color=(199,233,180)
6	13	14	-3.3629210874008	color=(199,233,180)
6	14	15	-4.4669170838714	color=(199,233,180)
6	15	16	-2.768589238036	color=(127,205,187)
6	16	17	-3.07277807342	color=(127,205,187)
6	17	18	-3.713775542622	color=(199,233,180)
6	18	19	-3.8876499194332	color=(199,233,180)
6	19	20	-3.4020356606296	color=(199,233,180)
6	20	21	-4.589538735186	color=(199,233,180)
6	21	22	-4.460761028922	color=(199,233,180)
6	22	23	-3.8992245527184	color=(199,233,180)
6	23	24	-3.5997198003	color=(199,233,180)
6	24	25	-3.656937861754	color=(199,233,180)
6	25	26	-5.1283437622988	color=(199,233,180)
6	26	27	-2.6438934094422	color=(127,205,187)
6	27	28	-3.530429589096	color=(199,233,180)
6	28	29	-3.5975923251668	color=(199,233,180)
6	29	30	-3.276212407056	color=(127,205,187)
6	30	31	-4.8018558458918	color=(199,233,180)
6	31	32	-2.515730244824	color=(127,205,187)
6	32	33	-4.2847132324016	color=(199,233,180)
6	33	34	-4.302382575886	color=(199,233,180)
6	34	35	-3.005926404774	color=(127,205,187)
6	35	36	-4.603053179094	color=(199,233,180)
6	36	37	-2.410028209238	color=(127,205,187)
6	37	38	-3.195185084618	color=(127,205,187)
6	38	39	-4.9047045016028	color=(199,233,180)
6	39	40	-5.0175966366354	color=(199,233,180)
6	40	41	-2.956327632516	color=(127,205,187)
6	41	42	-3.45106521326	color=(199,233,180)
6	42	43	-4.255600542404	color=(199,233,180)
6	43	44	-3.457079252504	color=(199,233,180)
6	44	45	-3.723118173742	color=(199,233,180)
6	45	46	-4.60936765145	color=(199,233,180)
6	46	47	-4.108898733288	color=(199,233,180)
6	47	48	-4.4636980202868	color=(199,233,180)
6	48	49	-4.4429385677144	color=(199,233,180)
6	49	50	-5.2047548792604	color=(199,233,180)
6	50	51	-4.135570283412	color=(199,233,180)
6	51	52	-3.041683922416	color=(127,205,187)
6	52	53	-3.1706100309884	color=(127,205,187)
6	53	54	-4.353343893136	color=(199,233,180)
6	54	55	-3.3928302165336	color=(199,233,180)
6	55	56	-4.265880100074	color=(199,233,180)
6	56	57	-3.293418883852	color=(127,205,187)
6	57	58	-3.104560658322	color=(127,205,187)
6	58	59	-4.259111475042	color=(199,233,180)
6	59	60	-2.690556877399	color=(127,205,187)
6	60	61	-3.212700561548	color=(127,205,187)
6	61	62	-4.323253550642	color=(199,233,180)
6	62	63	-3.5965937967616	color=(199,233,180)
6	63	64	-3.702306192458	color=(199,233,180)
6	64	65	-4.1743618541448	color=(199,233,180)
6	65	66	-4.4842116456768	color=(199,233,180)
6	66	67	-3.8612844469632	color=(199,233,180)
6	67	68	-5.1350794995524	color=(199,233,180)
6	68	69	-3.90850361417	color=(199,233,180)
6	69	70	-3.81035999666	color=(199,233,180)
6	70	71	-2.7565331756896	color=(127,205,187)
6	71	72	-5.9196180408536	color=(237,248,177)
6	72	73	-5.2913082404546	color=(199,233,180)
6	73	74	-3.994001573876	color=(199,233,180)
6	74	75	-3.4173847322592	color=(199,233,180)
6	75	76	-4.427090105706	color=(199,233,180)
6	76	77	-3.1039734554916	color=(127,205,187)
6	77	78	-4.49056459813	color=(199,233,180)
6	78	79	-4.1526581186888	color=(199,233,180)
6	79	80	-2.481104781698	color=(127,205,187)
6	80	81	-4.449642128278	color=(199,233,180)
6	81	82	-3.78736766819	color=(199,233,180)
6	82	83	-3.43080334517	color=(199,233,180)
6	83	84	-3.67967550709	color=(199,233,180)
6	84	85	-3.1366590697782	color=(127,205,187)
6	85	86	-4.67021304387592	color=(199,233,180)
6	86	87	-3.44186057838	color=(199,233,180)
6	87	88	-5.0940212969514	color=(199,233,180)
6	88	89	-4.9128408592224	color=(199,233,180)
6	89	90	-3.033953634526	color=(127,205,187)
6	90	91	-3.96650798154	color=(199,233,180)
6	91	92	-4.0460986684064	color=(199,233,180)
6	92	93	-3.7451847262272	color=(199,233,180)
6	93	94	-4.950617834378	color=(199,233,180)
6	94	95	-4.110139098738	color=(199,233,180)
6	95	96	-5.19038516865644	color=(199,233,180)
6	96	97	-4.020628805674	color=(199,233,180)
6	97	98	-3.341500507404	color=(199,233,180)
6	98	99	-3.4596985318652	color=(199,233,180)
6	99	100	-4.464941994382	color=(199,233,180)
6	100	101	-2.5364043654302	color=(127,205,187)
6	101	102	-4.75014077923846	color=(199,233,180)
6	102	103	-4.391715599692	color=(199,233,180)
6	103	104	-2.8497411735932	color=(127,205,187)
6	104	105	-5.09781747876464	color=(199,233,180)
6	105	106	-2.900671799342	color=(127,205,187)
6	106	107	-4.337438252412	color=(199,233,180)
6	107	108	-3.826734449796	color=(199,233,180)
6	108	109	-4.3138991836354	color=(199,233,180)
6	109	110	-4.02382225120116	color=(199,233,180)
6	110	111	-4.8805855716294	color=(199,233,180)
6	111	112	-4.0919926213316	color=(199,233,180)
6	112	113	-4.7634415060084	color=(199,233,180)
6	113	114	-2.5855123315	color=(127,205,187)
6	114	115	-3.0821489843156	color=(127,205,187)
6	115	116	-2.941419410406	color=(127,205,187)
6	116	117	-3.8731278118992	color=(199,233,180)
6	117	118	-4.2052294322584	color=(199,233,180)
6	118	119	-4.062929563524	color=(199,233,180)
6	119	120	-3.456024055802	color=(199,233,180)
6	120	121	-3.27339570378	color=(127,205,187)
6	121	122	-4.055390725272	color=(199,233,180)
6	122	123	-2.3563831267284	color=(127,205,187)
6	123	124	-3.422764240478	color=(199,233,180)
6	124	125	-3.549654491966	color=(199,233,180)
6	125	126	-5.0840792007932	color=(199,233,180)
6	126	127	-3.039047120616	color=(127,205,187)
6	127	128	-2.806668061508	color=(127,205,187)
6	128	129	-4.031210883314	color=(199,233,180)
6	129	130	-3.042299371726	color=(127,205,187)
6	130	131	-3.697514422702	color=(199,233,180)
6	131	132	-4.331456522796	color=(199,233,180)
6	132	133	-2.768347036658	color=(127,205,187)
6	133	134	-4.26556775834	color=(199,233,180)
6	134	135	-4.312435221652	color=(199,233,180)
6	135	136	-3.641835794214	color=(199,233,180)
6	136	137	-4.7504561513348	color=(199,233,180)
6	137	138	-3.953180032044	color=(199,233,180)
6	138	139	-4.4124206211	color=(199,233,180)
6	139	140	-4.5922601195412	color=(199,233,180)
6	140	141	-3.2436935295888	color=(127,205,187)
6	141	142	-2.729275935278	color=(127,205,187)
6	142	143	-4.065425265088	color=(199,233,180)
6	143	144	-4.160756093114	color=(199,233,180)
6	144	145	-3.176234514234	color=(127,205,187)
6	145	146	-4.338152279772	color=(199,233,180)
6	146	147	-4.0210138297236	color=(199,233,180)
6	147	148	-3.453236982318	color=(199,233,180)
6	148	149	-3.907912336756	color=(199,233,180)
6	149	150	-3.7361273180042	color=(199,233,180)
6	150	151	-5.227884848034	color=(199,233,180)
6	151	152	-4.0005933598492	color=(199,233,180)
6	152	153	-3.0090345062	color=(127,205,187)
6	153	154	-4.01762098582	color=(199,233,180)
6	154	155	-4.755207974216	color=(199,233,180)
6	155	156	-2.40876727582	color=(127,205,187)
6	156	157	-2.0992396479492	color=(127,205,187)
6	157	158	-3.18700457506	color=(127,205,187)
6	158	159	-3.951228482302	color=(199,233,180)
6	159	160	-4.370497496692	color=(199,233,180)
6	160	161	-3.953050564075	color=(199,233,180)
6	161	162	-2.762954877983	color=(127,205,187)
6	162	163	-4.385992769262	color=(199,233,180)
6	163	164	-2.343653918776	color=(127,205,187)
6	164	165	-3.6088315638048	color=(199,233,180)
6	165	166	-3.760542150946	color=(199,233,180)
6	166	167	-3.219805907522	color=(127,205,187)
6	167	168	-2.5226341821148	color=(127,205,187)
6	168	169	-4.057405214334	color=(199,233,180)
6	169	170	-4.309385041634	color=(199,233,180)
6	170	171	-4.0401854006624	color=(199,233,180)
6	171	172	-3.615996868796	color=(199,233,180)
6	172	173	-3.37980105694	color=(199,233,180)
6	173	174	-4.21140914897	color=(199,233,180)
6	174	175	-4.393080521662	color=(199,233,180)
6	175	176	-5.235925012746	color=(199,233,180)
6	176	177	-3.456777318418	color=(199,233,180)
6	177	178	-2.773428841918	color=(127,205,187)
6	178	179	-3.346882359064	color=(199,233,180)
6	179	180	-5.7898850062672	color=(237,248,177)
6	180	181	-3.87966006914	color=(199,233,180)
6	181	182	-4.382603863718	color=(199,233,180)
6	182	183	-3.7766022808024	color=(199,233,180)
6	183	184	-3.3802536559694	color=(199,233,180)
6	184	185	-3.890444614036	color=(199,233,180)
6	185	186	-4.0338517766118	color=(199,233,180)
6	186	187	-4.1142280667148	color=(199,233,180)
6	187	188	-4.708989385466	color=(199,233,180)
6	188	189	-3.9171513689696	color=(199,233,180)
6	189	190	-3.998190484134	color=(199,233,180)
6	190	191	-4.136705213672	color=(199,233,180)
6	191	192	-3.276136105462	color=(127,205,187)
6	192	193	-2.9176070956024	color=(127,205,187)
6	193	194	-2.5668846474362	color=(127,205,187)
6	194	195	-3.9445339902784	color=(199,233,180)
6	195	196	-3.1394913881348	color=(127,205,187)
6	196	197	-3.250646927066	color=(127,205,187)
7	0	1	-6.313296477237	color=(237,248,177)
7	1	2	-5.6716765221198	color=(237,248,177)
7	2	3	-4.694431168746	color=(199,233,180)
7	3	4	-4.8101128835424	color=(199,233,180)
7	4	5	-5.891929222103	color=(237,248,177)
7	5	6	-5.778713468743	color=(237,248,177)
7	6	7	-5.9694771441962	color=(237,248,177)
7	7	8	-6.2960398626464	color=(237,248,177)
7	8	9	-4.9272031412328	color=(199,233,180)
7	9	10	-7.55578738987784	color=(237,248,177)
7	10	11	-4.302175910804	color=(199,233,180)
7	11	12	-5.4217390923056	color=(199,233,180)
7	12	13	-5.8853304943244	color=(237,248,177)
7	13	14	-4.9111914206224	color=(199,233,180)
7	14	15	-5.598365383926	color=(237,248,177)
7	15	16	-4.67128844845156	color=(199,233,180)
7	16	17	-4.738973117558	color=(199,233,180)
7	17	18	-5.057355584865	color=(199,233,180)
7	18	19	-5.68173026159	color=(237,248,177)
7	19	20	-6.1260856176345	color=(237,248,177)
7	20	21	-6.2602300264378	color=(237,248,177)
7	21	22	-5.44414530883	color=(199,233,180)
7	22	23	-5.185949754988	color=(199,233,180)
7	23	24	-5.5294142064632	color=(199,233,180)
7	24	25	-5.5116468819796	color=(199,233,180)
7	25	26	-4.7804261200304	color=(199,233,180)
7	26	27	-4.8449496932884	color=(199,233,180)
7	27	28	-6.6648302538646	color=(237,248,177)
7	28	29	-5.2652032801022	color=(199,233,180)
7	29	30	-6.1402930808976	color=(237,248,177)
7	30	31	-6.4607851493546	color=(237,248,177)
7	31	32	-5.7334925624992	color=(237,248,177)
7	32	33	-5.403144064935	color=(199,233,180)
7	33	34	-5.633052394985	color=(237,248,177)
7	34	35	-4.7827923826112	color=(199,233,180)
7	35	36	-4.358388260064	color=(199,233,180)
7	36	37	-4.620417906964	color=(199,233,180)
7	37	38	-4.481646266844	color=(199,233,180)
7	38	39	-8.148151349436	color=(255,255,217)
7	39	40	-4.7932200117388	color=(199,233,180)
7	40	41	-5.0831141905124	color=(199,233,180)
7	41	42	-6.59772995197056	color=(237,248,177)
7	42	43	-4.887621129459	color=(199,233,180)
7	43	44	-5.8643478754236	color=(237,248,177)
7	44	45	-6.62698682594712	color=(237,248,177)
7	45	46	-6.5383959706682	color=(237,248,177)
7	46	47	-5.1053376531472	color=(199,233,180)
7	47	48	-4.8873000388432	color=(199,233,180)
7	48	49	-6.60997958891136	color=(237,248,177)
7	49	50	-5.2853926191396	color=(199,233,180)
7	50	51	-5.0085963655416	color=(199,233,180)
7	51	52	-6.08447121838402	color=(237,248,177)
7	52	53	-4.98397869468444	color=(199,233,180)
7	53	54	-4.77873639098124	color=(199,233,180)
7	54	55	-5.5980793098776	color=(237,248,177)
7	55	56	-5.9895688942394	color=(237,248,177)
7	56	57	-5.9922728018908	color=(237,248,177)
7	57	58	-7.2390331293532	color=(237,248,177)
7	58	59	-5.5993354788012	color=(237,248,177)
7	59	60	-6.162093095994	color=(237,248,177)
7	60	61	-6.91870892785536	color=(237,248,177)
7	61	62	-5.520851648664	color=(199,233,180)
7	62	63	-5.4184723137764	color=(199,233,180)
7	63	64	-5.828424490552	color=(237,248,177)
7	64	65	-7.7116770873672	color=(237,248,177)
7	65	66	-6.539154796086	color=(237,248,177)
7	66	67	-5.6278970647412	color=(237,248,177)
7	67	68	-4.813443837582	color=(199,233,180)
7	68	69	-6.518643492718	color=(237,248,177)
7	69	70	-7.44214565390456	color=(237,248,177)
7	70	71	-4.0672825848116	color=(199,233,180)
7	71	72	-7.0717533964216	color=(237,248,177)
7	72	73	-5.7196911962952	color=(237,248,177)
7	73	74	-5.7174021005928	color=(237,248,177)
7	74	75	-5.582027910778	color=(237,248,177)
7	75	76	-5.1475091050528	color=(199,233,180)
7	76	77	-4.696899098922	color=(199,233,180)
7	77	78	-5.329257416044	color=(199,233,180)
7	78	79	-5.2704200650952	color=(199,233,180)
7	79	80	-5.7153161420036	color=(237,248,177)
7	80	81	-5.0799649099884	color=(199,233,180)
7	81	82	-5.5310807187808	color=(199,233,180)
7	82	83	-5.8727522871004	color=(237,248,177)
7	83	84	-4.9988425690348	color=(199,233,180)
7	84	85	-5.2146664309856	color=(199,233,180)
7	85	86	-5.1853789345368	color=(199,233,180)
7	86	87	-4.625160184634	color=(199,233,180)
7	87	88	-4.933335138932	color=(199,233,180)
7	88	89	-5.2405682242792	color=(199,233,180)
7	89	90	-5.196612941167	color=(199,233,180)
7	90	91	-5.69921148827172	color=(237,248,177)
7	91	92	-4.9462465317312	color=(199,233,180)
7	92	93	-5.96292151806074	color=(237,248,177)
7	93	94	-5.3004043012288	color=(199,233,180)
7	94	95	-5.2963473526188	color=(199,233,180)
7	95	96	-4.4770436170592	color=(199,233,180)
7	96	97	-4.491483717802	color=(199,233,180)
7	97	98	-6.3976784509212	color=(237,248,177)
7	98	99	-4.4772444431232	color=(199,233,180)
7	99	100	-6.3372314257226	color=(237,248,177)
7	100	101	-6.4692079141752	color=(237,248,177)
7	101	102	-6.0608257113192	color=(237,248,177)
7	102	103	-7.080477356366	color=(237,248,177)
7	103	104	-5.1551836487368	color=(199,233,180)
7	104	105	-5.001333831988	color=(199,233,180)
7	105	106	-5.0499840764652	color=(199,233,180)
7	106	107	-4.430368849138	color=(199,233,180)
7	107	108	-4.31579383951	color=(199,233,180)
7	108	109	-6.0108524897956	color=(237,248,177)
7	109	110	-5.93926729445	color=(237,248,177)
7	110	111	-4.529574567354	color=(199,233,180)
7	111	112	-6.4302037837712	color=(237,248,177)
7	112	113	-4.9337631407484	color=(199,233,180)
7	113	114	-4.393157865854	color=(199,233,180)
7	114	115	-5.407501518836	color=(199,233,180)
7	115	116	-7.1454058608222	color=(237,248,177)
7	116	117	-6.0324372767258	color=(237,248,177)
7	117	118	-5.6032329559856	color=(237,248,177)
7	118	119	-4.529262319396	color=(199,233,180)
7	119	120	-6.09623685715816	color=(237,248,177)
7	120	121	-5.0058931083696	color=(199,233,180)
7	121	122	-5.567096384136	color=(237,248,177)
7	122	123	-5.5792588692158	color=(237,248,177)
7	123	124	-6.10170813876728	color=(237,248,177)
7	124	125	-6.378564829058	color=(237,248,177)
7	125	126	-4.575626796946	color=(199,233,180)
7	126	127	-6.092831875975	color=(237,248,177)
7	127	128	-4.725416222424	color=(199,233,180)
7	128	129	-4.60774241931158	color=(199,233,180)
7	129	130	-6.3506021150174	color=(237,248,177)
7	130	131	-5.112393067172	color=(199,233,180)
7	131	132	-5.4176532328216	color=(199,233,180)
7	132	133	-6.59067608987854	color=(237,248,177)
7	133	134	-6.893078119386	color=(237,248,177)
7	134	135	-5.3189739483996	color=(199,233,180)
7	135	136	-4.8027022531176	color=(199,233,180)
7	136	137	-5.53097268861304	color=(199,233,180)
7	137	138	-5.5528037288488	color=(199,233,180)
7	138	139	-6.1195716526914	color=(237,248,177)
7	139	140	-5.30155872161098	color=(199,233,180)
7	140	141	-4.5397851798132	color=(199,233,180)
7	141	142	-5.0818407717584	color=(199,233,180)
7	142	143	-4.8608546321356	color=(199,233,180)
7	143	144	-5.448681671354	color=(199,233,180)
7	144	145	-5.4782686655582	color=(199,233,180)
7	145	146	-5.99580581405994	color=(237,248,177)
7	146	147	-4.786558825318	color=(199,233,180)
7	147	148	-5.8303017886404	color=(237,248,177)
7	148	149	-5.3826733764712	color=(199,233,180)
7	149	150	-5.4428908770612	color=(199,233,180)
7	150	151	-4.7716704726684	color=(199,233,180)
7	151	152	-6.7176473004848	color=(237,248,177)
7	152	153	-5.1785772912092	color=(199,233,180)
7	153	154	-6.56817560996316	color=(237,248,177)
7	154	155	-6.803108188948	color=(237,248,177)
7	155	156	-6.1568838676716	color=(237,248,177)
8	0	1	-0.0603577159287401	color=(65,182,196)
8	1	2	-1.56760155551542	color=(127,205,187)
8	2	3	0.0747116136359995	color=(65,182,196)
8	3	4	-0.5593296957516	color=(65,182,196)
8	4	5	-1.629486115154	color=(127,205,187)
8	5	6	-1.2280137852966	color=(127,205,187)
8	6	7	-0.8792555953634	color=(65,182,196)
8	7	8	0.4834552896926	color=(65,182,196)
8	8	9	0.638845852762	color=(65,182,196)
8	9	10	0.710163232948	color=(65,182,196)
8	10	11	0.4391790868916	color=(65,182,196)
8	11	12	0.66111280516	color=(65,182,196)
8	12	13	-1.20365627776	color=(127,205,187)
8	13	14	-0.647131194258	color=(65,182,196)
8	14	15	-1.1287496406468	color=(127,205,187)
8	15	16	-0.4741103241609	color=(65,182,196)
8	16	17	-1.44709410871648	color=(127,205,187)
8	17	18	-2.038372595102	color=(127,205,187)
8	18	19	-0.20377189601	color=(65,182,196)
8	19	20	-1.7650262943654	color=(127,205,187)
8	20	21	-1.7938988151564	color=(127,205,187)
8	21	22	-0.02481055710476	color=(65,182,196)
8	22	23	-1.452041404972	color=(127,205,187)
8	23	24	-0.6054000973884	color=(65,182,196)
8	24	25	-4.36508534571	color=(199,233,180)
8	25	26	0.04584485672312	color=(65,182,196)
8	26	27	1.1162157193494	color=(29,145,192)
8	27	28	-0.8947628239128	color=(65,182,196)
8	28	29	-0.4966262481069	color=(65,182,196)
8	29	30	-0.31428922513464	color=(65,182,196)
8	30	31	-0.602051179726	color=(65,182,196)
8	31	32	-0.847746882266	color=(65,182,196)
8	32	33	-0.418721057384	color=(65,182,196)
8	33	34	-0.9644509780942	color=(65,182,196)
8	34	35	-0.7253824938748	color=(65,182,196)
8	35	36	1.039789193742	color=(65,182,196)
8	36	37	-1.1674613375902	color=(127,205,187)
8	37	38	-2.1264654265692	color=(127,205,187)
8	38	39	-2.8664772643004	color=(127,205,187)
8	39	40	0.6848610246508	color=(65,182,196)
8	40	41	-0.266968499766	color=(65,182,196)
8	41	42	0.142273827578	color=(65,182,196)
8	42	43	-0.162760755422	color=(65,182,196)
8	43	44	-1.507482207342	color=(127,205,187)
8	44	45	0.682469986452	color=(65,182,196)
8	45	46	-0.683109900756	color=(65,182,196)
8	46	47	-0.348763268172	color=(65,182,196)
8	47	48	0.52217353458158	color=(65,182,196)
8	48	49	-0.346997883446	color=(65,182,196)
8	49	50	0.58861837713428	color=(65,182,196)
8	50	51	-1.470880285036	color=(127,205,187)
8	51	52	0.00510250805400014	color=(65,182,196)
8	52	53	0.97617207527	color=(65,182,196)
8	53	54	0.23886924518	color=(65,182,196)
8	54	55	-1.22123527420316	color=(127,205,187)
8	55	56	1.76899777477016	color=(29,145,192)
8	56	57	0.043033921286	color=(65,182,196)
8	57	58	-0.503265277472	color=(65,182,196)
8	58	59	0.784871793138	color=(65,182,196)
8	59	60	-0.6728183565504	color=(65,182,196)
8	60	61	0.449711914786	color=(65,182,196)
8	61	62	-0.1754805011526	color=(65,182,196)
8	62	63	-0.208509220782	color=(65,182,196)
8	63	64	-1.062244266474	color=(65,182,196)
8	64	65	-0.0476324661106	color=(65,182,196)
8	65	66	-0.2601191521398	color=(65,182,196)
8	66	67	-1.823636435366	color=(127,205,187)
8	67	68	-1.01234787355302	color=(65,182,196)
8	68	69	-1.392510225512	color=(127,205,187)
8	69	70	0.43917772366	color=(65,182,196)
8	70	71	-0.2023507481201	color=(65,182,196)
8	71	72	-1.032642706684	color=(65,182,196)
8	72	73	-0.711303368434001	color=(65,182,196)
8	73	74	-0.478133530575	color=(65,182,196)
8	74	75	0.682853801034	color=(65,182,196)
8	75	76	-2.182652459754	color=(127,205,187)
8	76	77	-1.18271242184639	color=(127,205,187)
8	77	78	-1.9560581136402	color=(127,205,187)
8	78	79	-1.1063253313014	color=(65,182,196)
8	79	80	-0.23050838143156	color=(65,182,196)
8	80	81	-0.427424764446	color=(65,182,196)
8	81	82	-1.2326109932422	color=(127,205,187)
8	82	83	-0.081524263531	color=(65,182,196)
8	83	84	-0.4774790470238	color=(65,182,196)
8	84	85	0.0974868609619999	color=(65,182,196)
8	85	86	-0.190440813942001	color=(65,182,196)
8	86	87	0.1701958469256	color=(65,182,196)
8	87	88	-0.551611575422	color=(65,182,196)
8	88	89	0.24654391486	color=(65,182,196)
8	89	90	-2.27853267835	color=(127,205,187)
8	90	91	-0.4213028687598	color=(65,182,196)
8	91	92	-1.0388298917396	color=(65,182,196)
8	92	93	-1.8927522330344	color=(127,205,187)
8	93	94	-0.892568134536001	color=(65,182,196)
8	94	95	-0.777793934496	color=(65,182,196)
8	95	96	-1.093787306222	color=(65,182,196)
8	96	97	-0.0456566239798	color=(65,182,196)
8	97	98	-3.7098630901	color=(199,233,180)
8	98	99	0.863049820494	color=(65,182,196)
8	99	100	-0.5469846139474	color=(65,182,196)
8	100	101	-0.5150963573308	color=(65,182,196)
8	101	102	-0.768297098228	color=(65,182,196)
8	102	103	-0.9947051436038	color=(65,182,196)
8	103	104	-0.76091932239896	color=(65,182,196)
8	104	105	1.040760723958	color=(65,182,196)
8	105	106	0.649016682596001	color=(65,182,196)
8	106	107	0.381319831337999	color=(65,182,196)
8	107	108	-0.00873895514960001	color=(65,182,196)
8	108	109	0.75353111648	color=(65,182,196)
8	109	110	-0.6788225346381	color=(65,182,196)
8	110	111	-0.8598884230158	color=(65,182,196)
8	111	112	-2.135993631782	color=(127,205,187)
8	112	113	-1.951139495674	color=(127,205,187)
8	113	114	-2.6193453186956	color=(127,205,187)
8	114	115	-0.757514555854	color=(65,182,196)
8	115	116	-0.7313140286834	color=(65,182,196)
8	116	117	1.317971309384	color=(29,145,192)
8	117	118	-1.594748545416	color=(127,205,187)
8	118	119	0.687151566126	color=(65,182,196)
8	119	120	1.5546318936946	color=(29,145,192)
8	120	121	-0.2780162252438	color=(65,182,196)
8	121	122	-0.094521389834	color=(65,182,196)
8	122	123	0.548242848088	color=(65,182,196)
8	123	124	-1.332024107908	color=(127,205,187)
8	124	125	0.365684233515999	color=(65,182,196)
8	125	126	0.447897568641999	color=(65,182,196)
8	126	127	-0.097185554028	color=(65,182,196)
8	127	128	0.0981759310979999	color=(65,182,196)
8	128	129	-1.0641254758434	color=(65,182,196)
8	129	130	-0.20268976237732	color=(65,182,196)
8	130	131	1.33897873893	color=(29,145,192)
8	131	132	-0.833455303416	color=(65,182,196)
8	132	133	-1.144148937292	color=(127,205,187)
8	133	134	0.464119821142	color=(65,182,196)
8	134	135	-1.139621321618	color=(127,205,187)
8	135	136	-1.430217095862	color=(127,205,187)
8	136	137	0.563262366147999	color=(65,182,196)
8	137	138	-0.748088294316	color=(65,182,196)
8	138	139	-0.276582345178	color=(65,182,196)
8	139	140	0.665129454801999	color=(65,182,196)
8	140	141	-0.0682830689474	color=(65,182,196)
8	141	142	-1.589112529898	color=(127,205,187)
8	142	143	-0.791275646016	color=(65,182,196)
8	143	144	-0.4692566607546	color=(65,182,196)
8	144	145	-1.212469519074	color=(127,205,187)
8	145	146	-0.1153436281334	color=(65,182,196)
8	146	147	0.5542131789494	color=(65,182,196)
8	147	148	-0.9679935684486	color=(65,182,196)
8	148	149	-0.39384736550602	color=(65,182,196)
8	149	150	-0.411599263489999	color=(65,182,196)
8	150	151	-1.3420059376516	color=(127,205,187)
8	151	152	-2.954195799298	color=(127,205,187)
8	152	153	0.544121994536	color=(65,182,196)
8	153	154	-0.76388899603294	color=(65,182,196)
8	154	155	-1.03220070555	color=(65,182,196)
8	155	156	-1.8113064832762	color=(127,205,187)
8	156	157	-1.5430434803212	color=(127,205,187)
8	157	158	-0.654108654108	color=(65,182,196)
8	158	159	-1.149256194112	color=(127,205,187)
8	159	160	-0.0361024015813	color=(65,182,196)
8	160	161	0.567930954968	color=(65,182,196)
8	161	162	0.344788261242	color=(65,182,196)
8	162	163	-1.3456869932744	color=(127,205,187)
8	163	164	1.6980175655968	color=(29,145,192)
8	164	165	0.0208656668429996	color=(65,182,196)
8	165	166	0.0692049400899997	color=(65,182,196)
8	166	167	0.4568894920336	color=(65,182,196)
8	167	168	0.0584031658599997	color=(65,182,196)
8	168	169	0.8184456139628	color=(65,182,196)
8	169	170	-0.33838889393484	color=(65,182,196)
8	170	171	0.761535819358	color=(65,182,196)
8	171	172	0.265286071094	color=(65,182,196)
8	172	173	-1.122416979704	color=(127,205,187)
8	173	174	0.234360122967	color=(65,182,196)
8	174	175	0.20305791173426	color=(65,182,196)
8	175	176	-0.6369249532536	color=(65,182,196)
8	176	177	-0.4984015429618	color=(65,182,196)
8	177	178	-0.4431938040006	color=(65,182,196)
8	178	179	0.85591386434	color=(65,182,196)
8	179	180	-0.961351835352	color=(65,182,196)
8	180	181	0.51068936804	color=(65,182,196)
8	181	182	0.1094967144038	color=(65,182,196)
8	182	183	-0.92356282748162	color=(65,182,196)
8	183	184	1.58407502795	color=(29,145,192)
8	184	185	-0.0764167788226	color=(65,182,196)
8	185	186	-0.6762853730588	color=(65,182,196)
8	186	187	0.248486118134	color=(65,182,196)
8	187	188	-0.420059419884	color=(65,182,196)
8	188	189	-0.3130329851354	color=(65,182,196)
8	189	190	-0.994430165764	color=(65,182,196)
8	190	191	-0.399894125514	color=(65,182,196)
8	191	192	-1.23173468383268	color=(127,205,187)
8	192	193	-0.608796019564001	color=(65,182,196)
8	193	194	-1.6745114113352	color=(127,205,187)
8	194	195	0.1270494101272	color=(65,182,196)
8	195	196	-0.36627953422246	color=(65,182,196)
8	196	197	-0.775619724542	color=(65,182,196)
8	197	198	-0.497670185987	color=(65,182,196)
8	198	199	-0.969864126439	color=(65,182,196)
8	199	200	-0.73053487301	color=(65,182,196)
8	200	201	-1.5437916041356	color=(127,205,187)
8	201	202	-1.729452863682	color=(127,205,187)
8	202	203	1.241568643578	color=(29,145,192)
8	203	204	-1.095322926576	color=(65,182,196)
8	204	205	0.934922699328	color=(65,182,196)
8	205	206	-0.000446734782599822	color=(65,182,196)
8	206	207	0.603961959052	color=(65,182,196)
8	207	208	0.0416862607400006	color=(65,182,196)
8	208	209	-2.4354186911352	color=(127,205,187)
8	209	210	-1.7595721473444	color=(127,205,187)
8	210	211	1.860794068906	color=(29,145,192)
8	211	212	0.417242856104	color=(65,182,196)
8	212	213	-0.517550242246	color=(65,182,196)
8	213	214	-0.582596499636	color=(65,182,196)
8	214	215	-1.0292262690438	color=(65,182,196)
8	215	216	0.110091881505999	color=(65,182,196)
8	216	217	0.8654346197548	color=(65,182,196)
8	217	218	-0.5608257372734	color=(65,182,196)
8	218	219	0.121303237052	color=(65,182,196)
8	219	220	-1.2583983085328	color=(127,205,187)
8	220	221	0.48109278502	color=(65,182,196)
8	221	222	0.721829444634	color=(65,182,196)
8	222	223	-2.140547254411	color=(127,205,187)
8	223	224	0.092772252494	color=(65,182,196)
8	224	225	-1.126558884848	color=(127,205,187)
8	225	226	-1.3426648800156	color=(127,205,187)
8	226	227	1.0441125763748	color=(65,182,196)
8	227	228	0.5128824909312	color=(65,182,196)
8	228	229	0.2008012041142	color=(65,182,196)
8	229	230	1.0904393567014	color=(65,182,196)
8	230	231	0.2417372197314	color=(65,182,196)
8	231	232	-1.2989620818384	color=(127,205,187)
8	232	233	-1.592112961934	color=(127,205,187)
8	233	234	-0.823632789434	color=(65,182,196)
8	234	235	0.96516835712106	color=(65,182,196)
8	235	236	0.57249521872	color=(65,182,196)
8	236	237	-1.732327321504	color=(127,205,187)
8	237	238	0.41886411967	color=(65,182,196)
8	238	239	-1.64414818658	color=(127,205,187)
8	239	240	-0.0868048652680002	color=(65,182,196)
8	240	241	-0.84520596006	color=(65,182,196)
8	241	242	-0.0952144466300004	color=(65,182,196)
8	242	243	0.049384271244	color=(65,182,196)
8	243	244	-0.983253548648001	color=(65,182,196)
8	244	245	1.4113874879944	color=(29,145,192)
8	245	246	-1.41755929458	color=(127,205,187)
8	246	247	0.28221407353374	color=(65,182,196)
8	247	248	-1.5537982768948	color=(127,205,187)
8	248	249	0.7885710074618	color=(65,182,196)
8	249	250	-0.4483140433412	color=(65,182,196)
8	250	251	-1.5788713137648	color=(127,205,187)
8	251	252	0.1539376917428	color=(65,182,196)
8	252	253	1.587964468948	color=(29,145,192)
8	253	254	-0.424833167784	color=(65,182,196)
8	254	255	-0.4851835183	color=(65,182,196)
8	255	256	-0.9873730300252	color=(65,182,196)
8	256	257	-0.0855528836922	color=(65,182,196)
8	257	258	0.2646541979428	color=(65,182,196)
8	258	259	-0.9143864307848	color=(65,182,196)
8	259	260	0.7254927131258	color=(65,182,196)
8	260	261	0.1362237132626	color=(65,182,196)
8	261	262	-2.8158363983	color=(127,205,187)
8	262	263	0.499198079624001	color=(65,182,196)
8	263	264	-0.41096592855	color=(65,182,196)
8	264	265	-1.053395640195	color=(65,182,196)
8	265	266	-0.92700583607	color=(65,182,196)
8	266	267	0.484146490944	color=(65,182,196)
8	267	268	-1.4526194924352	color=(127,205,187)
8	268	269	-1.1296912492668	color=(127,205,187)
8	269	270	-0.8859343977348	color=(65,182,196)
8	270	271	1.366107792076	color=(29,145,192)
8	271	272	0.431569629746	color=(65,182,196)
8	272	273	-0.712160547776	color=(65,182,196)
8	273	274	-0.93739604919964	color=(65,182,196)
8	274	275	-0.7280226770062	color=(65,182,196)
8	275	276	0.22029108413	color=(65,182,196)
8	276	277	-0.382444741084	color=(65,182,196)
8	277	278	-0.696711511368001	color=(65,182,196)
8	278	279	-0.36220819447158	color=(65,182,196)
8	279	280	-0.333612705892	color=(65,182,196)
8	280	281	-0.1098634706268	color=(65,182,196)
8	281	282	-1.00996707955	color=(65,182,196)
