"Spores" "Haustoria" "X2dpi" "X5dpi" ""
"PCA_NC_00246" -1.0630724558725 1.4908418144775 1.4491456337875 -1.8769149923925 1
"PCA_NC_00357" -1.1734716029575 2.1952747034525 -0.7293962982275 -0.2924068022675 1
"PCA_NC_00234" -1.3165525375225 0.526822474507501 0.1075016508075 0.6822284122075 1
"PCA_NC_00292" -0.1974816898625 1.3988555979675 0.2045859928575 -1.4059599009625 1
"PCA_NC_00461" -0.4391750077825 1.2952020506075 -0.384601234702499 -0.4714258081225 1
"PCA_NC_00472" -1.52929442275 0.787946214149999 0.62626217625 0.11508603235 1
"PCA_NC_00829" -2.8958682417525 1.1477714848875 1.3545427207875 0.3935540360775 1
"PCA_NC_00786" -0.0410076481800008 3.02730405759 -1.22472657762 -1.76156983179 1
"PCA_NC_00832" -1.1330167298025 2.6470321272075 -0.6173058431925 -0.8967095542125 1
"PCA_NC_00720" -1.9445086954031 2.7461440860569 -0.2077790331641 -0.5938563574897 1
"PCA_NC_00928" -0.914707044325 1.134137233075 -0.312003927025 0.092573738275 1
"PCA_NC_00975" -0.4489260572375 0.4999745874225 -1.3442951535675 1.2932466233825 1
"PCA_NC_00967" -1.596011139975 0.0874755608250002 1.206712001125 0.301823578024999 1
"PCA_NC_01417" -2.1566895840025 2.5611349679275 0.216679271897499 -0.6211246558225 1
"PCA_NC_01372" -0.0223149126699997 -0.40189401151 1.62020783448 -1.1959989103 1
"PCA_NC_01063" -1.15588410646438 1.74514422974562 0.148042371137125 -0.737302494418375 1
"PCA_NC_01074" -0.9448762858195 2.2176128904755 0.2113358861055 -1.4840724907615 1
"PCA_NC_02578" -2.52439185237 1.66184324539 0.73955647969 0.122992127289999 1
"PCA_NC_01854" -0.8675192822555 -0.6546856308255 0.2116027189295 1.3106021941515 1
"PCA_NC_01752" -1.08209712234925 0.07937222346075 0.02237283982775 0.98035205906075 1
"PCA_NC_02421" -2.1454568673285 2.1122850037515 -0.4647767660745 0.4979486296515 1
"PCA_NC_03060" -2.74051917832 1.81858310203 0.49872066191 0.42321541438 1
"PCA_NC_01944" -0.711071164797501 0.0527579982424999 -0.355190646117499 1.0135038126725 1
"PCA_NC_01950" -0.334967496647501 2.1918456272025 -0.8188841831575 -1.0379939473975 1
"PCA_NC_01958" -2.0805430519075 3.7117842410225 -0.1579210389375 -1.4733201501775 1
"PCA_NC_01906" -0.984297966825 2.656071191945 -0.216586908955001 -1.455186316165 1
"PCA_NC_01964" -1.0991049415075 2.0841018936025 -0.4836550623975 -0.5013418896975 1
"PCA_NC_02826" -1.1199208671425 2.1701429967875 1.1288375543975 -2.1790596840425 1
"PCA_NC_02859" -0.3843305823 1.28028842555 -0.91446452628 0.01850668303 1
"PCA_NC_02800" -2.781789305141 1.968383725507 -0.347945253163 1.161350832797 1
"PCA_NC_02811" -0.9013422097875 2.4570315265125 -1.3110796831075 -0.2446096336175 1
"PCA_NC_01638" -2.50993816655 1.66957233896 0.02848717766 0.81187864993 1
"PCA_NC_01645" -3.2361217172075 1.0679788605125 1.1072090564325 1.0609338002625 1
"PCA_NC_01527" -1.464061360339 3.099157808682 -0.281735813368 -1.353360634975 1
"PCA_NC_01502" -1.1287326668875 1.5562027885125 0.0758251193124995 -0.503295240937501 1
"PCA_NC_03463" -0.5949621417775 1.1577795039325 -1.7310171915875 1.1681998294325 1
"PCA_NC_04052" -1.5997268486475 3.8027462713325 0.0591796370625 -2.2621990597475 1
"PCA_NC_04083" -1.4500205427435 0.0517141539345 -0.1059688023075 1.5042751911165 1
"PCA_NC_01974" -1.1639152593115 -0.4745042597135 1.0689851292575 0.5694343897675 1
"PCA_NC_01999" -2.60185647932 0.604131281540001 0.0931239616399999 1.90460123614 1
"PCA_NC_01997" -2.108999757435 3.114220453115 -1.629629592855 0.624408897175 1
"PCA_NC_03902" -1.785563417212 0.029111923366 1.224902620948 0.531548872898 1
"PCA_NC_03923" -1.24138195313775 0.91968027145925 0.03971636704925 0.28198531462925 1
"PCA_NC_02197" -2.25289484982025 2.88997426519975 0.45249944197975 -1.08957885735925 1
"PCA_NC_04591" -0.8591672883 0.7546798897 0.552710982999999 -0.448223584400001 1
"PCA_NC_02084" -0.8273062254625 2.3826867480375 -1.0939924188425 -0.4613881037325 1
"PCA_NC_03236" -1.502433610775 1.676767034535 -0.136068526055 -0.038264897705 1
"PCA_NC_02497" -1.225114006002 0.11120220745 -0.04716652903 1.161078327582 1
"PCA_NC_02504" -2.73062919257 2.11278224769 0.31852808739 0.29931885749 1
"PCA_NC_02743" -1.363466095175 0.777790507624999 0.311130612825 0.274544974725 1
"PCA_NC_02749" 0.61755222846 2.87586790763 -1.27588323032 -2.21753690577 1
"PCA_NC_02730" -2.5046006560755 2.2498104560685 -0.3825757938015 0.6373659938085 1
"PCA_NC_05920" -1.993794049205 2.824289637005 0.223878068405 -1.054373656205 1
"PCA_NC_05914" -1.483401516375 1.361931617785 -0.110792060345 0.232261958935 1
"PCA_NC_05913" -2.7642264792375 2.1001869778025 0.655720534892501 0.00831896654249942 1
"PCA_NC_05689" -3.108708391805 0.316270466545 1.744938273085 1.047499652175 1
"PCA_NC_05712" -0.921557480845 2.703857148225 -1.241285320945 -0.541014346435 1
"PCA_NC_05360" -1.9721210325375 3.5247825850625 -0.241011789937501 -1.3116497625875 1
"PCA_NC_05353" -0.3752597865425 2.1557866312975 0.7455902429175 -2.5261170876725 1
"PCA_NC_05359" -1.81599188866 3.90960397443 -0.504947702340001 -1.58866438343 1
"PCA_NC_05382" -0.82623467785 1.07366514131 -1.92875305627 1.68132259281 1
"PCA_NC_04238" -0.324330983749999 1.31634168595 -0.41398796955 -0.578022732649998 1
"PCA_NC_04219" -1.159403626875 0.116149634425 0.907449412624999 0.135804579824999 1
"PCA_NC_04240" -2.2777816010275 -0.2107833731775 1.8410513694725 0.6475136047325 1
"PCA_NC_04258" -1.7065642028075 0.525081864272501 0.8800100660025 0.3014722725325 1
"PCA_NC_05592" -1.47150109523075 -0.45164525681775 0.85398195594925 1.06916439609925 1
"PCA_NC_05593" -2.850736810946 1.039618131942 -0.179306029868 1.990424708872 1
"PCA_NC_04763" -0.3360897684 1.55108870021 -1.47332029524 0.25832136343 1
"PCA_NC_04505" -1.8189817098255 0.4479391330745 -0.2692060010535 1.6402485778045 1
"PCA_NC_06460" -2.0827158272275 1.4585303181025 -0.5774990009875 1.2016845101125 1
"PCA_NC_06490" -0.938947735539999 -0.262349116219999 0.750610380180001 0.450686471580001 1
"PCA_NC_06444" -0.7285942266525 1.2630313836675 -0.583536488412499 0.0490993313974997 1
"PCA_NC_06474" -1.3336424863675 0.9403285007625 0.8527164129725 -0.4594024273675 1
"PCA_NC_06381" -1.6504058669125 0.346407745787499 0.7207074468975 0.583290674227499 1
"PCA_NC_06392" -1.668732619381 -0.215805750383 0.872826488467 1.011711881297 1
"PCA_NC_06846" -3.00423664461 1.41697118137 0.62425758707 0.96300787617 1
"PCA_NC_09159" -0.7054622938825 1.5032886038475 -2.8249041899425 2.0270778799775 1
"PCA_NC_03609" -1.442933043665 -0.0597908736449995 0.706451848055 0.796272069255 1
"PCA_NC_03563" -1.319551566045 1.413308412565 -0.507168964175 0.413412117655 1
"PCA_NC_04448" -1.33341821704475 1.39072384557925 -0.38886645605375 0.33156082751925 1
"PCA_NC_04281" -2.52181062237725 2.75314860925575 -1.89394375475425 1.66260576787575 1
"PCA_NC_07193" -1.1760921038275 -0.2096354815575 1.8127727430825 -0.4270451576975 1
"PCA_NC_07239" -0.360329845395 1.822897253235 -1.552690587565 0.0901231797249999 1
"PCA_NC_05969" -1.723380096397 2.384388553639 0.376019847879 -1.037028305121 1
"PCA_NC_05990" -0.973163710350001 3.09451377748 -1.20183329344 -0.91951677369 1
"PCA_NC_06132" -1.6125128517625 2.6406335778275 -0.4727807555625 -0.5553399705025 1
"PCA_NC_06078" -0.6079691870775 -0.2397571433975 -0.3546271142875 1.2023534447625 1
"PCA_NC_06113" -2.12242276547825 2.51290780291175 -0.40360610421625 0.01312106678275 1
"PCA_NC_13366" -1.0226187823025 2.6160103715175 -0.139885116332501 -1.4535064728825 1
"PCA_NC_07472" 0.13877068864 2.38060783983 -1.06203533124 -1.45734319723 1
"PCA_NC_11344" -1.7352353085075 1.9570643718825 -1.7625218244575 1.5406927610825 1
"PCA_NC_05823" -1.87925301325 2.11200431965 0.092308609949999 -0.32505991635 1
"PCA_NC_05796" -2.032446387995 3.309966457885 -0.464763754765 -0.812756315125 1
"PCA_NC_05792" -0.81573537985635 0.31854696968365 0.06495773792405 0.43223067224865 1
"PCA_NC_05793" -1.431756585483 0.763311877352 -0.212595847591 0.881040555722 1
"PCA_NC_10750" -0.58877721406 1.88957547592 -0.68081263353 -0.619985628329999 1
"PCA_NC_05733" -0.75936945874275 1.51936709925425 -0.36489797700375 -0.39509966350775 1
"PCA_NC_05769" -1.918148381395 1.442561650255 -0.483895816075 0.959482547215 1
"PCA_NC_05770" -1.009327720575 1.925754125325 0.169644418324999 -1.086070823075 1
"PCA_NC_05727" -1.22279600479955 -0.38495283715435 1.21431209760645 0.39343674434745 1
"PCA_NC_05726" -1.66153451024575 1.48563963314525 0.15265039343525 0.0232444836652499 1
"PCA_NC_08710" -1.1000963867675 1.9363978200125 -0.4508402761575 -0.3854611570875 1
"PCA_NC_08868" -1.02746854059 0.0541560864299999 0.604499208629999 0.368813245529999 1
"PCA_NC_07284" 0.143726743025001 1.327422095025 -0.0152930710749999 -1.455855766975 1
"PCA_NC_07262" -2.36384586189875 1.83814849103125 1.74987192382125 -1.22417455295375 1
"PCA_NC_07263" -1.7223459374845 2.1581412396955 0.7774606926355 -1.2132559948465 1
"PCA_NC_15984" -1.55901191003995 2.51542741127005 0.09809236624985 -1.05450786747995 1
"PCA_NC_06263" -1.7886007491125 2.0977079815175 0.2663061684775 -0.575413400882501 1
"PCA_NC_07702" -1.91826558668 1.21687696446 0.18644383066 0.51494479156 1
"PCA_NC_07709" -2.17074780458325 1.38745740763775 0.90293796785775 -0.11964757091225 1
"PCA_NC_08423" -0.97127562887625 0.73510661388875 0.54282570326875 -0.30665668828125 1
"PCA_NC_08413" -0.952914040935 2.516479927125 -1.213729667415 -0.349836218775 1
"PCA_NC_05557" -1.361625456725 0.135924749175 0.898960822875001 0.326739884675 1
"PCA_NC_17604" -0.5804360253225 0.7873893834375 0.5495449447675 -0.7564983028825 1
"PCA_NC_08167" -2.257522929545 1.922954999695 0.661375329495 -0.326807399645 1
"PCA_NC_06959" -2.231041697675 1.311429290335 1.474800651345 -0.555188244005 1
"PCA_NC_06948" -1.14465906475 1.74844106206 -0.31982931816 -0.283952679150001 1
"PCA_NC_08215" -2.681668270237 1.330508227153 2.157638192163 -0.806478149079 1
"PCA_NC_08983" -2.6069817281595 1.3811218975065 0.1823874455165 1.0434723851365 1
"PCA_NC_07766" -0.5991468081075 1.0561772484825 0.1116314100325 -0.568661850407501 1
"PCA_NC_12132" -2.70940561903 2.08644035855 0.76141547537 -0.13845021489 1
"PCA_NC_10692" -0.78870338558 2.23942729631 -1.95869860306 0.50797469233 1
"PCA_NC_10241" -1.4581680862355 0.8301484273985 0.2166509596185 0.4113686992185 1
"PCA_NC_07868" -2.9305298116725 0.8751300744175 1.3909072612075 0.6644924760475 1
"PCA_NC_18678" -1.9203851540815 2.9413779076705 -0.7972834356895 -0.2237093178995 1
"PCA_NC_05850" -1.2553052344275 0.6163768689125 -0.4713395866675 1.1102679521825 1
"PCA_NC_12414" -1.51579998265 1.72114103345 0.558585675050001 -0.76392672585 1
"PCA_NC_09654" -2.9661783640375 0.9002584901125 0.1841347247525 1.8817851491725 1
"PCA_NC_06520" -1.43286482244 -0.49551471746 0.14555723369 1.78282230621 1
"PCA_NC_06531" -1.26248635878295 2.36978959790705 0.24590887255885 -1.35321211168295 1
"PCA_NC_09579" -1.03670124945 0.949666122750001 0.017448260050001 0.0695868666500008 1
"PCA_NC_14353" -1.997234923715 2.652441455755 0.772739065494999 -1.427945597535 1
"PCA_NC_08519" -2.4384849758875 1.8304655664325 -1.8719019725175 2.4799213819725 1
"PCA_NC_11215" -0.4316488379775 1.7107723096525 -1.6182534762075 0.3391300045325 1
"PCA_NC_08803" -1.1850286452875 4.2804604274525 -3.3305859252075 0.2351541430425 1
"PCA_NC_11593" -1.7555358906175 4.1298070563625 -1.6539956830275 -0.7202754827175 1
"PCA_NC_10115" -0.388092872585 1.236704989175 -0.710845504335 -0.137766612255001 1
"PCA_NC_08372" -1.60640522835 2.83933312555 -1.00069289385 -0.23223500335 1
"PCA_NC_11900" -1.475508375775 1.311083249125 -0.815501589375 0.979926716025 1
"PCA_NC_16928" -1.54295733166675 0.74349683788325 -0.0991689682097501 0.89862946199325 1
"PCA_NC_10632" -2.2319585928375 0.159502800812501 1.5054522874125 0.567003504612501 1
"PCA_NC_10658" -2.262680552725 0.598261160985 -0.0707604320049997 1.735179823745 1
"PCA_NC_08119" -1.12661890937175 0.95131899148225 -1.12767589851275 1.30297581640225 1
"PCA_NC_08103" -1.101539957365 0.221149797815 0.558838455935 0.321551703615 1
"PCA_NC_06246" -2.410842532895 2.495285907165 -1.791687920145 1.707244545875 1
"PCA_NC_06238" -0.97032494285 1.06894223495 -0.04110104015 -0.0575162519500001 1
"PCA_NC_06235" -0.518267442125 0.0423187839750003 1.150299070075 -0.674350411924999 1
"PCA_NC_09615" 0.0877152184825007 2.3374343031525 -0.7519207581575 -1.6732287634775 1
"PCA_NC_18361" -1.1772280886075 1.1643430275425 1.5574637750225 -1.5445787139575 1
"PCA_NC_13203" -0.419504926549999 2.17454879955 -0.729230133449999 -1.02581373955 1
"PCA_NC_17387" -1.92919970595 0.783966559950001 1.18630346325 -0.04107031725 1
"PCA_NC_06988" -0.93296567286 1.07166216119 -1.23931284721 1.10061635888 1
"PCA_NC_06987" -1.4905077839625 1.4621192201275 -2.4628668140625 2.4912553778975 1
"PCA_NC_07958" -1.9161571850775 0.4046157979925 1.2228884185225 0.2886529685625 1
"PCA_NC_07959" -2.03552501187017 -0.738666708959475 1.27174166187983 1.50245005894983 1
"PCA_NC_11761" -1.74173190965475 -0.32893335676175 0.89210360574825 1.17856166066825 1
"PCA_NC_09886" -0.831390913403 1.398483307807 -1.009814558911 0.442722164507 1
"PCA_NC_10971" -1.532686524205 2.386263669335 -0.208883585164999 -0.644693559965001 1
"PCA_NC_13140" -0.8767988767375 0.5790937149625 -1.7728382081375 2.0705433699125 1
"PCA_NC_11072" -1.2404500797445 0.2802639741115 0.3365113161615 0.6236747894715 1
"PCA_NC_11093" -1.0021784171025 0.1922990808675 0.7766977005675 0.0331816356674999 1
"PCA_NC_13105" -2.03301100025865 2.82536530308955 -0.30365096472045 -0.48870333811045 1
"PCA_NC_12006" -0.8452913853225 0.4330285738475 0.2801972820975 0.1320655293775 1
"PCA_NC_06797" 0.0156848146049997 1.789812857025 -0.870690142045 -0.934807529585 1
"PCA_NC_06799" -1.432964653805 2.108698625275 -0.128959619625 -0.546774351845 1
"PCA_NC_11003" -1.126481689954 1.497967850052 -0.227324366631 -0.144161793467 1
"PCA_NC_13531" -0.28084327228 1.62588236001 -0.61399224738 -0.73104684035 1
"PCA_NC_13530" -2.310788197835 2.513660099745 0.0449017677449994 -0.247773669655 1
"PCA_NC_11166" -0.8549773073425 1.7805968873075 -1.4019019182125 0.4762823382475 1
"PCA_NC_16573" -2.54726537466 0.76458621902 1.16808277312 0.61459638252 1
"PCA_NC_16597" 0.0651013187874998 2.2103600162975 -1.2935572716225 -0.9819040634625 1
"PCA_NC_19299" -1.5590903839605 2.9989327099055 -0.7283422407665 -0.7115000851785 1
"PCA_NC_13657" -2.688823163139 1.500836017261 -0.863531375123 2.051518521001 1
"PCA_NC_13642" 0.137273250515 1.748077928915 -1.315212604955 -0.570138574475 1
"PCA_NC_13670" -1.0329473059 2.0732185935 -0.87992951691 -0.16034177069 1
"PCA_NC_13620" -2.2480264735495 2.1983331973105 0.3215048434005 -0.2718115671615 1
"PCA_NC_17158" -1.31300117261475 0.92849660436925 0.40466936486925 -0.02016479662375 1
"PCA_NC_17287" -2.119938007935 2.219439089045 -0.655204352095 0.555703270985 1
"PCA_NC_17286" -1.0826235864375 0.226776494442499 1.7186939650425 -0.8628468730475 1
"PCA_NC_14841" -1.3103340232025 0.726114302667499 1.1129766576975 -0.5287569371625 1
"PCA_NC_16304" -2.46942786765675 2.80133393945325 0.19907028231325 -0.53097635410975 1
"PCA_NC_14606" -2.299594310255 2.058952252555 -1.182313361385 1.422955419085 1
"PCA_NC_19257" -0.0148498645324997 2.6034859060375 -2.1113355497825 -0.4773004917225 1
"PCA_NC_16683" -1.44297300395725 3.11310897222575 0.56917398469575 -2.23930995296425 1
"PCA_NC_15817" -0.279542385175 2.354577082955 -2.272716892555 0.197682194775 1
"PCA_NC_13549" -0.5670288435775 3.5607834522525 -1.9754530975075 -1.0183015111675 1
"PCA_NC_13574" -0.49854475085 2.18620276358 -1.93336825675 0.24571024402 1
"PCA_NC_19282" -1.9857240092975 0.0364514008725001 2.8198986602725 -0.8706260518475 1
"PCA_NC_20965" -1.44755878876675 1.02845952511325 0.76928751272025 -0.35018824906675 1
"PCA_NC_15085" -2.6863448968175 2.3127494478025 -0.9153821649275 1.2889776139425 1
"PCA_NC_23746" -2.14201787829675 3.26673385596225 0.34033254833225 -1.46504852599775 1
"PCA_NC_12241" -1.3919416273975 2.5880700794925 0.1237938509225 -1.3199223030175 1
"PCA_NC_27433" -2.0092205932655 3.5960116986945 -0.1163025668335 -1.4704885385955 1
"PCA_NC_16371" -1.48488370622 2.90338273652 0.165145900679999 -1.58364493098 1
"PCA_NC_15027" -1.7526989848125 1.0907777822375 0.293295575437499 0.368625627137499 1
"PCA_NC_15026" -2.93447996609125 1.61649474820375 0.82195724044375 0.49602797744375 1
"PCA_NC_16281" -1.1138265323175 1.4852085772425 -1.5228640513675 1.1514820064425 1
"PCA_NC_23636" -0.684669871395001 2.025114866275 -1.118172581895 -0.222272412985 1
"PCA_NC_17113" -0.9427553874625 2.0903266965775 -0.8828557275625 -0.2647155815525 1
"PCA_NC_25789" -2.232691135345 2.141427127635 1.001326594435 -0.910062586725 1
"PCA_NC_17276" -2.094758513867 2.598099077643 0.469834229313 -0.973174793089 1
"PCA_NC_22439" -1.13064107629672 1.31228074218328 0.107473842057175 -0.289113507943725 1
"PCA_NC_17998" -1.860100047695 1.882407388835 0.870312373365 -0.892619714505 1
"PCA_NC_22495" -2.0073797997305 1.3647482158655 -0.4764400992205 1.1190716830855 1
"PCA_NC_17734" -2.6099325193875 0.8860937697525 0.3556128935025 1.3682258561325 1
"PCA_NC_18693" -2.21004201475025 2.15427701645975 -0.52656365178925 0.58232865007975 1
"PCA_NC_23277" -1.19085907101975 2.18863201134025 0.30265539362925 -1.30042833394975 1
"PCA_NC_23359" -0.096012788575 1.897841621605 -1.765129541355 -0.0366992916750002 1
"PCA_NC_25209" -1.22233160672 3.20715749816 -1.77040631915 -0.21441957229 1
"PCA_NC_21091" -0.308210661277499 1.3073948919025 -0.7143628019475 -0.2848214286775 1
"PCA_NC_24006" -1.69426756158 3.35571500296 -1.30669467116 -0.35475277022 1
"PCA_NC_21033" -1.85189678972575 3.22472363038425 -0.04522930760275 -1.32759753305575 1
"PCA_NC_24768" -1.1469641180405 2.1044525228895 0.2494451082615 -1.2069335131105 1
"PCA_NC_23312" -1.1713879076655 1.2062622939685 -0.1689769894175 0.1341026031145 1
"PCA_NC_21615" -0.3585209380325 2.4839621997675 -1.1531084776425 -0.9723327840925 1
"PCA_NC_21618" -1.4447716629075 0.877983525782501 -0.0629034100475003 0.6296915471725 1
"PCA_NC_21781" -2.191132663905 2.862609333755 0.737767827285 -1.409244497135 1
"PCA_NC_26575" -1.7739244264725 1.6222153353575 0.822446546557499 -0.670737455442501 1
"PCA_NC_20816" -2.132165193245 1.751951695715 -0.149657855075001 0.529871352604999 1
"PCA_NC_20949" -1.035890968725 1.984988091675 -0.311915942825 -0.637181180124999 1
"PCA_NC_24442" -2.34789770939 1.90859767036 -0.00148548587999997 0.44078552491 1
"PCA_NC_23403" -0.731709332425 1.264589764575 -0.0555288981249991 -0.477351534024999 1
"PCA_NC_19881" -1.862340860205 2.076892805125 1.096757976925 -1.311309921845 1
"PCA_NC_22344" -2.19927708794675 1.87675593651225 -1.87830465988775 2.20082581132225 1
"PCA_NC_24466" -1.4033376613675 1.8577198560325 -1.0794137765075 0.6250315818425 1
"PCA_NC_27725" -1.253863166585 -0.256615766865 -0.735515647415 2.245994580865 1
"PCA_NC_26425" -1.88809894437312 2.60353700927688 -0.174598196886125 -0.540839868017625 1
"PCA_NC_23987" -0.8200847156075 1.7623136096725 -0.1999415109975 -0.742287383067501 1
"PCA_NC_22432" -1.37890093747275 -0.50003450676075 2.60414503300925 -0.72520958877575 1
"PCA_NC_24509" -2.079026845466 1.407370404814 -0.493634695232 1.165291135884 1
"PCA_NC_26497" -1.7278730373675 1.4781410445225 0.9215156860225 -0.671783693177499 1
"PCA_NC_25262" -0.983350532714999 1.223853565585 -0.0439928346649996 -0.196510198204999 1
"PCA_NC_26509" -1.0333690998 0.8109945222 0.552266554899999 -0.329891977300001 1
"PCA_NC_26018" -2.5841363210975 1.3115132312425 1.5764841519925 -0.3038610621375 1
"PCA_NC_28484" -1.76441016724 3.15045367788 -2.06528993063 0.67924641999 1
"PCA_NC_27088" -2.0968117760525 1.8846648123575 0.7400521150075 -0.5279051513125 1
"PCA_NC_28264" -1.84829662990693 1.77834523094307 0.607516578273075 -0.537565179309225 1
"PCA_NC_25601" -1.4961450549375 0.901161662842499 0.654822060192499 -0.0598386680975 1
"PCA_NC_28392" -2.773275221265 1.679730133615 0.900949166915 0.192595920735 1
"PCA_NC_00321" -5.56433861712425 2.14809819192475 -2.49759221857525 5.91383264377475 2
"PCA_NC_00007" -4.40899074821625 -0.59805645370125 0.35628983181875 4.65075737009875 2
"PCA_NC_00019" -3.74328519511 0.330375491120001 -2.07363776692 5.48654747091 2
"PCA_NC_00643" -2.1200452104472 -4.0730068529206 -1.3024133904716 7.4954654538394 2
"PCA_NC_00746" -4.4260393144575 1.4167274588725 -1.1957609472975 4.2050728028825 2
"PCA_NC_01358" -1.97759704975475 -0.52129259931475 -1.44561157020575 3.94450121927525 2
"PCA_NC_01348" -2.4756736147925 0.2884167845475 -1.8463891457125 4.0336459759575 2
"PCA_NC_01086" -1.2581505135475 -1.0686219629975 -1.8336538112175 4.1604262877625 2
"PCA_NC_01159" -4.171346638575 -1.002557004485 -2.530774279565 7.704677922625 2
"PCA_NC_03135" -5.944375183475 -0.0086681600849996 -2.007616204905 7.960659548465 2
"PCA_NC_02780" -1.766057149674 -0.181692468137 -0.791142203252 2.738891821063 2
"PCA_NC_01467" -4.8151168246825 -0.3756276121125 -1.1919581700825 6.3827026068775 2
"PCA_NC_01464" 0.1963990472925 -2.4104469957875 -1.8022101925475 4.0162581410425 2
"PCA_NC_04833" -2.505283798731 -0.114197005451 -0.585271703107 3.204752507289 2
"PCA_NC_03439" -3.5947044477075 -1.6334807840675 -2.0031056863875 7.2312909181625 2
"PCA_NC_03411" -3.2618056738075 -3.8528702477775 0.8052201747625 6.3094557468225 2
"PCA_NC_03412" -2.276066691961 -3.429096406967 -1.625188018241 7.330351117169 2
"PCA_NC_01988" -5.31807608140475 2.82157761604825 -2.25690254731175 4.75340101266825 2
"PCA_NC_02964" -4.52819037719 -1.18477011956 -1.21502407382 6.92798457057 2
"PCA_NC_01602" -3.711839199239 0.0549529772729995 -2.198759669367 5.855645891333 2
"PCA_NC_03537" -4.04025346814 -0.794257487409999 -1.20434717379 6.03885812934 2
"PCA_NC_03535" -2.5523604366225 -2.6258474950325 -2.4457324650625 7.6239403967175 2
"PCA_NC_02132" -0.80022822994 -1.35352252291 -3.27113015709 5.42488090994 2
"PCA_NC_07029" -1.55400013731 0.22715197478 -2.27477856659 3.60162672912 2
"PCA_NC_10518" -1.2315123756475 -0.3155771470275 -1.3103437154375 2.8574332381125 2
"PCA_NC_03225" 0.17600818222 -1.7652488884 -3.36934264376 4.95858334994 2
"PCA_NC_05297" -1.68723528521 -0.40691069865 -1.08918786022 3.18333384408 2
"PCA_NC_05900" -4.43637798033793 1.37039318195931 -1.91099373124069 4.97697852961931 2
"PCA_NC_05342" -5.9978185793725 -0.554823657732499 -2.0225151989425 8.5751574360475 2
"PCA_NC_04241" -3.328710269315 -3.277058855625 0.058251675645 6.547517449295 2
"PCA_NC_04762" 0.163658424395 -2.314972715895 -1.487492537635 3.638806829135 2
"PCA_NC_05193" -4.4128922902575 -0.8869734423675 -0.3499469142275 5.6498126468525 2
"PCA_NC_03601" -2.7568107450425 -0.8297640231725 0.859966865587499 2.7266079026275 2
"PCA_NC_04494" -1.353006850305 -0.569044996585 -2.649478042415 4.571529889305 2
"PCA_NC_05962" -3.4370217780725 1.3355993903975 -3.0112284451525 5.1126508328275 2
"PCA_NC_07534" -2.8008874452 1.34191776704 -2.68958688161 4.14855655977 2
"PCA_NC_05729" -1.04747299710325 -3.76989443123325 -1.58575702282025 6.40312445115675 2
"PCA_NC_08890" -2.4574766854948 -2.5432775867256 -1.5921666649028 6.5929209371232 2
"PCA_NC_05543" -1.4706049597325 -0.1264503998625 -1.1637279112825 2.7607832708775 2
"PCA_NC_05570" 0.754443424327 -4.411427162421 -2.359977722283 6.016961460377 2
"PCA_NC_11425" -4.78198686656425 0.29150953855475 -3.01296189065525 7.50343921866475 2
"PCA_NC_08154" -2.2963299434825 0.7893990126075 -1.5329406323125 3.0398715631875 2
"PCA_NC_07123" -6.53590151332847 0.0216772971628254 0.609047345982825 5.90517687018283 2
"PCA_NC_10455" -1.412011742165 -0.619619198445 -0.912544819385 2.944175759995 2
"PCA_NC_07787" -1.59686918505725 -3.85294499570925 -1.65031875828425 7.10013293905075 2
"PCA_NC_07786" -1.480172348615 0.548855000945 -3.300347472455 4.231664820125 2
"PCA_NC_15462" -3.2866634685575 -1.7889802570075 0.574851699642499 4.5007920259225 2
"PCA_NC_07879" -4.31827380513 2.21358475367 -2.31423893685 4.41892798831 2
"PCA_NC_11199" -4.753760053799 -1.007200868567 -2.489351609647 8.250312532013 2
"PCA_NC_10148" 0.69496795566 -2.88981382369 -2.56388487635 4.75873074438 2
"PCA_NC_10138" -2.649475602545 -1.872439278525 -2.684178728025 7.206093609095 2
"PCA_NC_11907" -3.6780348235475 1.8584841489025 -3.5844214014675 5.4039720761125 2
"PCA_NC_16932" -4.35987308327075 1.12081621618025 -2.41305043934975 5.65210730644025 2
"PCA_NC_06244" -5.5905908554325 0.0731955384275 -0.7576499628125 6.2750452798175 2
"PCA_NC_09921" -2.0248082674825 1.0776175747875 -1.7154528956925 2.6626435883875 2
"PCA_NC_13433" -1.53743209460354 -1.94377786584354 0.221243424160627 3.25996653628646 2
"PCA_NC_06983" -6.30014500447225 1.31747308928075 0.76718644410075 4.21548547109075 2
"PCA_NC_17742" -4.69591853660825 -1.76789754770725 -0.325805542067251 6.78962162638275 2
"PCA_NC_07945" -4.23636102574 0.49988945464 0.0163093892999999 3.7201621818 2
"PCA_NC_08631" -2.5389243214315 -0.9266364390155 0.5331714844585 2.9323892759885 2
"PCA_NC_10489" -4.39032880738675 2.11691526962225 -1.53115915423775 3.80457269200225 2
"PCA_NC_12114" -3.50401617533025 -1.97795260383925 -0.44205422973025 5.92402300889975 2
"PCA_NC_12113" -3.07601010943 -1.84277962065 -2.87844859966 7.79723832974 2
"PCA_NC_11039" 1.0366180889325 -3.5898989898375 -3.2225945369875 5.7758754378925 2
"PCA_NC_13163" -1.69414022569 -1.41716511756 -2.33813904309 5.44944438634 2
"PCA_NC_12384" -1.84574448115425 0.26193949482475 -1.58389885688525 3.16770384321475 2
"PCA_NC_14454" -3.0233323570125 0.0276679498174994 -0.5710816417125 3.5667460489075 2
"PCA_NC_18260" -3.7695888753925 -2.5190953913825 -1.8461599335425 8.1348442003175 2
"PCA_NC_11541" -4.314362102791 -1.297178607683 -2.573809315223 8.185350025697 2
"PCA_NC_15300" -2.03852168485575 -2.54551368293575 -0.0370581618927499 4.62109352968425 2
"PCA_NC_13626" -1.7011761868775 -0.0326204366475 -1.2281313227775 2.9619279463025 2
"PCA_NC_22072" 0.80538848879475 -4.80331852982425 -2.67131893879525 6.66924897982475 2
"PCA_NC_15200" -3.53271552977175 -0.16420678323275 -1.95914287479275 5.65606518779725 2
"PCA_NC_19846" -2.958436895105 -1.487053535315 -2.168214894895 6.613705325315 2
"PCA_NC_16426" -5.6790802097235 2.6890613834245 -2.4463987207655 5.4364175470645 2
"PCA_NC_21380" -2.63200434678875 -0.45283507884675 -0.64518739036575 3.73002681600125 2
"PCA_NC_19072" -4.4821354514775 1.1939114933625 -0.0225956523574995 3.3108196104725 2
"PCA_NC_19477" -3.372198091963 -2.638356107279 -0.634238979384 6.644793178626 2
"PCA_NC_17858" -0.984289810927499 -2.0011369471575 -2.7776595438875 5.7630863019725 2
"PCA_NC_17265" -3.4994856563725 0.9215642549775 -3.6267539615725 6.2046753629675 2
"PCA_NC_16718" -5.872130272837 2.970701422569 -2.128595336411 5.030024186679 2
"PCA_NC_16730" -0.1522733001975 0.0144162645125006 -3.0958762903875 3.2337333260725 2
"PCA_NC_17722" -5.430096779665 0.818857035724999 -2.133115471495 6.744355215435 2
"PCA_NC_20694" -2.100252932913 0.809385148511 -1.598761591309 2.889629375711 2
"PCA_NC_22180" -4.693363750875 -2.497207820815 -1.441927482025 8.632499053715 2
"PCA_NC_21919" -3.6366200239025 1.4960072102575 -1.1062724192025 3.2468852328475 2
"PCA_NC_20940" -3.5289556180805 1.0422830461695 -1.4347579151085 3.9214304870195 2
"PCA_NC_24315" -3.0183515433375 -1.1519944109335 -0.9017062972515 5.0720522515225 2
"PCA_NC_22050" -5.20922162037825 -2.55749081068725 -1.46556749737725 9.23227992844275 2
"PCA_NC_25078" -3.2416788418175 0.0932310535325005 -0.4465242746275 3.5949720629125 2
"PCA_NC_25876" -2.14101497500325 -0.0527576577432498 -1.36667512271025 3.56044775545675 2
"PCA_NC_28741" -0.82204179621 1.12300686848 -4.08146980505 3.78050473278 2
"PCA_NC_27427" -2.464116268654 1.178839997248 -1.751983035732 3.037259307138 2
"PCA_NC_00232" -9.49748834552575 7.50549245947525 1.10830434817525 0.883691537875251 3
"PCA_NC_00576" -7.45473128234875 6.42818471844625 -0.70311293446375 1.72965949836625 3
"PCA_NC_00486" -5.8360994588075 3.9076086898225 1.5044477588525 0.424043010132499 3
"PCA_NC_00815" -6.05962440146405 4.36667279684135 1.35306400795135 0.33988759667135 3
"PCA_NC_00847" -5.79220217743128 5.22579630256042 1.58754926020042 -1.02114338532957 3
"PCA_NC_00881" -5.24507566119675 5.34370985867225 0.37898999801225 -0.47762419548775 3
"PCA_NC_00699" -6.77403534426475 3.76541632907825 3.20656985745825 -0.19795084227175 3
"PCA_NC_00694" -5.15761876353625 5.09713353334875 1.39749858889875 -1.33701335871125 3
"PCA_NC_00727" -8.07727734842475 5.39325230353825 1.99869126940825 0.68533377547825 3
"PCA_NC_00947" -5.71441621086953 4.42580449985317 0.548570508333174 0.740041202683175 3
"PCA_NC_01033" -6.10543921267625 6.73945092931875 -1.39104914760125 0.75703743095875 3
"PCA_NC_00974" -8.66502637824525 4.39673082728175 2.84786924208175 1.42042630888175 3
"PCA_NC_00972" -7.66944275229325 3.34202905849775 2.62810255059775 1.69931114319775 3
"PCA_NC_01027" -5.65336518310225 3.98451051782075 1.15449073727075 0.51436392801075 3
"PCA_NC_00956" -9.13199997566125 6.22762411318375 2.94465689668375 -0.0402810342062505 3
"PCA_NC_00965" -5.2366884634515 4.4566614556805 1.4186310986005 -0.6386040908295 3
"PCA_NC_00966" -7.904711466595 5.995954906965 2.051819357965 -0.143062798335 3
"PCA_NC_01385" -7.9090179261725 3.9173966582075 3.8349536792075 0.1566675887575 3
"PCA_NC_01065" -5.69880299938025 4.39238895364675 0.51834861593675 0.78806542979675 3
"PCA_NC_02599" -6.1738117061185 3.3479651370795 2.6522341771395 0.1736123918995 3
"PCA_NC_01762" -6.8589825059575 5.2847395948725 1.3648624323625 0.209380478722499 3
"PCA_NC_02444" -5.34483051339 3.01813967861 2.20347836511 0.123212469670001 3
"PCA_NC_03104" -7.04748398924 3.76105646926 2.66643861636 0.619988903620001 3
"PCA_NC_03101" -6.56262540467675 3.38953574270225 2.57298381340225 0.60010584857225 3
"PCA_NC_03125" -5.96287105700525 4.59704837993175 1.83778543126175 -0.47196275418825 3
"PCA_NC_01871" -6.51238259876 2.76987109853 3.25175333478 0.49075816545 3
"PCA_NC_05102" -5.4256156778075 5.1304821294825 0.0854405422625 0.2096930060625 3
"PCA_NC_04865" -11.461931493053 5.613181747751 3.421324648351 2.427425096951 3
"PCA_NC_04863" -10.8431655149505 6.4332623062835 2.8805435070835 1.5293597015835 3
"PCA_NC_04102" -6.32378992047275 5.57313794184425 1.69748733804425 -0.94683535941575 3
"PCA_NC_04103" -6.07853796672725 5.11996903376575 1.43708472700575 -0.47851579404425 3
"PCA_NC_02056" -5.6025821913735 2.5149460914945 2.3470665560945 0.7405695437845 3
"PCA_NC_01985" -8.3110672625855 5.5271691789785 2.1306787675785 0.653219316028501 3
"PCA_NC_03897" -5.704661825855 4.557938507485 1.107208974455 0.0395143439149992 3
"PCA_NC_02998" -7.34113219427025 4.89447063181675 2.24921716787675 0.19744439457675 3
"PCA_NC_02969" -7.741167454548 4.609891286386 2.109455455856 1.021820712306 3
"PCA_NC_02204" -9.0106337741298 5.6463650023966 2.7274754300966 0.636793341636601 3
"PCA_NC_04647" -6.4608527286175 6.1021716865525 2.0217160619525 -1.6630350198875 3
"PCA_NC_02149" -6.23695736458855 2.87843984565285 1.42214591986285 1.93637159907285 3
"PCA_NC_02379" -5.4342778616375 3.4266332459525 1.6940747976125 0.3135698180725 3
"PCA_NC_05279" -6.39236933150125 3.53091532703375 2.20550343654375 0.65595056792375 3
"PCA_NC_05284" -7.24425563672075 7.60031323072025 0.0942347590002504 -0.45029235299975 3
"PCA_NC_05304" -5.7391270317325 4.1137934119875 1.4624156989275 0.1629179208175 3
"PCA_NC_05930" -6.4493236464495 3.7943165219965 0.4238775736865 2.2311295507665 3
"PCA_NC_05662" -7.089803373193 4.788949962071 2.323191363871 -0.022337952749 3
"PCA_NC_03688" -5.92816372433335 4.51677392872445 0.0750681796244503 1.33632161598445 3
"PCA_NC_03711" -7.36598846283 4.14236727866 2.60883275236 0.61478843181 3
"PCA_NC_11656" -7.639679239747 5.979102797119 1.693804810829 -0.0332283682009997 3
"PCA_NC_05358" -6.811565148335 3.451839837775 3.219720054975 0.140005255585001 3
"PCA_NC_04751" -5.3322023374895 2.4186150785765 3.0534797080765 -0.1398924491635 3
"PCA_NC_04776" -5.56597346136275 4.24225548088425 1.27035043356425 0.0533675469142496 3
"PCA_NC_04913" -5.7858129985025 3.7313972602475 2.0081645547475 0.0462511835075006 3
"PCA_NC_03777" -5.41405664267325 3.99607750373775 1.34561337599775 0.0723657629377499 3
"PCA_NC_03561" -7.3957103557325 6.6668822544875 0.8943246975475 -0.1654965963025 3
"PCA_NC_04339" -10.2469185306255 5.9534279887585 4.7937361525585 -0.500245610691501 3
"PCA_NC_06102" -6.1457373125425 6.3986732236775 -1.5033671199625 1.2504312088275 3
"PCA_NC_11327" -5.5232576336075 5.0971051624225 0.782844812852499 -0.3566923416675 3
"PCA_NC_08878" -5.7846693661075 3.5373044668825 2.5336146704825 -0.2862497712575 3
"PCA_NC_05527" -7.31868465945825 4.01790055438275 2.50372257733275 0.79706152774275 3
"PCA_NC_06936" -9.1621893720295 6.3146772654765 2.5966880827765 0.2508240237765 3
"PCA_NC_12746" -7.25787391549 4.2256429117 3.3176253882 -0.28539438441 3
"PCA_NC_08194" -5.59256139787287 3.32504091908763 2.18142325194763 0.0860972268376248 3
"PCA_NC_08182" -6.46105453178225 7.91143147228075 -1.06599754866925 -0.38437939182925 3
"PCA_NC_10445" -5.699676156136 3.340369672912 2.185555208832 0.173751274392 3
"PCA_NC_06893" -5.560249637947 5.672190769279 -0.0321158708210003 -0.0798252605109999 3
"PCA_NC_06880" -8.023403261805 5.619125652985 2.904358131685 -0.500080522865001 3
"PCA_NC_06734" -5.65895328977875 5.47774612202625 -0.39974941892375 0.58095658667625 3
"PCA_NC_07876" -5.80922799041325 4.04234591356775 1.89869352317775 -0.131811446332249 3
"PCA_NC_11566" -9.31099320496258 5.16413900178752 2.25434973738752 1.89250446578752 3
"PCA_NC_09734" -6.13999793521045 4.38309506927015 2.73189585444015 -0.974992988499849 3
"PCA_NC_08063" -9.66986481635323 6.30793060775108 2.68400624975108 0.677927958851075 3
"PCA_NC_16952" -8.660901597489 5.691123341283 1.458053327723 1.511724928483 3
"PCA_NC_16951" -5.2396092178275 4.5373581819525 1.1085535975425 -0.4063025616675 3
"PCA_NC_10660" -6.19160546795093 3.73243647692031 2.01683610253031 0.442332888500309 3
"PCA_NC_06254" -5.91671872454025 3.98955763475675 1.93716828094675 -0.0100071911632504 3
"PCA_NC_09950" -5.85111981470625 6.30801728052875 -0.85798078678125 0.401083320958749 3
"PCA_NC_19432" -5.476019811457 3.862921811839 1.522119924699 0.0909780749189997 3
"PCA_NC_13217" -4.98716939515 6.04122610791 0.0851615431199999 -1.13921825588 3
"PCA_NC_07897" -7.7463777006075 6.1148871180525 2.1219165786525 -0.490425996097501 3
"PCA_NC_17420" -9.091904667019 6.009634258273 2.040632789773 1.041637618973 3
"PCA_NC_13088" -6.11723025017925 4.03177110595975 2.04440856322975 0.0410505809897508 3
"PCA_NC_12039" -5.243747251633 4.502128225811 1.589741792721 -0.848122766899 3
"PCA_NC_06809" -6.5861100777825 4.0109909307375 2.6374675590375 -0.0623484119925006 3
"PCA_NC_13532" -5.599171611495 4.936452969015 1.720296607315 -1.057577964835 3
"PCA_NC_11154" -7.1759230023825 5.4833530062575 1.5244361785575 0.168133817567501 3
"PCA_NC_11153" -8.46512692303175 5.60478204897725 2.11794832927725 0.74239654477725 3
"PCA_NC_15653" -5.7227887587975 3.7898145753625 2.3205871726725 -0.3876129892375 3
"PCA_NC_16586" -6.27384012744073 5.59898333867024 1.01891129850024 -0.344054509729758 3
"PCA_NC_16532" -6.6514626902625 5.1510189224375 2.0547580080575 -0.554314240232499 3
"PCA_NC_13621" -7.625874949448 5.073328381706 1.467940636716 1.084605931026 3
"PCA_NC_22068" -5.6806766602905 4.5881343513935 0.5549444631535 0.5375978457435 3
"PCA_NC_22061" -5.11189663610625 4.17143336084875 2.01240212630875 -1.07193885105125 3
"PCA_NC_15449" -6.3429013602725 5.0200735717275 0.6018490400575 0.7209787484875 3
"PCA_NC_19010" -5.47180224053398 3.89058734689133 2.77225001347132 -1.19103511982868 3
"PCA_NC_15513" -5.85743706332422 3.32807624449808 2.67249808176808 -0.143137262941925 3
"PCA_NC_20385" -7.24841403181125 5.54329816624375 1.49527185241375 0.20984401315375 3
"PCA_NC_16668" -6.5462198295775 5.0789341618625 0.985528256152501 0.4817574115625 3
"PCA_NC_16669" -5.80623874754525 4.87516932200175 -0.0955523218282499 1.02662174737175 3
"PCA_NC_16673" -5.946856103875 5.468366069065 0.696039733265 -0.217549698455 3
"PCA_NC_16095" -5.1786025630325 5.3970359893375 0.445842467937499 -0.6642758942425 3
"PCA_NC_14683" -6.0280168953505 2.7975095986635 2.3747611137735 0.855746182913499 3
"PCA_NC_12228" -7.80639332753475 5.41473479772825 1.86685355625825 0.524804973548251 3
"PCA_NC_21694" -5.14215475425525 3.55001850026175 2.52487257304175 -0.93273631904825 3
"PCA_NC_25514" -7.57441250121525 5.12392810068175 1.84405223858175 0.60643216195175 3
"PCA_NC_20077" -7.945904231638 5.430071684006 0.745385031496 1.770447516136 3
"PCA_NC_16265" -5.52320421138722 3.44742472579907 1.44157833617907 0.634201149409074 3
"PCA_NC_16450" -5.5528560568485 4.1974448088395 1.1105068467995 0.244904401209499 3
"PCA_NC_17114" -8.3893583399325 5.9536042516775 1.6224453797775 0.8133087084775 3
"PCA_NC_17363" -5.789467478631 2.538789786817 2.892536602597 0.358141089217 3
"PCA_NC_20223" -9.14509550952475 6.59928991106825 1.93913183026825 0.60667376818825 3
"PCA_NC_26938" -5.5839296417275 2.2549922991725 3.4936484419125 -0.164711099357501 3
"PCA_NC_17124" -7.1977171205965 6.0409926678355 1.4321550104255 -0.2754305576645 3
"PCA_NC_24738" -6.2506191226825 5.4406406841975 2.1678817838975 -1.3579033454125 3
"PCA_NC_26530" -8.039358936019 5.647842327393 1.700195448093 0.691321160533001 3
"PCA_NC_21106" -6.60907552012175 2.84358377788725 0.75192568246725 3.01356605976725 3
"PCA_NC_21924" -7.06470124174225 5.92995704598075 -1.46857874817925 2.60332294394075 3
"PCA_NC_20769" -6.42110300621025 3.90526591706675 4.43389216036675 -1.91805507122325 3
"PCA_NC_23039" -5.434818730195 5.532743027565 0.613116098965001 -0.711040396334999 3
"PCA_NC_26923" -7.070068233995 5.151507776215 2.571826171925 -0.653265714145 3
"PCA_NC_23293" -7.48382275190087 4.55861494234362 4.21114083964363 -1.28593303008638 3
"PCA_NC_23292" -6.814191550153 3.090954370351 3.418360236521 0.304876943281 3
"PCA_NC_24101" -8.53402654115825 5.93185397420275 1.84500231020275 0.757170256752749 3
"PCA_NC_23794" -5.2317246100065 4.0865536283755 1.6026655808055 -0.4574945991745 3
"PCA_NC_22632" -5.55025445098475 5.32945631842825 0.22708299436825 -0.00628486181174992 3
"PCA_NC_22633" -5.98415409379925 3.88941717700975 0.699473977199751 1.39526293958975 3
"PCA_NC_24519" -5.44700637505925 4.92292132358975 0.567168241709751 -0.0430831902402495 3
"PCA_NC_28643" -6.95869629633 5.47198781374 1.84926726678 -0.36255878419 3
"PCA_NC_25687" -5.464079789914 4.037343596438 1.505592233758 -0.078856040282 3
"PCA_NC_27124" -8.30007852238 5.08022610766 3.28792015946 -0.0680677447400004 3
"PCA_NC_00258" 6.4864926413 -1.94011720348 -2.77689791377 -1.76947752405 4
"PCA_NC_00705" 5.28539122416 -5.49189147423 -2.47019295809 2.67669320816 4
"PCA_NC_00726" 6.3379611486725 -2.4213168985275 -2.4546310939975 -1.4620131561475 4
"PCA_NC_00981" 3.777356851925 -4.176308630855 0.182550757615 0.216401021315 4
"PCA_NC_01145" 4.52718862693 -3.26294245759 -1.35804085592 0.0937946865800008 4
"PCA_NC_02855" 5.704350191125 -2.687614563555 -2.833207899095 -0.183527728474999 4
"PCA_NC_01730" 6.1677423106185 -3.3791395491495 -1.6925200278575 -1.0960827336115 4
"PCA_NC_05099" 3.1693656678875 -4.6834290483825 -1.1212116727025 2.6352750531975 4
"PCA_NC_05124" 5.802064872015 -3.535069295445 -0.848478906715 -1.418516669855 4
"PCA_NC_04670" 5.30107239394 -2.80917956696 -0.677282001860002 -1.81461082512 4
"PCA_NC_01561" 6.2295382457125 -4.2426053802275 -2.4068855372975 0.419952671812499 4
"PCA_NC_05263" 4.9059281257075 -2.4855548326425 -2.4992522420725 0.0788789490074997 4
"PCA_NC_05273" 5.25665567865 -2.62170859235 -1.75871419375 -0.87623289255 4
"PCA_NC_05268" 6.047412812245 -2.196850603565 -1.676546051425 -2.174016157255 4
"PCA_NC_05266" 6.20755115229 -2.39273449526 -2.467147388 -1.34766926903 4
"PCA_NC_02718" 7.4224703191875 -4.2567152231725 -1.2058079968625 -1.9599470991525 4
"PCA_NC_02720" 5.051181311183 -3.402655737959 -0.768166827297 -0.880358745927 4
"PCA_NC_05680" 4.59051447722825 -5.56117886663475 -2.58573038625175 3.55639477565825 4
"PCA_NC_03707" 6.1559987693125 -1.9384404020375 -2.2733227008175 -1.9442356664575 4
"PCA_NC_03699" 7.1388077924275 -3.9804349249325 -1.7946107362825 -1.3637621312125 4
"PCA_NC_04760" 6.7469176612325 -1.6681243610175 -3.4060489464275 -1.6727443537875 4
"PCA_NC_04761" 8.45345988161 -2.07499638644 -2.47956293851 -3.89890055666 4
"PCA_NC_05238" 7.0223324976575 -3.0826944650425 -1.6024758375325 -2.3371621950825 4
"PCA_NC_04524" 5.2565136306225 -1.2718188841775 -3.5661271159575 -0.418567630487499 4
"PCA_NC_06448" 3.174338322195 -4.725798714395 -1.466461264495 3.017921656695 4
"PCA_NC_03750" 4.3177149981575 -1.5312787064925 -2.6937714253325 -0.0926648663325 4
"PCA_NC_09166" 6.7924668683825 -2.9769167577575 -2.4950552562075 -1.3204948544175 4
"PCA_NC_04290" 3.5603167165575 -4.3334269437925 -1.3806501604225 2.1537603876575 4
"PCA_NC_06098" 3.95715130081 -4.59558585633 -1.84802370788 2.4864582634 4
"PCA_NC_13364" 5.610215662775 -2.046324714025 -3.146203146025 -0.417687802725 4
"PCA_NC_16014" 5.51863599425 -3.45303955291 -3.43651306969 1.37091662835 4
"PCA_NC_06312" 3.855001700515 -4.285332792415 -0.424667962275 0.854999054175 4
"PCA_NC_05555" 6.356359263175 -2.555563539435 -2.078554316805 -1.722241406935 4
"PCA_NC_05542" 6.9317755021025 -2.7808945809775 -1.8701265961275 -2.2807543249975 4
"PCA_NC_08140" 3.3758145748 -2.62160675549 -1.71667902282 0.96247120351 4
"PCA_NC_10693" 5.661487382895 -1.896189061885 -2.306456129905 -1.458842191105 4
"PCA_NC_12200" 5.783444872515 -2.212077425395 -2.851762452155 -0.719604994965 4
"PCA_NC_07854" 6.775190697665 -2.292137995675 -1.706043263355 -2.777009438635 4
"PCA_NC_09602" 4.1399729188985 -2.5901877551755 -1.0701939698315 -0.4795911938915 4
"PCA_NC_11229" 5.90871153187 -3.82782817361 -2.45992619363 0.379042835370001 4
"PCA_NC_08812" 6.91528402633475 -2.45605565535525 -1.67767991003525 -2.78154846094425 4
"PCA_NC_08376" 3.4962108340675 -2.1825188467525 -2.4847501576825 1.1710581703675 4
"PCA_NC_12334" 2.7811616991925 -4.6379614615675 -3.8138991388975 5.6706989012725 4
"PCA_NC_06226" 4.9816260727775 -5.2769333617025 -3.3621558926525 3.6574631815775 4
"PCA_NC_06247" 4.8308531486375 -4.5498239834125 -0.829926083662501 0.548896918437499 4
"PCA_NC_06240" 3.676272847275 -3.551052958025 -2.658020220585 2.532800331335 4
"PCA_NC_10824" 6.7284965659975 -3.2688116133425 -1.7912000279525 -1.6684849247025 4
"PCA_NC_12086" 7.677843177834 -3.865891946926 -1.798132488436 -2.013818742472 4
"PCA_NC_11520" 5.39822541002825 -3.28633221178175 -0.63167536232375 -1.48021783592275 4
"PCA_NC_17427" 4.1291205992 -5.67327446375 -1.57524087105 3.1193947356 4
"PCA_NC_13028" 6.64697591027 -1.47490676297 -2.38917163321 -2.78289751409 4
"PCA_NC_09359" 4.6211954491675 -3.2482394299025 -0.7151808274225 -0.6577751918425 4
"PCA_NC_19578" 3.762134169318 -5.094664181934 -1.885256496932 3.217786509548 4
"PCA_NC_11525" 4.520911030495 -4.191517770575 -1.302621477225 0.973228217305 4
"PCA_NC_15645" 4.3363701203025 -0.8679935484875 -2.8290733698375 -0.6393032019775 4
"PCA_NC_12918" 4.95487006579925 -4.97648686110775 -1.55260037900075 1.57421717430925 4
"PCA_NC_12589" 3.6480552832445 -3.5990591697335 -0.4753860209755 0.4263899074645 4
"PCA_NC_21309" 7.0075639095825 -2.7579574102375 -2.6675305405375 -1.5820759588075 4
"PCA_NC_13572" 8.3583043980975 -3.9913688264325 -2.6421957397325 -1.7247398319325 4
"PCA_NC_17636" 5.3002395434025 -3.3333339080975 -1.2316591024975 -0.7352465328075 4
"PCA_NC_17637" 3.52755109715875 -3.40957899800125 -0.90649319012625 0.78852109096875 4
"PCA_NC_19489" 6.63220552339 -3.50002088553 -1.45482132925 -1.67736330861 4
"PCA_NC_16370" 5.8285335127525 -3.1243559461175 -1.3836529287275 -1.3205246379075 4
"PCA_NC_18660" 4.65301105263 -2.78804163441 -1.13243528841 -0.73253412981 4
"PCA_NC_18638" 4.07476683644073 -3.52427469523218 -2.27083092995928 1.72033878875072 4
"PCA_NC_25833" 6.7040519414775 -1.8869017518525 -1.9818142872125 -2.8353359024125 4
"PCA_NC_25761" 6.33580622561 -2.85723879969 -2.82461179133 -0.65395563459 4
"PCA_NC_25760" 5.98091459429 -2.43068283791 -2.88694639297 -0.663285363410001 4
"PCA_NC_26110" 3.33740877025025 -2.97000599783475 -1.28030067667575 0.91289790426025 4
"PCA_NC_25587" 5.44497077943 -2.57204693027 -1.95954207009 -0.91338177907 4
"PCA_NC_27605" 6.1937419419425 -3.9447341891675 -2.6025300987175 0.353522345942499 4
"PCA_NC_00238" 1.52172971244775 -1.31449114099225 -0.72509325970325 0.51785468824775 5
"PCA_NC_00005" 4.833463450075 1.406604588915 -3.777473185255 -2.462594853735 5
"PCA_NC_00549" 1.6869418928 0.6245352384 -0.58888629 -1.7225908412 5
"PCA_NC_00546" 1.44918529565 0.28554957115 -1.05441455305 -0.68032031375 5
"PCA_NC_00557" 0.7715724286575 0.274880887657501 -0.7768084373725 -0.269644878942501 5
"PCA_NC_00820" 1.1750757669 -0.805398890579999 -0.32494042988 -0.04473644644 5
"PCA_NC_04106" 0.3977972536225 -0.2863895365675 1.4801610412025 -1.5915687582575 5
"PCA_NC_04115" 2.3830525742 -0.71842616797 -1.46170375468 -0.202922651550001 5
"PCA_NC_00757" 2.047355806155 -0.153070179635 -1.499936279015 -0.394349347504999 5
"PCA_NC_00687" 1.56538520699 -0.98653152004 -0.241894308579999 -0.336959378369999 5
"PCA_NC_01368" 1.861963229785 -0.813065490605 -0.474444192975 -0.574453546205 5
"PCA_NC_01359" 0.6630363629675 0.3418401384875 -1.8180765388225 0.8132000373675 5
"PCA_NC_02422" 2.1868678014145 -1.4923854714535 -0.4567741302955 -0.2377081996655 5
"PCA_NC_02427" 1.52526630185 -0.47988345305 -0.32226931245 -0.723113536350001 5
"PCA_NC_02478" 0.93596427727145 -1.07616101409755 0.05454487727165 0.08565185955445 5
"PCA_NC_03122" 0.512893498952501 0.7448318406525 -1.2244610160575 -0.033264323547499 5
"PCA_NC_01218" 4.19319288801 0.11462237631 -2.84833405338 -1.45948121094 5
"PCA_NC_01646" 1.1278691730979 -0.1587429029601 -0.2702939600161 -0.6988323101217 5
"PCA_NC_01725" 0.4493552635425 0.5922853004025 -1.1855116945275 0.1438711305825 5
"PCA_NC_01711" 0.7410383758325 1.0804063297725 -1.4068744934175 -0.4145702121875 5
"PCA_NC_03472" -0.11702112201 -1.25028351504 -1.47724398118 2.84454861823 5
"PCA_NC_03402" 3.230215933431 -1.046244283829 -1.338890689443 -0.845080960159 5
"PCA_NC_04069" 1.27199865185425 0.20790124419025 -0.0785337068487499 -1.40136618919575 5
"PCA_NC_04677" 0.778038949507501 2.0639554201275 -2.4306639259625 -0.4113304436725 5
"PCA_NC_02981" 1.3970741195825 -1.1439358255175 -1.6684743516675 1.4153360576025 5
"PCA_NC_02266" 2.0793812906825 -1.2658991477975 -2.7488626486675 1.9353805057825 5
"PCA_NC_01545" 1.5723688459025 -0.7175172333975 -0.628740426777499 -0.226111185727499 5
"PCA_NC_01546" 2.5964398161925 -0.2774096238875 -1.6194513495375 -0.6995788427675 5
"PCA_NC_01559" 1.383099660825 -0.943940705505 -0.318063568575001 -0.121095386745001 5
"PCA_NC_04649" 0.8565860547275 1.4170836356375 -2.3315843560125 0.0579146656475 5
"PCA_NC_02138" 1.8765843218952 -1.1644078288418 -0.2011709109408 -0.5110055821126 5
"PCA_NC_02077" 0.668585599475 2.692040671775 -4.436291092925 1.075664821675 5
"PCA_NC_02288" 3.1544253483975 -0.309375752762501 -3.4686724858225 0.6236228901875 5
"PCA_NC_02280" 2.6467023694075 -1.7229438277025 -2.1200126001025 1.1962540583975 5
"PCA_NC_02364" 0.649811575778625 -1.13450372240737 0.077786841276125 0.406905305352625 5
"PCA_NC_05314" 0.9298818284975 0.5058558912975 -1.0182203436925 -0.4175173761025 5
"PCA_NC_02557" 0.0670215584624998 2.4812796683425 -4.9350329187475 2.3867316919425 5
"PCA_NC_05697" 0.7063155508325 -1.0756481395975 -0.3430012105875 0.7123337993525 5
"PCA_NC_05363" 0.6961721924525 0.1048176892825 -2.4900518708475 1.6890619891125 5
"PCA_NC_05228" 0.940131205225001 -0.675750660075 -0.455781560575 0.191401015425001 5
"PCA_NC_05201" 2.4173678038925 1.4600662363425 -1.5725402883875 -2.3048937518475 5
"PCA_NC_05252" 1.1441121343275 -0.833878162122501 -0.061726586862501 -0.2485073853425 5
"PCA_NC_06486" 1.71897771125 -1.52837575555 0.0566972412499993 -0.247299196949999 5
"PCA_NC_06410" 1.717515003955 -0.781277801965 -0.876805683845001 -0.0594315181450007 5
"PCA_NC_09508" 1.1121960117975 0.2239582822775 -0.5742065758225 -0.7619477182525 5
"PCA_NC_09468" 0.963756307000001 0.798189346600001 -1.35650153286 -0.40544412074 5
"PCA_NC_06847" 1.9710668062075 1.1491077640975 -2.1388019756325 -0.9813725946725 5
"PCA_NC_09165" 0.3897403374525 0.5722643448525 -1.7650653765975 0.8030606942925 5
"PCA_NC_04314" 0.748287510299999 0.346539525699999 -0.767938110300001 -0.3268889257 5
"PCA_NC_04337" 0.9853284740975 0.5978035253975 -2.9253816879725 1.3422496884775 5
"PCA_NC_06135" 2.09092532427 1.54282814788 -3.46074448391 -0.17300898824 5
"PCA_NC_06150" 3.3380268810275 -0.8200061773325 -1.7114786089825 -0.8065420947125 5
"PCA_NC_06193" 0.8660491580375 2.4737846816375 -2.7855201587025 -0.5543136809725 5
"PCA_NC_07513" 0.6845451606375 2.8058015966375 -1.5307798511325 -1.9595669061425 5
"PCA_NC_07514" 1.046299747525 0.112882407824999 -1.024580804375 -0.134601350975 5
"PCA_NC_05798" 3.4176918732875 -1.3395649129825 -1.2705451441125 -0.8075818161925 5
"PCA_NC_10752" -0.2726612159375 -0.0528663224675001 -1.0011652111075 1.3266927495125 5
"PCA_NC_07266" 1.7128485036175 -1.1784902408005 -1.0751875533645 0.5408292905475 5
"PCA_NC_15991" 1.876740609935 -1.677052944945 -0.571224639225001 0.371536974234999 5
"PCA_NC_06269" 2.1905782003175 0.1569572363175 -1.8830014975125 -0.4645339391225 5
"PCA_NC_06280" 0.273505397895 1.287927322895 -1.925366472365 0.363933751575 5
"PCA_NC_11426" 4.3102954903375 0.750053785237499 -5.1801090468125 0.119759771237501 5
"PCA_NC_14296" 3.982218324015 -0.178516900645 -2.190872310765 -1.612829112605 5
"PCA_NC_06970" 1.220318853425 -0.000480716374999801 -0.430491017774999 -0.789347119275 5
"PCA_NC_07595" 2.6740356646 -0.178579282599999 -1.5526969089 -0.942759473099999 5
"PCA_NC_10462" 1.100515757445 -0.0272260598449998 -2.389907485435 1.316617787835 5
"PCA_NC_10472" 1.6794530328325 3.4292384931225 -2.3817323036175 -2.7269592223375 5
"PCA_NC_09007" 0.0307549971224996 -0.8995011434475 -0.9339802958775 1.8027264422025 5
"PCA_NC_09016" 2.249478963145 -1.360849745665 -1.566094317915 0.677465100435 5
"PCA_NC_06878" 1.9747936892725 0.5908443896525 -1.4884439371775 -1.0771941417475 5
"PCA_NC_12153" 1.7050706152625 1.5110466564625 -1.5714158495775 -1.6447014221475 5
"PCA_NC_12135" 1.19129885923 -0.76153154914 -1.10571062094 0.67594331085 5
"PCA_NC_09410" 0.0579658144974999 1.0497048210275 -2.3063046998625 1.1986340643375 5
"PCA_NC_18666" 1.0511480516625 0.8771488955725 -1.2147381913475 -0.7135587558875 5
"PCA_NC_07838" 1.6273909566975 -1.6176452570725 -0.0122567651524985 0.00251106552750002 5
"PCA_NC_07828" 0.2775726291125 1.9843057453925 -1.7335002789175 -0.5283780955875 5
"PCA_NC_05877" 1.923904199015 -1.633582057595 -0.580630743275 0.290308601854999 5
"PCA_NC_05870" 1.2632007385695 -0.2050520540795 -0.4402856978425 -0.6178629866475 5
"PCA_NC_09652" 1.6370585929575 1.7659477264075 -1.6917272000625 -1.7112791193025 5
"PCA_NC_06516" 1.3689836703125 0.5648357136225 -0.1462973885175 -1.7875219954175 5
"PCA_NC_14369" 0.69843785335 0.73050372762 -1.57168125936 0.14273967839 5
"PCA_NC_09702" 1.589500230075 -1.538270572625 -0.00509161232499977 -0.0461380451249997 5
"PCA_NC_09706" 3.3412183578925 2.2173776580125 -2.9609210789275 -2.5976749369775 5
"PCA_NC_10114" 1.0654532642 0.4192205216 -0.603894520599999 -0.880779265199999 5
"PCA_NC_10088" 1.5389592686875 -0.595521351512499 -1.3836554151625 0.440217497987501 5
"PCA_NC_08401" 0.59181185017925 2.03268235829925 -0.67994035270375 -1.94455385577475 5
"PCA_NC_10142" 2.072574274175 -0.814977475325 -0.516200526124999 -0.741396272724998 5
"PCA_NC_10135" 1.5828712498 0.437122116399999 -1.7232878718 -0.296705494399999 5
"PCA_NC_10801" 1.3366854777275 -1.0103857321895 0.2127895099755 -0.5390892555135 5
"PCA_NC_10662" 1.2008774911 -0.489388799899999 -0.5144432822 -0.197045408999999 5
"PCA_NC_08097" 1.41973124957 -1.45982023111 -0.18239655621 0.22248553775 5
"PCA_NC_08109" 0.901957081215 1.475471707135 -1.843317214805 -0.534111573545 5
"PCA_NC_06210" 0.8842097725325 -0.7435604263775 0.7274387010125 -0.8680880471675 5
"PCA_NC_06217" 1.372682010125 -0.707644967775 -0.189948319375 -0.475088722975 5
"PCA_NC_06242" 1.943617190495 -0.775614755645 -2.198253987395 1.030251552545 5
"PCA_NC_09943" 0.89310956840525 -1.14264196380975 -0.67572984501075 0.92526224041525 5
"PCA_NC_13408" 2.5987522878 -0.450445629199999 -0.792721691300001 -1.3555849673 5
"PCA_NC_08575" 1.8571170422 -0.3857378031 -0.665263177099998 -0.806116061999999 5
"PCA_NC_13223" 1.546659492823 0.426614402353 -0.249427117259 -1.723846777917 5
"PCA_NC_14391" 2.206609243685 0.237082136565 -1.977745346385 -0.465946033865 5
"PCA_NC_10037" 0.0803048717574999 -0.00020258815249985 -2.0796646277025 1.9995623440975 5
"PCA_NC_07980" 2.2315132403575 1.0837360096575 -0.904493246902501 -2.4107560031125 5
"PCA_NC_07931" 1.989329816625 -0.556231294975001 -1.619212774875 0.186114253225 5
"PCA_NC_11743" 1.1029162376275 -0.861454127182501 0.0734363487274994 -0.3148984591725 5
"PCA_NC_10952" 0.2770407746935 -0.1962613797465 1.1792350085335 -1.2600144034805 5
"PCA_NC_13136" -0.2793003167275 0.5905383712725 -1.4479943910575 1.1367563365125 5
"PCA_NC_11067" 1.9186493012275 -0.347663635822499 -0.425424272912499 -1.1455613924925 5
"PCA_NC_13176" -0.0444417436375 -0.4549539792975 -0.9996804027075 1.4990761256425 5
"PCA_NC_12380" 1.07674743552725 -1.23920989735075 -1.11082258233375 1.27328504415725 5
"PCA_NC_12379" 1.86198262926 -1.64501608731 -0.527180979660001 0.31021443771 5
"PCA_NC_14457" 1.11488092846 -0.78365053133 0.4657812107 -0.79701160783 5
"PCA_NC_14472" 1.4479431965725 -0.3853637004675 -2.5977851089075 1.5352056128025 5
"PCA_NC_14443" 0.5309371179325 -0.9264227865975 -0.6890996313975 1.0845853000625 5
"PCA_NC_09332" 2.93348447375 -0.92469189985 -0.71975890535 -1.28903366855 5
"PCA_NC_17957" 1.4344597410625 -0.2807704551975 -0.285374319147499 -0.868314966717499 5
"PCA_NC_19379" 1.84792088916 -0.691992432829998 -0.821632956089999 -0.33429550024 5
"PCA_NC_16798" 0.63822998491 0.865710727990001 0.697812116190001 -2.20175282909 5
"PCA_NC_12915" 2.2170451704625 -1.2046523941675 -1.0226090945975 0.0102163183025006 5
"PCA_NC_12581" 1.6136996412925 1.1169564511125 -0.3535323465175 -2.3771237458875 5
"PCA_NC_16579" 0.5902233141175 -0.1715530930325 -1.8177994390225 1.3991292179375 5
"PCA_NC_15448" 2.4873099983 1.25539518698 -2.60935148158 -1.1333537037 5
"PCA_NC_15443" 0.8579863615 0.239747599000001 -0.76864690685 -0.329087053649999 5
"PCA_NC_14588" 0.481759448745 0.303846131025 -2.120525864555 1.334920284785 5
"PCA_NC_15213" 2.475625765315 -0.525761928564999 -1.303180213065 -0.646683623684999 5
"PCA_NC_16202" -0.4624606172175 -0.6804046279975 -1.4758782674675 2.6187435126825 5
"PCA_NC_19860" 0.7047163578275 -1.1103009698825 0.0539445074275005 0.351640104627499 5
"PCA_NC_16106" 3.1760855904425 -1.2921343303775 -2.3917411371175 0.5077898770525 5
"PCA_NC_13551" -0.1730819634325 1.4354322505875 -2.4780190793225 1.2156687921675 5
"PCA_NC_14689" 0.885127731675 2.396880275805 -3.633667384475 0.351659376995 5
"PCA_NC_20974" 1.6383092594125 -1.0518148069075 -0.262616700057499 -0.323877752447499 5
"PCA_NC_15074" 3.3456310410575 0.3118943506875 -2.2410197779525 -1.4165056137925 5
"PCA_NC_15079" 1.4098353234 0.23792941534 -1.10525196388 -0.54251277486 5
"PCA_NC_17642" 0.938120151744998 -0.317172469735 -0.751210809455001 0.130263127445 5
"PCA_NC_20205" 0.5054710572225 3.2386430950625 -2.5348589341075 -1.2092552181775 5
"PCA_NC_21700" 0.6862094636025 -0.5009798842775 1.2663527434425 -1.4515823227675 5
"PCA_NC_23090" 0.776037850802501 0.8483429262825 -0.9429907484175 -0.6813900286675 5
"PCA_NC_17235" 1.984793716125 -1.640805446565 -1.419022511935 1.075034242375 5
"PCA_NC_17240" 2.2428193949125 -0.0248014889875003 -2.5101609492175 0.2921430432925 5
"PCA_NC_25282" 2.0832633605975 -0.0349642312325003 -1.1348513918725 -0.913447737492501 5
"PCA_NC_18830" 1.5795055282475 -0.7665874473625 -1.3618082216325 0.5488901407475 5
"PCA_NC_17350" -0.3136453883525 -0.877232707432499 -0.6572660359225 1.8481441317075 5
"PCA_NC_17274" 0.575293461487499 1.5842285268075 -3.6505255481625 1.4910035598675 5
"PCA_NC_18930" 0.846698020774999 -0.853045149125 -0.183900497625 0.190247625974999 5
"PCA_NC_17567" 1.02714707309 -0.0202114068999997 -1.94041566942 0.93348000323 5
"PCA_NC_17721" 0.5623169825225 0.9420958372225 -1.5129026942575 0.00848987451250016 5
"PCA_NC_19632" 1.03158311934425 -0.85530828024575 1.00068458314725 -1.17695942224575 5
"PCA_NC_21046" 3.1742496408725 0.0359577267024997 -2.2010125572275 -1.0091948103475 5
"PCA_NC_21044" 0.6737140681475 1.5110905406975 -2.4472309865325 0.2624263776875 5
"PCA_NC_22672" 1.90466849954 -0.20226103837 -2.43397158317 0.731564122 5
"PCA_NC_26065" 1.43362130946 0.430471632010001 -1.94114291731 0.0770499758400005 5
"PCA_NC_21918" 0.77582353405 0.74239090925 -0.202129051549999 -1.31608539175 5
"PCA_NC_23109" 1.391951149345 2.838942347095 -1.993124141045 -2.237769355395 5
"PCA_NC_24990" 0.9020305808 -0.5331275955 -0.6191172907 0.2502143054 5
"PCA_NC_27990" 1.36365303383 0.86220187613 -1.2083092249 -1.01754568506 5
"PCA_NC_23296" 0.9004804153025 1.8497158114325 -0.167794699157501 -2.5824015275775 5
"PCA_NC_22935" 3.370244365505 0.277435585595001 -2.864555672545 -0.783124278554999 5
"PCA_NC_25315" 2.36069861901 -1.1485510882 -3.14370339757 1.93155586676 5
"PCA_NC_23239" 2.7438841686125 0.9758896357525 -2.5127485686875 -1.2070252356775 5
"PCA_NC_27054" 2.124971047025 -0.236253286904999 -1.006737179995 -0.881980580124999 5
"PCA_NC_26186" 0.3863937448775 2.6345028587175 -2.7875290251625 -0.2333675784325 5
"PCA_NC_25920" 2.2100187070615 1.0719357311415 -0.6529409712085 -2.6290134669945 5
"PCA_NC_24571" 2.42462438318 -0.55355998378 -1.36363500244 -0.50742939696 5
"PCA_NC_27907" 2.8330996980675 0.0153208590175002 -2.5626449202525 -0.2857756368325 5
"PCA_NC_26243" 1.6895281018 -1.5166652416 0.3239283179 -0.496791178100001 5
"PCA_NC_26619" 2.0242528193325 -1.9188759194575 -0.1635359189075 0.0581590190324999 5
"PCA_NC_28381" 2.4044009287725 1.2874373424125 -2.5219614217375 -1.1698768494475 5
"PCA_NC_00077" -3.8901907132475 3.2529732638825 0.5937672608325 0.0434501885325003 6
"PCA_NC_00178" -4.970770626748 3.254935998606 1.871861891516 -0.156027263374 6
"PCA_NC_00525" -4.50146810656715 4.20559186467905 -0.59973652400095 0.89561276588905 6
"PCA_NC_00488" -3.3486357518175 3.9061836442225 -0.0330074340475006 -0.5245404583575 6
"PCA_NC_00471" -2.8836823849975 3.4067481461325 -1.9743137845675 1.4512480234325 6
"PCA_NC_00792" -2.5324406396725 3.8916708269075 -1.0510694331325 -0.3081607541025 6
"PCA_NC_00911" -2.7654935698925 3.0020727381475 -0.2971426040525 0.0605634357975 6
"PCA_NC_04153" -4.4400146710175 4.6814466905025 -2.2290125074075 1.9875804879225 6
"PCA_NC_00923" -4.81331374078225 3.34880474585075 1.22907902583075 0.23542996910075 6
"PCA_NC_00926" -3.7599322432029 0.9755073874643 1.3354432045743 1.4489816511643 6
"PCA_NC_01026" -4.91308768398375 3.85738936280125 0.917115045701251 0.13858327548125 6
"PCA_NC_01172" -3.33344005658713 3.77120109393238 -2.19204962738763 1.75428859004237 6
"PCA_NC_01175" -4.118390748605 2.237464380845 -1.194106325455 3.075032693215 6
"PCA_NC_01088" -4.7476179275925 3.7630996457575 0.5897748077975 0.3947434740375 6
"PCA_NC_01129" -3.860381436105 2.072362674045 2.094929609295 -0.306910847235 6
"PCA_NC_01764" -3.721792130249 3.675399930931 -1.614848047543 1.661240246861 6
"PCA_NC_02439" -5.128832801455 3.208955023575 1.405111855915 0.514765921965 6
"PCA_NC_03116" -3.99854002033 2.07249346992 -1.05878209326 2.98482864367 6
"PCA_NC_03088" -3.917407999095 3.442502747745 0.573395806545001 -0.0984905551949993 6
"PCA_NC_01887" -4.9878830323075 3.0630955024925 1.6036445537125 0.3211429761025 6
"PCA_NC_01247" -5.13704934482575 5.06818482824525 -0.95124051150475 1.02010502808525 6
"PCA_NC_01244" -5.3606153708045 3.6000656444415 1.2206579450315 0.539891781331501 6
"PCA_NC_01223" -4.10916759339025 1.13819894535675 2.14744407646675 0.82352457156675 6
"PCA_NC_01197" -4.963267587145 4.167466184215 1.206119694115 -0.410318291185 6
"PCA_NC_01667" -4.2029252214375 2.7407998330425 1.2242319600725 0.2378934283225 6
"PCA_NC_05130" -4.165319735205 5.243609102265 -1.885167302195 0.806877935135001 6
"PCA_NC_01498" -4.43256788853 3.20030356156 1.30632496727 -0.0740606402999999 6
"PCA_NC_01529" -5.49128911284125 3.39452755781375 0.48296061119375 1.61380094383375 6
"PCA_NC_04836" -3.609018633065 3.498609570415 0.191393291775 -0.0809842291250003 6
"PCA_NC_03418" -4.36181267590325 1.41038551328775 2.72860001410775 0.22282714850775 6
"PCA_NC_04062" -4.609872873018 4.195148226706 0.263265864906 0.151458781406 6
"PCA_NC_04053" -4.2134281902925 4.2112304957275 -0.0770649533225001 0.0792626478874996 6
"PCA_NC_04070" -3.463108881665 3.103631004715 0.864784048275 -0.505306171325 6
"PCA_NC_02014" -4.3783843560275 1.2207023684425 2.2414739664425 0.9162080211425 6
"PCA_NC_03896" -3.30709358815 1.48274815044 0.76474065247 1.05960478524 6
"PCA_NC_02219" -3.0147900142225 4.5284892336975 -0.9273833877055 -0.5863158317695 6
"PCA_NC_02203" -3.945524613825 2.657817383915 1.938448681515 -0.650741451605001 6
"PCA_NC_02201" -2.8192099125 2.48662501504 0.19464983606 0.137935061399999 6
"PCA_NC_01586" -2.8727908593925 2.8936811699775 -2.2768776357125 2.2559873251275 6
"PCA_NC_02141" -4.58399182093975 2.98585427662325 2.39448696865325 -0.79634942433675 6
"PCA_NC_02372" -3.74486613855125 2.83475209742375 1.18748432801375 -0.27737028688625 6
"PCA_NC_03265" -3.767829523194 3.711369079918 0.895886108868 -0.839425665592 6
"PCA_NC_05270" -4.5240612152975 2.2466065323625 2.1367004041225 0.1407542788125 6
"PCA_NC_02489" -4.8860090776275 4.0337514376325 1.6640041691025 -0.8117465291075 6
"PCA_NC_02513" -2.9412265559125 4.3502618515375 -2.7450138434825 1.3359785478575 6
"PCA_NC_05937" -4.75332391960575 2.89795007142525 1.08068783747525 0.77468601070525 6
"PCA_NC_05672" -5.0669844959625 3.1156030792675 1.3400191555975 0.6113622610975 6
"PCA_NC_05657" -4.0286036443675 3.4290783107225 0.0652341893725001 0.5342911442725 6
"PCA_NC_05663" -4.0451203896025 1.3885230942575 1.8581189496075 0.798478345737499 6
"PCA_NC_05711" -3.662162258365 3.795818260115 -0.742857598615 0.609201596865 6
"PCA_NC_11651" -5.24246036807525 3.08582375995175 2.01787065942175 0.13876594870175 6
"PCA_NC_11659" -2.83018111886 3.47936187597 -0.388939140030001 -0.26024161708 6
"PCA_NC_05351" -2.3490563990375 4.5714757810425 -0.5259182672575 -1.6965011147475 6
"PCA_NC_05372" -2.8659591443075 2.7191699843025 -0.656547460797499 0.803336620802501 6
"PCA_NC_05185" -3.39882670987475 4.40500528486825 -1.05590184479175 0.0497232697982501 6
"PCA_NC_05222" -4.63540153773 1.81041993661 0.680574231410001 2.14440736971 6
"PCA_NC_05247" -3.9609712970325 4.5902839010375 -0.9850055904425 0.3556929864375 6
"PCA_NC_06459" -4.9213127763905 2.2135189440935 1.2133869000035 1.4944069322935 6
"PCA_NC_06397" -5.30444181536475 5.39848873471825 -2.27446363158175 2.18041671222825 6
"PCA_NC_09506" -3.1073415091875 3.6229140637725 -0.4565957224575 -0.0589768321274997 6
"PCA_NC_04463" -4.19534265243425 4.50099075596475 0.221264596124749 -0.52691269965525 6
"PCA_NC_04466" -3.08761354592 1.76873983458 2.36856902689 -1.04969531555 6
"PCA_NC_04288" -2.756675756155 2.739406576905 -0.207604904725 0.224874083975 6
"PCA_NC_06694" -5.08288885638525 2.45974690007175 2.33498770443175 0.28815425188175 6
"PCA_NC_06004" -5.12515049231375 5.24412734631125 -0.30387462276875 0.184897768771251 6
"PCA_NC_06006" -4.583858638076 2.824022167342 1.262794576942 0.497041893792 6
"PCA_NC_06114" -2.87991728089 3.14322392366 1.35771967255 -1.62102631532 6
"PCA_NC_06158" -3.3110803342235 3.2487368063645 0.4932931463745 -0.4309496185155 6
"PCA_NC_07492" -3.25896980423708 4.49921492457569 -1.30321876250431 0.0629736421656926 6
"PCA_NC_11357" -3.54695393684425 2.90210593451475 1.04906604655475 -0.40421804422525 6
"PCA_NC_05803" -5.44854523353225 2.43805279409075 1.81768114230075 1.19281129714075 6
"PCA_NC_05813" -3.38006811163425 2.16414660806475 -0.98146867166525 2.19739017523475 6
"PCA_NC_07559" -3.5166009333425 3.1803526639475 -0.6251776840425 0.9614259534375 6
"PCA_NC_05757" -2.989063936895 2.792538699625 0.365325220015 -0.168799982745 6
"PCA_NC_08877" -2.7421393153025 2.6250728374775 -0.0525060671824999 0.1695725450075 6
"PCA_NC_07287" -3.8627775068655 3.4373470865585 1.0267364661785 -0.6013060458715 6
"PCA_NC_14121" -4.441476281152 2.695563216134 1.299084336724 0.446828728294 6
"PCA_NC_14094" -4.82017335551 3.84381536732 -0.0212225046999999 0.99758049289 6
"PCA_NC_14090" -3.9447965835655 2.3722636654685 0.1900244444685 1.3825084736285 6
"PCA_NC_14113" -2.923236738745 2.496527335005 0.327837828014999 0.0988715757249992 6
"PCA_NC_14030" -3.7039492121175 2.4038905531925 0.6768522122625 0.6232064466625 6
"PCA_NC_10587" -4.81664287724075 2.38903266618025 2.65127182328025 -0.22366161221975 6
"PCA_NC_10282" -4.309827888029 2.689994991703 0.420600996133 1.199231900193 6
"PCA_NC_08431" -4.037333064605 3.364223486685 1.167011439255 -0.493901861335001 6
"PCA_NC_05567" -4.195380766365 3.565610976355 0.578752429835 0.0510173601749999 6
"PCA_NC_17579" -3.37849753731 2.48520512448 1.22904951105 -0.33575709822 6
"PCA_NC_07608" -3.5198764362475 3.3398192593525 1.2445581594225 -1.0645009825275 6
"PCA_NC_07615" -4.9820193102285 3.8278183472195 1.7992273779095 -0.6450264149005 6
"PCA_NC_12742" -4.325682824815 1.480673409825 0.570090668864999 2.274918746125 6
"PCA_NC_07099" -4.2557572639925 1.9146359796775 1.6758270771675 0.665294207147499 6
"PCA_NC_10683" -5.06750938006575 3.76237278733525 0.36895313839525 0.93618345433525 6
"PCA_NC_10695" -3.01766612452 2.60234273206 0.2001468754 0.21517651706 6
"PCA_NC_12878" -4.24074816532 4.28547559963 0.43599973499 -0.4807271693 6
"PCA_NC_06724" -3.069507159035 2.278298210715 0.120686338445 0.670522609875 6
"PCA_NC_07865" -4.17571948395475 3.12886363646825 0.34755959165825 0.69929625582825 6
"PCA_NC_07892" -4.544165582187 4.002038402159 1.057469224919 -0.515342044891 6
"PCA_NC_07883" -4.6413520994775 3.6774173677025 1.6712311996325 -0.7072964678575 6
"PCA_NC_11226" -4.17420015809475 1.18219650076825 2.05088437308825 0.941119284238249 6
"PCA_NC_08815" -5.279305661799 2.582442798423 2.044135690663 0.652727172713 6
"PCA_NC_09704" -2.738367226145 4.560150883695 -2.212953197045 0.391169539495 6
"PCA_NC_10131" -2.9761420778 2.04127758452 -0.28762891463 1.22249340791 6
"PCA_NC_11919" -4.17672175913125 4.84510073534375 -1.22166659762625 0.55328762141375 6
"PCA_NC_13485" -4.75988068152025 3.65069689045675 1.68894727118675 -0.57976348012325 6
"PCA_NC_10785" -3.104248065135 2.683820752795 -0.568669336675 0.989096649015 6
"PCA_NC_10793" -3.8369856297875 0.9933335752725 1.6092617387525 1.2343903157625 6
"PCA_NC_10637" -2.54338489854075 4.80624379473925 -0.45059506919775 -1.81226382700075 6
"PCA_NC_08086" -2.81713499878 3.9148097603 -1.50561145343 0.40793669191 6
"PCA_NC_09958" -4.2558612287375 4.6446593160825 -0.4174982965075 0.0287002091624999 6
"PCA_NC_10032" -3.09081249458975 3.11295774433325 -1.33407160496675 1.31192635522325 6
"PCA_NC_07979" -3.7356123945375 2.9807771444025 0.8525107022725 -0.0976754521374996 6
"PCA_NC_07947" -4.68687091405475 4.55208379077825 0.79504344512825 -0.66025632185175 6
"PCA_NC_07913" -4.257120520445 4.516653210105 0.488518192575 -0.748050882234999 6
"PCA_NC_11755" -4.17696696087 3.9285391575 1.22087463834 -0.97244683497 6
"PCA_NC_11766" -4.171291149345 3.034516325505 -2.009816046755 3.146590870595 6
"PCA_NC_08634" -3.4175520635085 4.3603942726615 -1.3125628421045 0.3697206329515 6
"PCA_NC_09893" -4.966893055059 4.538011552233 -0.816859410237 1.245740913063 6
"PCA_NC_12120" -4.846939265075 1.721640550945 2.748706022255 0.376592691875 6
"PCA_NC_12094" -5.26964753058 3.94605983065 0.9866792925 0.33690840743 6
"PCA_NC_17339" -4.7538051303725 3.4153662101575 0.2836522263175 1.0547866938975 6
"PCA_NC_13040" -5.9157058752275 2.7237761261625 0.0707804264025 3.1211493226625 6
"PCA_NC_16347" -4.7622869363 4.48191210863 0.82497270113 -0.54459787346 6
"PCA_NC_15861" -4.26370209941175 2.95480721727725 0.51549575416725 0.79339912796725 6
"PCA_NC_12604" -4.38027258824175 2.43250638027725 2.73277650280725 -0.78501029484275 6
"PCA_NC_15919" -3.946498939975 3.648827350205 -0.186243017595 0.483914607365 6
"PCA_NC_14894" -3.4587526834175 2.9226381061225 0.609854380072499 -0.0737398027775003 6
"PCA_NC_14164" -4.241105329615 5.616689532955 -2.035373761885 0.659789558545 6
"PCA_NC_15163" -5.1476324654595 3.3407397843065 -2.1006786516335 3.9075713327865 6
"PCA_NC_18054" -3.26561000042875 1.38805565561625 0.57574119278625 1.30181315202625 6
"PCA_NC_22063" -2.74237940763375 2.73075630070625 1.27981183327625 -1.26818872634875 6
"PCA_NC_20341" -3.2117570083425 2.4334654207075 1.6780914767375 -0.8997998891025 6
"PCA_NC_18288" -3.854090101655 2.027905896095 0.547723119565 1.278461085995 6
"PCA_NC_15211" -4.44476243610125 3.32136426989375 2.08288493710375 -0.95948677089625 6
"PCA_NC_19858" -5.20631281234225 4.24467204983075 0.75093423165075 0.21070653086075 6
"PCA_NC_16107" -2.7898432356685 2.8393066592195 -0.3930868825505 0.3436234589995 6
"PCA_NC_17912" -3.725819602572 3.811312935888 -1.614000636164 1.528507302848 6
"PCA_NC_19057" -3.4738760908275 3.4178780390125 -0.5740680680175 0.6300661198325 6
"PCA_NC_19058" -2.94526178176775 4.27024079736325 -1.48145494116875 0.15647592557325 6
"PCA_NC_19055" -5.13544143175025 5.17459006860675 -0.23326710294325 0.19411846608675 6
"PCA_NC_13553" -4.317771500099 4.093289324043 -1.855015586097 2.079497762153 6
"PCA_NC_15058" -3.61696892641 3.9172122488 -1.31657800596 1.01633468357 6
"PCA_NC_16073" -3.11878203221775 2.07800507624925 0.72222107189925 0.31855588406925 6
"PCA_NC_22729" -3.5218685587265 1.9351358587855 0.3750461080255 1.2116865919155 6
"PCA_NC_20793" -2.95816405702225 3.61727105379775 1.12385603983775 -1.78296303661325 6
"PCA_NC_17855" -3.94630302908 3.27396060254 -1.7774683207 2.44981074724 6
"PCA_NC_18823" -3.069191790893 3.121542052191 -0.825429541349 0.773079280051 6
"PCA_NC_24904" -4.04427465994125 2.62531835742375 2.19921665378375 -0.78026035126625 6
"PCA_NC_17994" -4.60485486998875 4.53675804061625 1.00845698654625 -0.94036015717375 6
"PCA_NC_22797" -4.837706268065 3.155306071975 1.228177441445 0.454222754645 6
"PCA_NC_25818" -3.9148616371 3.81945155863 0.62682815748 -0.53141807901 6
"PCA_NC_20693" -3.6407127330425 4.0299215014675 0.5063095553975 -0.8955183238225 6
"PCA_NC_20687" -5.4817335301675 1.8275440747625 2.9186930455225 0.7354964098825 6
"PCA_NC_20107" -3.58367474186825 4.13474482006275 0.0198196579427501 -0.57088973613725 6
"PCA_NC_23714" -3.1851422222225 4.0722087494075 -0.2308925502625 -0.6561739769225 6
"PCA_NC_21093" -4.5709963343375 2.6924216111125 1.9340690226525 -0.0554942994275001 6
"PCA_NC_20878" -3.38611425013112 4.91436864915038 -1.26268006241963 -0.265574336599625 6
"PCA_NC_20178" -3.1884385895475 2.9654889169225 2.0525539164725 -1.8296042438475 6
"PCA_NC_27471" -4.267757628674 2.446852681198 1.935734337528 -0.114829390052 6
"PCA_NC_15756" -3.60927657353625 2.00852698927875 2.47427353390875 -0.87352394965125 6
"PCA_NC_21922" -2.95587464070675 3.57531909122225 0.20461336794225 -0.82405781845775 6
"PCA_NC_20952" -4.121346003579 2.916459969893 0.567929895723 0.636956137963 6
"PCA_NC_19550" -2.87262439889 2.1757947025 0.0585985214199995 0.63823117497 6
"PCA_NC_26560" -3.8536459697225 2.3878113726675 1.3070782556375 0.1587563414175 6
"PCA_NC_24622" -4.8294279236465 4.7160460018355 -0.6414165326645 0.7547984544755 6
"PCA_NC_23200" -5.6074076664025 2.5351569531075 0.7285028708475 2.3437478424475 6
"PCA_NC_25588" -3.1079091673525 2.4222037323175 0.0398686772175001 0.6458367578175 6
"PCA_NC_25028" -4.2671501691025 5.0377226919675 -0.9585046240225 0.1879321011575 6
"PCA_NC_26776" -3.59367842279 3.32757303838 1.44869886466 -1.18259348025 6
"PCA_NC_22638" -2.664082300688 3.341610312802 -0.716159220116 0.0386312080019999 6
"PCA_NC_25933" -3.08701494103275 3.45165380763425 0.0405695732742499 -0.40520843987575 6
"PCA_NC_24824" -4.49374968511417 4.29946150590473 0.414135560794725 -0.219847381585275 6
"PCA_NC_23303" -3.94248317947 4.79090222512 -2.79811805375 1.9496990081 6
"PCA_NC_24942" -4.47689215698625 3.47229175434875 1.64305018528875 -0.638449782651251 6
"PCA_NC_22982" -3.219265490995 1.186109285225 2.382226791275 -0.349070585505 6
"PCA_NC_25079" -3.1782239237675 3.3411499985825 -0.1096572141375 -0.0532688606775 6
"PCA_NC_28176" -3.308050292635 2.764589631735 -0.192276213395 0.735736874295 6
"PCA_NC_28624" -3.5905428805825 2.1425828770775 1.7926911472075 -0.3447311437025 6
"PCA_NC_28263" -3.934412208431 3.403578834637 3.806823750817 -3.275990377023 6
"PCA_NC_28511" -3.9560194758225 3.0463884103175 0.2486728957175 0.6609581697875 6
"PCA_NC_27744" -4.25859682041175 3.92274261968725 0.49492502030725 -0.15907081958275 6
"PCA_NC_00247" -2.92862745326075 -1.01523477906975 3.85220536737025 0.0916568649602496 7
"PCA_NC_00294" -1.3073458222175 -2.6214157960875 4.2395801573325 -0.310818539027499 7
"PCA_NC_00910" -4.995572409722 -1.523244582156 4.713891378494 1.804925613384 7
"PCA_NC_00912" -4.320941170004 -0.631410099162 3.619333978368 1.333017290798 7
"PCA_NC_04108" -3.20725187035 -0.456426898089999 2.97962587996 0.68405288848 7
"PCA_NC_00653" -3.21593724172683 -0.356224433317725 1.46943577371227 2.10272590133227 7
"PCA_NC_00729" -6.56404151073925 -0.48756606774025 3.09195034055975 3.95965723791975 7
"PCA_NC_00684" -4.3010573463075 -4.9176204879675 6.0489897446025 3.1696880896725 7
"PCA_NC_01008" -5.56157591767925 -1.66784989964025 5.08298060209975 2.14644521521975 7
"PCA_NC_00963" -3.8930256235775 0.893548747442499 3.2013388760525 -0.2018619999175 7
"PCA_NC_01393" -6.607640701717 0.390555147779 4.555733574679 1.661351979259 7
"PCA_NC_01310" -6.248846708896 -1.176399163708 4.933049875522 2.492195997082 7
"PCA_NC_01066" -5.2825674190975 1.1939079798825 3.4384789703425 0.6501804688725 7
"PCA_NC_02585" -3.23901830149825 -0.69112348659725 2.56533611926275 1.36480566883275 7
"PCA_NC_01783" -4.227923324631 0.838839840987 3.218982972967 0.170100510676999 7
"PCA_NC_01927" -3.68595355293 -3.69032837557 4.93853514299 2.43774678551 7
"PCA_NC_01924" -5.931866130654 0.0394724983580002 4.545684203238 1.346709429058 7
"PCA_NC_01200" -5.74810297537925 -0.64914902079025 4.69349480454975 1.70375719161975 7
"PCA_NC_01230" -3.54342127216 0.1140940468 3.03615624683 0.39317097853 7
"PCA_NC_01229" -6.17676182508425 -0.418128911085249 4.99009882326475 1.60479191290475 7
"PCA_NC_01685" -6.1422692591775 -0.9517849901275 5.0263726272925 2.0676816220125 7
"PCA_NC_01458" -3.8241321829785 -3.3046030132305 5.0393550384995 2.0893801577095 7
"PCA_NC_03404" -2.4986747565425 -3.9315740048425 4.7649206862475 1.6653280751375 7
"PCA_NC_02965" -5.08324983916125 -1.12542582656625 4.69863829440375 1.51003737132375 7
"PCA_NC_02249" -3.915841138075 -0.766232985535 3.481312040205 1.200762083405 7
"PCA_NC_01606" -3.361144263833 -2.864078288721 4.433557218877 1.791665333677 7
"PCA_NC_04633" -1.731279969855 -2.765645301595 3.638383646575 0.858541624875 7
"PCA_NC_04606" -4.50136613201375 -2.68808748536875 4.77107647419625 2.41837714318625 7
"PCA_NC_03524" -4.2557688993625 -2.6353503912325 4.9816323708075 1.9094869197875 7
"PCA_NC_02357" -5.01004792291775 -2.99232831514075 4.16813039814925 3.83424583990925 7
"PCA_NC_02537" -3.3324098556825 -3.9567082072625 4.8608446183075 2.4282734446375 7
"PCA_NC_02518" -5.23628684595 -0.30882723653 4.17194276019 1.37317132229 7
"PCA_NC_02516" -4.9400120136375 -4.7815800894175 6.3425525856525 3.3790395174025 7
"PCA_NC_02740" -3.8752425366775 -0.8214586443375 2.3832444535225 2.3134567274925 7
"PCA_NC_02735" -6.12715480965913 -3.26661015319363 6.23337808153637 3.16038688131638 7
"PCA_NC_11667" -5.52427928922825 -2.01448269087725 5.22942267556275 2.30933930454275 7
"PCA_NC_04245" -2.0244185373725 -1.4520804551925 3.0395291166575 0.436969875907499 7
"PCA_NC_04248" -1.6583215200775 -2.9985996842975 3.5308160826325 1.1261051217425 7
"PCA_NC_04227" -4.739852159935 0.296833892115 3.164061823185 1.278956444635 7
"PCA_NC_04900" -3.5068568599675 -4.2906719571275 5.6274217601825 2.1701070569125 7
"PCA_NC_04919" -2.8451729456645 -2.8362640544505 3.9069352485225 1.7745017515925 7
"PCA_NC_03622" -5.13232795249 -0.745730424740001 4.73009716517 1.14796121206 7
"PCA_NC_03623" -4.971719049822 -2.630854361426 5.519059756934 2.083513654314 7
"PCA_NC_03624" -3.30673624879 -3.28190693774 4.99043327214 1.59820991439 7
"PCA_NC_03625" -3.0048274621775 -0.0753919190975001 3.1274596440025 -0.0472402627274988 7
"PCA_NC_13360" -4.8658242397595 -1.2482923400435 4.5735579468465 1.5405586329565 7
"PCA_NC_07565" -2.7618226855875 -3.4984574910475 4.6951884086325 1.5650917680025 7
"PCA_NC_07706" -2.07653739233425 -0.52976155737525 2.87501905230475 -0.26872010259525 7
"PCA_NC_14314" -2.0648649199975 -3.5078306784475 3.7672466202925 1.8054489781525 7
"PCA_NC_07886" -4.93762678349525 -0.39714605588825 3.60517798203175 1.72959485735175 7
"PCA_NC_05843" -4.81181568934875 -0.83915495865375 3.76219961509625 1.88877103290625 7
"PCA_NC_08056" -5.2156681252975 -1.1984927416775 4.6690659096025 1.7450949573725 7
"PCA_NC_10634" -2.3017508736975 -1.3769707117275 1.4935182130925 2.1852033723325 7
"PCA_NC_09955" -2.997307347885 -1.588417630445 2.627564242665 1.958160735665 7
"PCA_NC_13409" -2.818222522665 -4.030577422145 4.688770513055 2.160029431755 7
"PCA_NC_08580" -6.29032978466525 -0.10184402601825 4.80813144499175 1.58404236569175 7
"PCA_NC_13262" -2.17502264949103 -0.913481215976925 2.31772290993898 0.770780955528975 7
"PCA_NC_08601" -5.112597023026 1.420765476192 3.501358459062 0.190473087771999 7
"PCA_NC_10488" -5.36234886793175 0.32899060048725 3.50847050856725 1.52488775887725 7
"PCA_NC_13181" -3.69962449404625 0.17785705817875 3.24704812500875 0.27471931085875 7
"PCA_NC_17430" -3.9305593524375 -1.0486415421275 3.5819112522125 1.3972896423525 7
"PCA_NC_12022" -5.49769158892925 -2.90736058974025 5.69815880136975 2.70689337729975 7
"PCA_NC_13518" -4.6791909590355 -0.3438620548115 4.1017369672285 0.9213160466185 7
"PCA_NC_15297" -5.396375841819 -2.990269959317 5.782914537573 2.603731263563 7
"PCA_NC_13658" -4.69882538224225 -1.70563599264925 5.12572876507075 1.27873260982075 7
"PCA_NC_13638" -3.91229931744 -1.83827643887 4.37735102641 1.3732247299 7
"PCA_NC_21225" -3.5401472707125 0.2935111963275 1.5287453184175 1.7178907559675 7
"PCA_NC_16191" -4.361428533257 -3.760519450669 5.048463189683 3.073484794243 7
"PCA_NC_16101" -3.0093797551675 -0.609920519757501 1.4569946252825 2.1623056496425 7
"PCA_NC_15080" -3.86032280525 0.10203444039 2.87722929465 0.88105907021 7
"PCA_NC_17641" -5.017924726071 1.187588481787 2.915191502047 0.915144742237 7
"PCA_NC_22444" -2.91760438084 -3.45430517033 4.20878205203 2.16312749914 7
"PCA_NC_25047" -2.1538518319905 -0.9079662988085 1.6624889324695 1.3993291983295 7
"PCA_NC_25044" -2.825307086335 -0.224980704975 2.666530184755 0.383757606554999 7
"PCA_NC_16220" -3.8248593704425 -1.7989977586925 4.5220434827575 1.1018136463775 7
"PCA_NC_22898" -4.3451020720275 -1.0988841809775 4.2743110625425 1.1696751904625 7
"PCA_NC_24393" -4.0698237156275 -1.4176031056475 3.1651363143225 2.3222905069525 7
"PCA_NC_20118" -5.58051278307325 1.63191608307775 3.25031684471775 0.69827985527775 7
"PCA_NC_21103" -4.5035719730225 0.516682410947499 3.6426955718075 0.3441939902675 7
"PCA_NC_15751" -5.8577719568618 0.111534279170599 4.4958295169306 1.2504081607606 7
"PCA_NC_15747" -3.91173870886125 -2.56624994707625 5.02705788732875 1.45093076860875 7
"PCA_NC_19726" -3.33407813938175 -1.80296611591475 4.13652250832825 1.00052174696825 7
"PCA_NC_20094" -3.9899535972425 -1.2754446376125 4.2938687665275 0.9715294683275 7
"PCA_NC_19541" -3.3431347585975 0.7742316664125 2.4245602169125 0.1443428752725 7
"PCA_NC_27093" -4.088453410525 -1.373000130195 4.453553641485 1.007899899235 7
"PCA_NC_28576" -2.634808792685 0.465337442985 2.997890186225 -0.828418836525 7
"PCA_NC_01307" 1.0831075422325 -3.5049535075075 2.6200671816325 -0.198221216357501 8
"PCA_NC_01422" 3.245042730555 -4.352500301665 0.808633261625 0.298824309485 8
"PCA_NC_01161" -0.32141778777975 -1.77728754718275 1.02411490185625 1.07459043310625 8
"PCA_NC_02391" 1.248027199625 -2.912911234705 -0.242854209875 1.907738244955 8
"PCA_NC_01923" -1.7075355763425 -1.7040805894125 1.4705890608775 1.9410271048775 8
"PCA_NC_01204" 2.5942585153675 -3.1222807608525 -0.0113713412125005 0.5393935866975 8
"PCA_NC_01469" -0.0908135472349993 -2.739914653995 1.862029389865 0.968698811365002 8
"PCA_NC_03410" 3.3465583126125 -5.0193617117675 1.1699254698125 0.5028779293425 8
"PCA_NC_03406" 0.9413879819665 -1.5903059723835 -0.1574855206095 0.8064035110265 8
"PCA_NC_04045" -0.567283740455 -2.239594664035 1.884908187545 0.921970216944999 8
"PCA_NC_04037" 1.6786616979525 -3.9273011275175 2.0370395012525 0.2115999283125 8
"PCA_NC_04063" 0.1376369138725 -0.6250851473375 1.8136212342625 -1.3261730007975 8
"PCA_NC_02011" 1.7988706054125 -4.9771537237375 2.2124710959125 0.9658120224125 8
"PCA_NC_04722" 0.59984307721925 -2.72789285296375 -1.14386946935475 3.27191924509925 8
"PCA_NC_02966" 1.5809938115275 -1.8929067525525 0.913276110257499 -0.6013631692325 8
"PCA_NC_02208" -0.0308371982525 -1.0933458169625 -0.1622710103225 1.2864540255375 8
"PCA_NC_04644" -0.298472561827499 -2.0719185259675 2.9014002355225 -0.5310091477275 8
"PCA_NC_04605" -1.411784860675 -3.380795846015 3.871269871965 0.921310834725 8
"PCA_NC_03520" 1.2734316737975 -4.0583854096425 -1.0397743298125 3.8247280656575 8
"PCA_NC_02120" -1.28525312695275 -1.52564162398275 0.69863017527825 2.11226457565725 8
"PCA_NC_02133" 1.21838601465725 -3.16265951220175 -0.20744198013275 2.15171547767725 8
"PCA_NC_03274" 0.745033539025 -1.777170606805 1.314576895775 -0.282439827995 8
"PCA_NC_02745" -0.740133908905 -1.305183696655 1.801475064025 0.243842541535 8
"PCA_NC_02756" -1.3641394522125 -3.0028377923625 2.2778777244375 2.0890995201375 8
"PCA_NC_03659" 0.3776877539275 -1.8986005850525 0.8980798099475 0.622833021177501 8
"PCA_NC_05330" 0.520789635372499 -1.1569694783075 0.3193263483125 0.316853494622499 8
"PCA_NC_04216" 3.5960339371625 -5.0814333573875 1.1949309097625 0.2904685104625 8
"PCA_NC_04905" -0.758455628135 -4.680390116895 4.559544897965 0.879300847065 8
"PCA_NC_06406" -1.2216373848545 -3.5288367640185 3.5893008125015 1.1611733363715 8
"PCA_NC_06393" -1.06392200747025 -1.52148947763525 -0.19306426842925 2.77847575353475 8
"PCA_NC_09499" 1.6876857206175 -2.8459308053525 -0.4605636061825 1.6188086909175 8
"PCA_NC_06856" 1.79918095234625 -3.37768960044875 1.21076002756625 0.367748620536251 8
"PCA_NC_03746" 0.19668063665 -2.0968060115 2.52572495954 -0.625599584690001 8
"PCA_NC_03621" -0.837141999745 -0.904839636365001 2.939009213945 -1.197027577835 8
"PCA_NC_03626" 0.5284374508875 -0.8156329328725 1.6415820221775 -1.3543865401925 8
"PCA_NC_04468" 2.00442025005 -2.54603908458 0.62682763938 -0.0852088048499997 8
"PCA_NC_04295" 1.210102 -3.211491 1.536244 0.465146 8
"PCA_NC_06175" 1.912051 -3.834268 -0.3211645 2.243382 8
"PCA_NC_07558" 0.3937556 -1.141486 1.319552 -0.5718218 8
"PCA_NC_08702" -1.14816 -3.862278 3.772689 1.237749 8
"PCA_NC_08692" 1.651901 -3.047109 0.9484678 0.4467404 8
"PCA_NC_08690" 1.59065 -4.280991 2.407322 0.2830182 8
"PCA_NC_07299" 1.316441 -5.634118 3.800004 0.5176723 8
"PCA_NC_06277" -0.4533997 -1.731455 2.038764 0.146091 8
"PCA_NC_10617" -1.263291 -1.525118 0.2662423 2.522168 8
"PCA_NC_10288" 2.447382 -3.087337 0.2951245 0.34483 8
"PCA_NC_11404" 0.7010295 -3.023655 -0.6670965 2.989722 8
"PCA_NC_14320" 1.156626 -4.849696 3.373869 0.3192011 8
"PCA_NC_07124" 1.159314 -3.855441 1.889362 0.8067657 8
"PCA_NC_06916" -0.6891466 -4.407967 4.140561 0.956553 8
"PCA_NC_09408" -0.47851 -1.750068 1.478566 0.7500124 8
"PCA_NC_06526" 0.6715523 -2.255422 0.2534457 1.330424 8
"PCA_NC_06538" 1.746947 -2.220607 -0.5411309 1.014791 8
"PCA_NC_06578" 1.49746 -1.825334 0.1921074 0.135766 8
"PCA_NC_11118" 1.03842 -1.455613 0.585931 -0.1687387 8
"PCA_NC_11578" -0.7492628 -2.627026 2.141964 1.234325 8
"PCA_NC_10134" 0.5274211 -2.806034 -0.6079571 2.88657 8
"PCA_NC_11911" 0.492871 -1.926982 1.417024 0.01708655 8
"PCA_NC_09531" -1.57448 -1.438147 1.664529 1.348097 8
"PCA_NC_09962" 0.149734 -4.121243 4.185617 -0.2141082 8
"PCA_NC_13789" 0.6313398 -1.078877 0.4395894 0.007948054 8
"PCA_NC_08554" 0.09533368 -1.490444 0.2688479 1.126263 8
"PCA_NC_10834" -0.8732587 -1.704281 2.566234 0.01130598 8
"PCA_NC_10061" 2.444332 -3.448977 -1.441507 2.446151 8
"PCA_NC_07011" 0.5250156 -2.035337 2.525081 -1.014759 8
"PCA_NC_06989" 2.551462 -8.506725 2.795997 3.159266 8
"PCA_NC_06991" -1.104624 -3.544036 3.071161 1.577499 8
"PCA_NC_17754" -0.4848583 -4.109715 2.572816 2.021757 8
"PCA_NC_17428" 2.020367 -4.80153 2.368858 0.4123049 8
"PCA_NC_12028" -0.3129581 -4.388991 4.23044 0.4715092 8
"PCA_NC_17345" 0.2029588 -2.912521 3.124257 -0.4146948 8
"PCA_NC_17330" 1.060745 -2.460928 2.016214 -0.6160319 8
"PCA_NC_13875" -1.111578 -2.107519 3.474823 -0.2557256 8
"PCA_NC_10997" 0.9841662 -2.636814 0.2696393 1.383009 8
"PCA_NC_13528" -0.6227157 -1.265839 0.06882534 1.81973 8
"PCA_NC_14462" 0.08959074 -2.625416 0.5624436 1.973382 8
"PCA_NC_18259" 0.32323 -2.91438 2.194931 0.3962198 8
"PCA_NC_11546" -0.09154817 -6.074445 2.915672 3.250321 8
"PCA_NC_11547" 2.059006 -2.723495 -0.01430412 0.6787934 8
"PCA_NC_11539" -0.8471839 -3.754483 3.820891 0.7807763 8
"PCA_NC_11538" -0.6533641 -3.872431 2.922317 1.603478 8
"PCA_NC_16802" 1.959936 -3.213494 -0.7113712 1.964929 8
"PCA_NC_15293" -0.1877092 -2.403263 0.3551859 2.235786 8
"PCA_NC_14188" 1.228409 -2.064378 0.5582559 0.2777137 8
"PCA_NC_15178" 0.1169912 -1.852829 0.2477253 1.488113 8
"PCA_NC_22071" -1.345536 -1.103657 0.1661797 2.283013 8
"PCA_NC_15286" 0.7050191 -4.611247 0.7253815 3.180847 8
"PCA_NC_18612" 1.915067 -6.080528 0.2974415 3.86802 8
"PCA_NC_18610" 0.5167514 -1.232014 0.5569285 0.1583345 8
"PCA_NC_19019" 1.003909 -2.821389 2.197329 -0.3798492 8
"PCA_NC_19021" 2.966122 -5.131463 2.189348 -0.02400664 8
"PCA_NC_21227" 1.729472 -2.3013 -0.0444068 0.616235 8
"PCA_NC_20351" -0.6410212 -2.41227 1.978048 1.075243 8
"PCA_NC_18276" 1.459715 -2.979689 2.464041 -0.9440669 8
"PCA_NC_16208" 1.375826 -2.109425 0.5403814 0.1932175 8
"PCA_NC_17911" 1.175482 -1.662432 0.3065387 0.1804119 8
"PCA_NC_20991" 1.660595 -3.980189 -0.6424925 2.962086 8
"PCA_NC_13555" 0.6219868 -2.553058 1.031404 0.8996668 8
"PCA_NC_19822" -1.514643 -1.462643 1.542128 1.435157 8
"PCA_NC_16276" -1.29387 -3.201278 0.4997189 3.995429 8
"PCA_NC_16456" 0.7416247 -1.603875 0.708834 0.1534165 8
"PCA_NC_16466" -0.2888054 -2.9716 2.05397 1.206435 8
"PCA_NC_17860" 1.830846 -2.573056 0.05292837 0.689281 8
"PCA_NC_21000" 1.235852 -1.643668 -0.1835041 0.5913194 8
"PCA_NC_22997" -0.09126419 -4.699892 3.849631 0.9415254 8
"PCA_NC_17261" 2.734637 -3.571067 0.1266156 0.709814 8
"PCA_NC_16722" -0.2700736 -3.227624 2.38015 1.117548 8
"PCA_NC_20335" 3.316996 -4.215539 0.7548459 0.1436976 8
"PCA_NC_23886" -0.3816369 -1.114532 -0.03821699 1.534385 8
"PCA_NC_21112" 1.357483 -2.794177 2.345945 -0.9092505 8
"PCA_NC_20775" 1.662481 -3.193778 -0.8949472 2.426243 8
"PCA_NC_24801" -1.702608 -1.510822 2.255649 0.9577814 8
"PCA_NC_27934" -0.5705627 -2.255225 2.837605 -0.01181771 8
"PCA_NC_22707" -0.4788417 -2.727807 1.972134 1.234514 8
"PCA_NC_26120" -0.0372961 -0.7366659 1.145042 -0.3710796 8
"PCA_NC_25590" -0.3481314 -0.6452409 1.417916 -0.4245441 8
"PCA_NC_26207" -1.132218 -0.5250922 3.380344 -1.723033 8
"PCA_NC_27097" -0.7997552 -3.585807 3.85738 0.5281823 8
"PCA_NC_24105" 0.1062511 -2.444382 1.291787 1.046344 8
"PCA_NC_22394" 1.768847 -4.140314 -0.5847186 2.956186 8
"PCA_NC_23237" 1.015348 -4.259732 1.839432 1.404952 8
"PCA_NC_27233" -0.1028117 -2.551221 -0.7378047 3.391837 8
"PCA_NC_25947" -1.368384 -2.844981 3.184593 1.028772 8
"PCA_NC_25200" 1.060155 -1.872144 -0.2300415 1.04203 8
"PCA_NC_00263" 3.339965 -0.8039604 0.5440461 -3.080051 9
"PCA_NC_00018" 3.308378 -4.460772 2.851199 -1.698805 9
"PCA_NC_01375" 2.844742 -2.272894 -0.1647886 -0.4070602 9
"PCA_NC_02654" 1.890907 -0.1457353 0.6403528 -2.385524 9
"PCA_NC_01778" 3.095494 -1.088955 -0.02032831 -1.986211 9
"PCA_NC_02392" 2.492238 -1.686877 0.145922 -0.9512826 9
"PCA_NC_02008" 4.54721 -3.583082 0.2888806 -1.253009 9
"PCA_NC_04669" 5.749554 -2.011105 0.7032742 -4.441723 9
"PCA_NC_02715" 2.803399 -0.9456444 0.06279673 -1.920551 9
"PCA_NC_02762" 3.208268 -0.9360577 -0.2149288 -2.057282 9
"PCA_NC_05628" 3.425363 -1.31141 0.8395593 -2.953512 9
"PCA_NC_05627" 4.458923 -1.3168 1.079509 -4.221632 9
"PCA_NC_09164" 3.877509 -1.874741 0.9236261 -2.926393 9
"PCA_NC_04332" 3.3262 -1.721279 -0.9329741 -0.6719471 9
"PCA_NC_07195" 3.332197 -3.657523 1.552731 -1.227405 9
"PCA_NC_05991" 2.550336 -1.188482 -0.2094821 -1.152372 9
"PCA_NC_09764" 3.242527 -1.728794 1.013132 -2.526865 9
"PCA_NC_09762" 3.730609 -1.308597 1.341031 -3.763043 9
"PCA_NC_08714" 5.726241 -2.699862 -0.5162797 -2.510099 9
"PCA_NC_17586" 4.323467 -2.368999 0.07205871 -2.026526 9
"PCA_NC_08127" 4.123593 -0.806661 1.445798 -4.762729 9
"PCA_NC_10701" 4.183918 -2.14623 1.767247 -3.804935 9
"PCA_NC_10702" 4.393615 -2.218547 1.214863 -3.38993 9
"PCA_NC_10716" 4.529644 -2.893702 2.419012 -4.054955 9
"PCA_NC_12891" 4.823761 -1.630066 -1.029808 -2.163887 9
"PCA_NC_07847" 4.347219 -1.012042 1.502229 -4.837406 9
"PCA_NC_08400" 6.212417 -2.555036 -0.8560104 -2.801371 9
"PCA_NC_06249" 6.054356 -3.557429 0.2477707 -2.744698 9
"PCA_NC_10050" 3.890422 -1.760335 -0.03585964 -2.094228 9
"PCA_NC_10044" 3.100204 -2.092499 0.4918604 -1.499565 9
"PCA_NC_10045" 3.074868 -1.723327 0.6706342 -2.022175 9
"PCA_NC_13156" 5.594685 -2.349516 1.282267 -4.527437 9
"PCA_NC_06786" 1.672403 -1.315757 1.220345 -1.576991 9
"PCA_NC_13541" 3.686033 -3.186056 1.649349 -2.149326 9
"PCA_NC_19378" 1.822305 -1.693769 1.657626 -1.786162 9
"PCA_NC_15289" 3.776332 -0.8654954 0.6311572 -3.541993 9
"PCA_NC_15311" 4.135581 -1.971576 1.725218 -3.889223 9
"PCA_NC_15310" 3.184056 -0.9415888 -0.2072347 -2.035232 9
"PCA_NC_12927" 3.492504 -2.392933 0.3493335 -1.448904 9
"PCA_NC_12933" 3.906826 -1.044214 -0.5403411 -2.32227 9
"PCA_NC_12937" 3.617162 -0.6459633 0.5547512 -3.52595 9
"PCA_NC_13628" 3.676122 -0.4987867 1.14237 -4.319705 9
"PCA_NC_22025" 3.568856 -1.296049 0.547195 -2.820002 9
"PCA_NC_19266" 4.669888 -3.436122 0.4414746 -1.675241 9
"PCA_NC_19255" 2.719534 -1.941572 0.04516088 -0.8231231 9
"PCA_NC_19291" 5.426332 -2.619868 1.29239 -4.098855 9
"PCA_NC_17638" 3.186139 -2.554899 -0.009601195 -0.6216388 9
"PCA_NC_24348" 4.418626 -2.408412 0.05172168 -2.061936 9
"PCA_NC_20697" 2.43935 -2.175957 0.6794315 -0.9428252 9
"PCA_NC_18700" 2.412228 -1.007276 0.1138025 -1.518754 9
"PCA_NC_25208" 6.006403 -2.192994 -0.6028406 -3.210568 9
"PCA_NC_21622" 3.852601 -0.6862389 0.9540839 -4.120446 9
"PCA_NC_25144" 3.966534 -0.9839624 0.8012333 -3.783805 9
"PCA_NC_23582" 3.605411 -1.38959 -0.9488077 -1.267013 9
"PCA_NC_21235" 3.524635 0.05698221 -0.6601809 -2.921436 9
"PCA_NC_27255" 3.709931 -1.125889 -0.2681535 -2.315888 9
"PCA_NC_26757" 4.134613 -2.220186 1.208274 -3.122701 9
"PCA_NC_26758" 3.773458 -2.87956 0.8592588 -1.753157 9
"PCA_NC_25956" 5.618788 -1.133587 -0.986993 -3.498208 9
"PCA_NC_28391" 4.29207 -4.052369 1.697663 -1.937365 9
