1	0	1	0.189825606337502	color=(65,182,196)
1	1	2	-0.600891685724999	color=(65,182,196)
1	2	3	0.106292936577	color=(65,182,196)
1	3	4	0.4599753494075	color=(65,182,196)
1	4	5	0.355170394815	color=(65,182,196)
1	5	6	-0.99436128142275	color=(65,182,196)
1	6	7	-0.76697183117	color=(65,182,196)
1	7	8	1.28156382308225	color=(29,145,192)
1	8	9	1.3480548193225	color=(29,145,192)
1	9	10	0.42634879833025	color=(65,182,196)
1	10	11	0.100095087087501	color=(65,182,196)
1	11	12	-0.1859615871245	color=(65,182,196)
1	12	13	0.58502947458	color=(65,182,196)
1	13	14	-0.95276250888	color=(65,182,196)
1	14	15	-1.42236916009	color=(127,205,187)
1	15	16	-0.0584534027557502	color=(65,182,196)
1	16	17	1.1298404213425	color=(29,145,192)
1	17	18	-0.73634552805	color=(65,182,196)
1	18	19	-0.183383731815	color=(65,182,196)
1	19	20	-0.61109152233	color=(65,182,196)
1	20	21	0.0352800891250009	color=(65,182,196)
1	21	22	-0.0167658105249995	color=(65,182,196)
1	22	23	-1.138063319535	color=(127,205,187)
1	23	24	1.075691865596	color=(65,182,196)
1	24	25	0.4094101593	color=(65,182,196)
1	25	26	-3.9739009616875	color=(199,233,180)
1	26	27	-0.422604966382499	color=(65,182,196)
1	27	28	0.6598777354275	color=(65,182,196)
1	28	29	-1.2643081908525	color=(127,205,187)
1	29	30	1.561969798315	color=(29,145,192)
1	30	31	0.110342123368	color=(65,182,196)
1	31	32	0.81443320375325	color=(65,182,196)
1	32	33	-0.3259988757725	color=(65,182,196)
1	33	34	0.18589629057825	color=(65,182,196)
1	34	35	0.43566960495	color=(65,182,196)
1	35	36	0.657845516925001	color=(65,182,196)
1	36	37	-1.1265332358	color=(127,205,187)
1	37	38	-0.249697316967501	color=(65,182,196)
1	38	39	0.36063871944	color=(65,182,196)
1	39	40	0.0855883431975002	color=(65,182,196)
1	40	41	0.01089450541825	color=(65,182,196)
1	41	42	-0.00922689797749987	color=(65,182,196)
1	42	43	0.139543811959999	color=(65,182,196)
1	43	44	2.3032592384	color=(29,145,192)
1	44	45	-0.27742336345775	color=(65,182,196)
1	45	46	0.559005855095	color=(65,182,196)
1	46	47	0.5958358508085	color=(65,182,196)
1	47	48	-0.171637709105	color=(65,182,196)
1	48	49	0.9751064451	color=(65,182,196)
1	49	50	-0.261686051824999	color=(65,182,196)
1	50	51	-0.5105257962475	color=(65,182,196)
1	51	52	0.04567881957025	color=(65,182,196)
1	52	53	0.630165081704	color=(65,182,196)
1	53	54	-0.24831205010275	color=(65,182,196)
1	54	55	0.598379619427499	color=(65,182,196)
1	55	56	-0.90638597024	color=(65,182,196)
1	56	57	0.287702234207501	color=(65,182,196)
1	57	58	0.24740182857725	color=(65,182,196)
1	58	59	-1.0168382702375	color=(65,182,196)
1	59	60	0.10776009344775	color=(65,182,196)
1	60	61	1.47333915444425	color=(29,145,192)
1	61	62	0.21707603965125	color=(65,182,196)
1	62	63	-0.4238122594375	color=(65,182,196)
1	63	64	-0.0657954970075005	color=(65,182,196)
1	64	65	-0.8751419589	color=(65,182,196)
1	65	66	0.820483929739875	color=(65,182,196)
1	66	67	-1.58812384593	color=(127,205,187)
1	67	68	0.00494746609499863	color=(65,182,196)
1	68	69	-2.023686482475	color=(127,205,187)
1	69	70	-0.396971907725	color=(65,182,196)
1	70	71	0.5742913211075	color=(65,182,196)
1	71	72	-1.15863099434675	color=(127,205,187)
1	72	73	-1.6986706803175	color=(127,205,187)
1	73	74	-0.391723528989999	color=(65,182,196)
1	74	75	-0.0320030125499997	color=(65,182,196)
1	75	76	-0.0123231533749997	color=(65,182,196)
1	76	77	-0.24718184862525	color=(65,182,196)
1	77	78	-0.2029751249625	color=(65,182,196)
1	78	79	0.564885941419	color=(65,182,196)
1	79	80	0.540555950566	color=(65,182,196)
1	80	81	-0.4788921779	color=(65,182,196)
1	81	82	-0.18966591518	color=(65,182,196)
1	82	83	0.650973784289999	color=(65,182,196)
1	83	84	1.2566788997225	color=(29,145,192)
1	84	85	-0.236001678007501	color=(65,182,196)
1	85	86	-0.14193591407	color=(65,182,196)
1	86	87	-0.42499062280425	color=(65,182,196)
1	87	88	-0.4920933543825	color=(65,182,196)
1	88	89	-0.33119780822975	color=(65,182,196)
1	89	90	0.77698760640925	color=(65,182,196)
1	90	91	-0.674187540409999	color=(65,182,196)
1	91	92	-0.4019734925175	color=(65,182,196)
1	92	93	-0.8873800392825	color=(65,182,196)
1	93	94	-1.6758791735	color=(127,205,187)
1	94	95	0.105791011272499	color=(65,182,196)
1	95	96	-0.0845817045449984	color=(65,182,196)
1	96	97	0.20199014613575	color=(65,182,196)
1	97	98	0.393267623795	color=(65,182,196)
1	98	99	0.0431375726075007	color=(65,182,196)
1	99	100	-0.0884397417199985	color=(65,182,196)
1	100	101	-2.55835565868	color=(127,205,187)
1	101	102	0.411125012867499	color=(65,182,196)
1	102	103	-0.4016966652375	color=(65,182,196)
1	103	104	-0.212932031775001	color=(65,182,196)
1	104	105	0.462637955615	color=(65,182,196)
1	105	106	-1.6898624247025	color=(127,205,187)
1	106	107	-1.983392816515	color=(127,205,187)
1	107	108	0.00704618182500028	color=(65,182,196)
1	108	109	-0.94460682746025	color=(65,182,196)
1	109	110	-2.49053975989	color=(127,205,187)
1	110	111	0.35715433526325	color=(65,182,196)
1	111	112	-0.223585320768	color=(65,182,196)
1	112	113	-1.1926545841375	color=(127,205,187)
1	113	114	-0.89725934860355	color=(65,182,196)
1	114	115	-1.1503476252675	color=(127,205,187)
1	115	116	-2.67235458132	color=(127,205,187)
1	116	117	-0.0820035255000002	color=(65,182,196)
1	117	118	-0.84882529754	color=(65,182,196)
1	118	119	-1.50452394043	color=(127,205,187)
1	119	120	-1.399322949215	color=(127,205,187)
1	120	121	-0.106436144765	color=(65,182,196)
1	121	122	0.78504459362275	color=(65,182,196)
1	122	123	-1.350232323435	color=(127,205,187)
1	123	124	-1.23718841825	color=(127,205,187)
1	124	125	-0.75817980117175	color=(65,182,196)
1	125	126	0.0307269342295	color=(65,182,196)
1	126	127	-0.6702701910025	color=(65,182,196)
1	127	128	0.122800569911	color=(65,182,196)
1	128	129	-0.22081456852475	color=(65,182,196)
1	129	130	-0.2218899999555	color=(65,182,196)
1	130	131	0.0319453494729998	color=(65,182,196)
1	131	132	0.7628481963	color=(65,182,196)
1	132	133	-0.0660931694394999	color=(65,182,196)
1	133	134	-0.4221340481875	color=(65,182,196)
1	134	135	-0.33228037393925	color=(65,182,196)
1	135	136	-3.16410692059	color=(127,205,187)
1	136	137	-2.7167643779525	color=(127,205,187)
1	137	138	-0.5600620477625	color=(65,182,196)
1	138	139	0.9380214129325	color=(65,182,196)
1	139	140	-0.0380091892224996	color=(65,182,196)
1	140	141	-1.408712688865	color=(127,205,187)
1	141	142	-2.0079689725725	color=(127,205,187)
1	142	143	0.175833470802	color=(65,182,196)
1	143	144	-1.346550598673	color=(127,205,187)
1	144	145	-0.428076778062501	color=(65,182,196)
1	145	146	0.555027183007	color=(65,182,196)
1	146	147	0.958772930949999	color=(65,182,196)
1	147	148	0.687389450543	color=(65,182,196)
1	148	149	-0.412665276924999	color=(65,182,196)
1	149	150	0.169746518065	color=(65,182,196)
1	150	151	1.0028275668575	color=(65,182,196)
1	151	152	-0.00436771949250003	color=(65,182,196)
1	152	153	1.191337264325	color=(29,145,192)
1	153	154	1.2676669430425	color=(29,145,192)
1	154	155	-1.01829727941	color=(65,182,196)
1	155	156	0.15810980303635	color=(65,182,196)
1	156	157	-0.368135168444999	color=(65,182,196)
1	157	158	-0.63563593618475	color=(65,182,196)
1	158	159	-1.3303052180125	color=(127,205,187)
1	159	160	0.6637022478945	color=(65,182,196)
1	160	161	-1.0387754731875	color=(65,182,196)
1	161	162	1.7879620274	color=(29,145,192)
1	162	163	-0.1105454788225	color=(65,182,196)
1	163	164	1.237921647181	color=(29,145,192)
1	164	165	0.13513400472325	color=(65,182,196)
1	165	166	0.6512403548285	color=(65,182,196)
1	166	167	0.02972709709225	color=(65,182,196)
1	167	168	0.444644625415	color=(65,182,196)
1	168	169	-1.004257135865	color=(65,182,196)
1	169	170	1.6071563305625	color=(29,145,192)
1	170	171	0.284190070425	color=(65,182,196)
1	171	172	-0.7292054958625	color=(65,182,196)
1	172	173	0.0898428352674987	color=(65,182,196)
1	173	174	-0.4443885874475	color=(65,182,196)
1	174	175	-0.69089643093	color=(65,182,196)
1	175	176	1.05383774631298	color=(65,182,196)
1	176	177	0.8567023706375	color=(65,182,196)
1	177	178	0.0895580187874998	color=(65,182,196)
1	178	179	-0.54378843304975	color=(65,182,196)
1	179	180	1.4500712913225	color=(29,145,192)
1	180	181	0.069963839605975	color=(65,182,196)
1	181	182	-0.512709704392	color=(65,182,196)
1	182	183	1.153704203325	color=(29,145,192)
1	183	184	0.2563475720025	color=(65,182,196)
1	184	185	0.6231734563625	color=(65,182,196)
1	185	186	-1.0606157943025	color=(65,182,196)
1	186	187	-0.662065463175	color=(65,182,196)
1	187	188	0.178684829162501	color=(65,182,196)
1	188	189	-0.01211807325125	color=(65,182,196)
1	189	190	-0.43195258944075	color=(65,182,196)
1	190	191	1.1417344476075	color=(29,145,192)
1	191	192	-0.37864554023175	color=(65,182,196)
1	192	193	1.348756431775	color=(29,145,192)
1	193	194	-0.084933732688	color=(65,182,196)
1	194	195	1.39169389175	color=(29,145,192)
1	195	196	-0.1081752973375	color=(65,182,196)
1	196	197	-0.071561799780575	color=(65,182,196)
1	197	198	-0.2710653571225	color=(65,182,196)
1	198	199	-0.183019537775	color=(65,182,196)
1	199	200	-0.83273129386975	color=(65,182,196)
1	200	201	0.18315913745225	color=(65,182,196)
1	201	202	-2.2161742325975	color=(127,205,187)
1	202	203	-0.3466232777365	color=(65,182,196)
1	203	204	1.34132034354	color=(29,145,192)
1	204	205	0.0182797160124997	color=(65,182,196)
1	205	206	-0.00598397036824994	color=(65,182,196)
1	206	207	-0.376108308815001	color=(65,182,196)
1	207	208	-0.5919164673	color=(65,182,196)
1	208	209	1.2339602397475	color=(29,145,192)
1	209	210	-0.83448479518	color=(65,182,196)
1	210	211	-1.594285903395	color=(127,205,187)
1	211	212	-0.40829938600125	color=(65,182,196)
1	212	213	-0.277092617745	color=(65,182,196)
1	213	214	1.3040248835625	color=(29,145,192)
1	214	215	-0.44824505668	color=(65,182,196)
1	215	216	0.379041392876	color=(65,182,196)
1	216	217	1.349438860296	color=(29,145,192)
1	217	218	0.023064560899	color=(65,182,196)
1	218	219	0.1249300909	color=(65,182,196)
1	219	220	0.0863978808297499	color=(65,182,196)
1	220	221	-1.4572976048325	color=(127,205,187)
1	221	222	0.74463542491525	color=(65,182,196)
1	222	223	-0.754548850011	color=(65,182,196)
1	223	224	0.55012671384	color=(65,182,196)
1	224	225	2.4030341672275	color=(29,145,192)
1	225	226	-1.523339444165	color=(127,205,187)
1	226	227	-1.4199429556225	color=(127,205,187)
1	227	228	-0.65492454467755	color=(65,182,196)
1	228	229	-0.291478407545	color=(65,182,196)
1	229	230	-0.51471706935875	color=(65,182,196)
1	230	231	0.21879951091	color=(65,182,196)
1	231	232	-0.48028959757325	color=(65,182,196)
1	232	233	1.4265708954075	color=(29,145,192)
1	233	234	0.543432611805	color=(65,182,196)
1	234	235	0.5507415501125	color=(65,182,196)
1	235	236	0.0279361935000004	color=(65,182,196)
1	236	237	-1.4280487985375	color=(127,205,187)
1	237	238	-1.0687099035375	color=(65,182,196)
1	238	239	0.3621983167225	color=(65,182,196)
1	239	240	-1.10501910964775	color=(65,182,196)
1	240	241	0.142240458422501	color=(65,182,196)
1	241	242	0.153865691612	color=(65,182,196)
1	242	243	-0.79693711924525	color=(65,182,196)
1	243	244	-1.474303568325	color=(127,205,187)
1	244	245	0.2299435362605	color=(65,182,196)
1	245	246	-0.424673134645025	color=(65,182,196)
1	246	247	0.60467479371	color=(65,182,196)
1	247	248	0.0838149339800003	color=(65,182,196)
1	248	249	-1.40118151815	color=(127,205,187)
1	249	250	1.6096738141358	color=(29,145,192)
1	250	251	0.12343348125675	color=(65,182,196)
2	0	1	-1.541468299875	color=(127,205,187)
2	1	2	-1.1384991073225	color=(127,205,187)
2	2	3	-1.4779861610275	color=(127,205,187)
2	3	4	-0.548544663856925	color=(65,182,196)
2	4	5	-1.8060928567325	color=(127,205,187)
2	5	6	0.824986927605	color=(65,182,196)
2	6	7	1.0314333644375	color=(65,182,196)
2	7	8	0.14661210170335	color=(65,182,196)
2	8	9	-1.6089760956675	color=(127,205,187)
2	9	10	-0.41513908128	color=(65,182,196)
2	10	11	-0.108942001165	color=(65,182,196)
2	11	12	-1.1366498783325	color=(127,205,187)
2	12	13	0.817963970065001	color=(65,182,196)
2	13	14	-1.954668587825	color=(127,205,187)
2	14	15	-0.18897406322	color=(65,182,196)
2	15	16	-0.5126741582325	color=(65,182,196)
2	16	17	-0.796246944825	color=(65,182,196)
2	17	18	-3.020100977875	color=(127,205,187)
2	18	19	-0.84903430015	color=(65,182,196)
2	19	20	-2.5354259283775	color=(127,205,187)
2	20	21	0.729746438799999	color=(65,182,196)
2	21	22	-1.8260201497475	color=(127,205,187)
2	22	23	-1.256254476225	color=(127,205,187)
2	23	24	-2.928914459735	color=(127,205,187)
2	24	25	-0.5321207824275	color=(65,182,196)
2	25	26	-0.934548225767499	color=(65,182,196)
2	26	27	0.67265807295	color=(65,182,196)
2	27	28	-0.764097603822501	color=(65,182,196)
2	28	29	-2.7733054548625	color=(127,205,187)
2	29	30	-1.0503746925575	color=(65,182,196)
2	30	31	-0.71767187021575	color=(65,182,196)
2	31	32	1.0477137768225	color=(65,182,196)
2	32	33	0.19173761738375	color=(65,182,196)
2	33	34	-1.009173634045	color=(65,182,196)
2	34	35	-0.684053844025	color=(65,182,196)
2	35	36	-0.4663024644275	color=(65,182,196)
2	36	37	0.57945774574	color=(65,182,196)
2	37	38	-0.43551915688	color=(65,182,196)
2	38	39	0.300762776594999	color=(65,182,196)
2	39	40	0.480158763284999	color=(65,182,196)
2	40	41	-0.0196762690050001	color=(65,182,196)
2	41	42	-0.353893287735001	color=(65,182,196)
2	42	43	-0.3786794104425	color=(65,182,196)
2	43	44	-0.6831577698225	color=(65,182,196)
2	44	45	-0.41793002086	color=(65,182,196)
2	45	46	-0.712560620954999	color=(65,182,196)
2	46	47	-1.5294437742175	color=(127,205,187)
2	47	48	-1.7811319149225	color=(127,205,187)
2	48	49	-1.2887124849675	color=(127,205,187)
2	49	50	0.485730740075	color=(65,182,196)
2	50	51	0.704405543026501	color=(65,182,196)
2	51	52	0.0603976351380001	color=(65,182,196)
2	52	53	-0.6136254138725	color=(65,182,196)
2	53	54	-1.88532373974	color=(127,205,187)
2	54	55	-0.808379765674999	color=(65,182,196)
2	55	56	-1.1257514110825	color=(127,205,187)
2	56	57	-0.4262417860595	color=(65,182,196)
2	57	58	-1.940569736165	color=(127,205,187)
2	58	59	-0.48902691682575	color=(65,182,196)
2	59	60	-1.56326520970025	color=(127,205,187)
2	60	61	-0.93782677779	color=(65,182,196)
2	61	62	-1.25766917146	color=(127,205,187)
2	62	63	-1.0910973253425	color=(65,182,196)
2	63	64	-0.62033288202	color=(65,182,196)
2	64	65	-2.0388065792075	color=(127,205,187)
2	65	66	-0.632945472212501	color=(65,182,196)
2	66	67	0.0209505294775001	color=(65,182,196)
2	67	68	-0.2367547565125	color=(65,182,196)
2	68	69	-0.268290333794999	color=(65,182,196)
2	69	70	0.567320491224	color=(65,182,196)
2	70	71	0.495028220182499	color=(65,182,196)
2	71	72	-2.068812903935	color=(127,205,187)
2	72	73	-0.48047456779	color=(65,182,196)
2	73	74	-2.35650636022	color=(127,205,187)
2	74	75	-1.1250756489525	color=(127,205,187)
2	75	76	-0.99918529880225	color=(65,182,196)
2	76	77	0.90111780940725	color=(65,182,196)
2	77	78	1.29205078867075	color=(29,145,192)
3	0	1	-3.321084640305	color=(127,205,187)
3	1	2	-2.3682095027175	color=(127,205,187)
3	2	3	-2.67407309129	color=(127,205,187)
3	3	4	-2.17745880339	color=(127,205,187)
3	4	5	-3.63760658508	color=(199,233,180)
3	5	6	-2.1016422192775	color=(127,205,187)
3	6	7	-2.948983413135	color=(127,205,187)
3	7	8	-3.1460333416475	color=(127,205,187)
3	8	9	-2.85945830267	color=(127,205,187)
3	9	10	-3.523034132515	color=(199,233,180)
3	10	11	-2.9641809916175	color=(127,205,187)
3	11	12	-4.2014535737775	color=(199,233,180)
3	12	13	-3.5318671711525	color=(199,233,180)
3	13	14	-3.5284054398525	color=(199,233,180)
3	14	15	-3.05313447575	color=(127,205,187)
3	15	16	-2.1499445854985	color=(127,205,187)
3	16	17	-1.97924743697	color=(127,205,187)
3	17	18	-3.7908862183825	color=(199,233,180)
3	18	19	-2.59045351543	color=(127,205,187)
3	19	20	-1.869257705345	color=(127,205,187)
3	20	21	-3.8608378613325	color=(199,233,180)
3	21	22	-3.1585385446925	color=(127,205,187)
3	22	23	-3.7683846652	color=(199,233,180)
3	23	24	-2.645153098155	color=(127,205,187)
3	24	25	-2.544485266915	color=(127,205,187)
3	25	26	-3.450163759015	color=(199,233,180)
3	26	27	-3.9301816071075	color=(199,233,180)
3	27	28	-2.1946099199475	color=(127,205,187)
3	28	29	-3.55013659588	color=(199,233,180)
3	29	30	-4.1895164507025	color=(199,233,180)
3	30	31	-4.405747270665	color=(199,233,180)
3	31	32	-2.7859764152675	color=(127,205,187)
3	32	33	-2.76137849294	color=(127,205,187)
3	33	34	-2.98509962590225	color=(127,205,187)
3	34	35	-5.57798673073	color=(237,248,177)
3	35	36	-3.481151456755	color=(199,233,180)
3	36	37	-3.4209502403225	color=(199,233,180)
3	37	38	-1.62256317261	color=(127,205,187)
3	38	39	-3.7125531591925	color=(199,233,180)
3	39	40	-2.7043333683825	color=(127,205,187)
3	40	41	-3.8085181150325	color=(199,233,180)
3	41	42	-3.7326143878225	color=(199,233,180)
3	42	43	-3.8201625367725	color=(199,233,180)
3	43	44	-4.74481770383	color=(199,233,180)
3	44	45	-4.11576336161	color=(199,233,180)
3	45	46	-2.99674920666	color=(127,205,187)
3	46	47	-2.8086812104975	color=(127,205,187)
3	47	48	-2.1388421940425	color=(127,205,187)
3	48	49	-2.148477429415	color=(127,205,187)
3	49	50	-3.56306084306	color=(199,233,180)
3	50	51	-2.0612909387295	color=(127,205,187)
3	51	52	-1.8979064907725	color=(127,205,187)
3	52	53	-3.36172866153	color=(199,233,180)
3	53	54	-2.2370732992525	color=(127,205,187)
3	54	55	-2.5534684966075	color=(127,205,187)
4	0	1	1.026099856543	color=(65,182,196)
4	1	2	0.4497788843135	color=(65,182,196)
4	2	3	1.77613574603975	color=(29,145,192)
4	3	4	1.567143451278	color=(29,145,192)
4	4	5	3.3614175633115	color=(34,94,168)
4	5	6	0.98242260535275	color=(65,182,196)
4	6	7	1.88198176141575	color=(29,145,192)
4	7	8	1.83290716430675	color=(29,145,192)
4	8	9	1.39360070766975	color=(29,145,192)
4	9	10	2.61231608897005	color=(29,145,192)
4	10	11	1.70843965508275	color=(29,145,192)
4	11	12	-0.1220445595825	color=(65,182,196)
4	12	13	1.77286824174	color=(29,145,192)
4	13	14	2.09450965459725	color=(29,145,192)
4	14	15	2.1209874454683	color=(29,145,192)
4	15	16	2.62634861677848	color=(29,145,192)
4	16	17	1.68335579367875	color=(29,145,192)
4	17	18	1.0725731384495	color=(65,182,196)
4	18	19	2.15900519496425	color=(29,145,192)
4	19	20	1.43751747728825	color=(29,145,192)
4	20	21	1.9248762991	color=(29,145,192)
4	21	22	1.71710806527	color=(29,145,192)
4	22	23	0.57513886765625	color=(65,182,196)
4	23	24	0.31314929120475	color=(65,182,196)
4	24	25	0.46776661078265	color=(65,182,196)
4	25	26	1.1816132085325	color=(29,145,192)
4	26	27	2.1703555819055	color=(29,145,192)
4	27	28	0.204267788627	color=(65,182,196)
4	28	29	2.2979035704275	color=(29,145,192)
4	29	30	2.91488507381525	color=(29,145,192)
4	30	31	2.23512583682	color=(29,145,192)
4	31	32	2.3459450049345	color=(29,145,192)
4	32	33	1.5014509963755	color=(29,145,192)
4	33	34	2.34633888940825	color=(29,145,192)
4	34	35	0.887318885221	color=(65,182,196)
4	35	36	1.73158589683408	color=(29,145,192)
4	36	37	0.35099141906925	color=(65,182,196)
4	37	38	2.03368457548875	color=(29,145,192)
4	38	39	1.6134057310245	color=(29,145,192)
4	39	40	0.2245192797825	color=(65,182,196)
4	40	41	1.408879669383	color=(29,145,192)
4	41	42	1.537222475098	color=(29,145,192)
4	42	43	1.66486133384625	color=(29,145,192)
4	43	44	0.74872195544475	color=(65,182,196)
4	44	45	0.455271998333	color=(65,182,196)
4	45	46	1.691577843056	color=(29,145,192)
4	46	47	1.5698443693475	color=(29,145,192)
4	47	48	2.1569328034445	color=(29,145,192)
4	48	49	0.85948851981	color=(65,182,196)
4	49	50	1.10598888727715	color=(29,145,192)
4	50	51	1.12647573288025	color=(29,145,192)
4	51	52	2.8324304156475	color=(29,145,192)
4	52	53	2.070159534952	color=(29,145,192)
4	53	54	1.946106614615	color=(29,145,192)
4	54	55	1.5308658079985	color=(29,145,192)
4	55	56	0.0129241483375004	color=(65,182,196)
4	56	57	-1.69277697712325	color=(127,205,187)
4	57	58	-0.9004901151925	color=(65,182,196)
4	58	59	1.2728949545255	color=(29,145,192)
4	59	60	1.41838969628125	color=(29,145,192)
4	60	61	2.13743185129406	color=(29,145,192)
4	61	62	1.7937254539375	color=(29,145,192)
4	62	63	0.13316779568575	color=(65,182,196)
4	63	64	2.076298527456	color=(29,145,192)
4	64	65	0.812496700326751	color=(65,182,196)
4	65	66	0.952992910461275	color=(65,182,196)
4	66	67	1.341991006665	color=(29,145,192)
4	67	68	1.2710717888595	color=(29,145,192)
4	68	69	1.64854287273015	color=(29,145,192)
4	69	70	0.84228616985005	color=(65,182,196)
4	70	71	1.80994962687825	color=(29,145,192)
4	71	72	1.268794068454	color=(29,145,192)
4	72	73	1.70297099827625	color=(29,145,192)
4	73	74	-0.4318498270847	color=(65,182,196)
4	74	75	1.8690253452905	color=(29,145,192)
4	75	76	1.96747766153027	color=(29,145,192)
4	76	77	1.72499424566075	color=(29,145,192)
4	77	78	0.331516833385001	color=(65,182,196)
4	78	79	2.20039027275475	color=(29,145,192)
4	79	80	-0.406024465523	color=(65,182,196)
4	80	81	1.1932415874065	color=(29,145,192)
4	81	82	1.32927430687637	color=(29,145,192)
4	82	83	3.46658500843525	color=(34,94,168)
4	83	84	1.13288313462565	color=(29,145,192)
4	84	85	1.73063275417175	color=(29,145,192)
4	85	86	1.82958806299575	color=(29,145,192)
4	86	87	1.94372755896725	color=(29,145,192)
4	87	88	1.80617240241425	color=(29,145,192)
4	88	89	1.64970794887375	color=(29,145,192)
4	89	90	0.214223489926249	color=(65,182,196)
4	90	91	2.79114902743725	color=(29,145,192)
4	91	92	1.55697354271625	color=(29,145,192)
4	92	93	0.93849156000725	color=(65,182,196)
4	93	94	1.90298982669	color=(29,145,192)
4	94	95	1.174376563792	color=(29,145,192)
4	95	96	4.310545395577	color=(34,94,168)
4	96	97	1.991859345869	color=(29,145,192)
4	97	98	2.891469627785	color=(29,145,192)
4	98	99	1.258554853895	color=(29,145,192)
4	99	100	-0.18695001389375	color=(65,182,196)
4	100	101	1.603784273602	color=(29,145,192)
4	101	102	1.79369926210275	color=(29,145,192)
4	102	103	-0.304672690126	color=(65,182,196)
4	103	104	3.173733035787	color=(29,145,192)
4	104	105	3.00063289426425	color=(29,145,192)
4	105	106	2.4659809076075	color=(29,145,192)
4	106	107	1.61937129498875	color=(29,145,192)
4	107	108	0.787033257052499	color=(65,182,196)
4	108	109	1.0429424943125	color=(65,182,196)
4	109	110	1.47079966285175	color=(29,145,192)
4	110	111	1.49742616024155	color=(29,145,192)
5	0	1	1.138777247037	color=(29,145,192)
5	1	2	1.37368322542625	color=(29,145,192)
5	2	3	0.1669752573975	color=(65,182,196)
5	3	4	-0.6984574109	color=(65,182,196)
5	4	5	0.8924855723425	color=(65,182,196)
5	5	6	-0.2491151736855	color=(65,182,196)
5	6	7	-0.782831909839	color=(65,182,196)
5	7	8	-1.5557667105	color=(127,205,187)
5	8	9	-1.46842647257	color=(127,205,187)
5	9	10	1.72226783784775	color=(29,145,192)
5	10	11	1.2161610964925	color=(29,145,192)
5	11	12	0.6245650025575	color=(65,182,196)
5	12	13	2.44421253338575	color=(29,145,192)
5	13	14	1.5609431471135	color=(29,145,192)
5	14	15	-0.9841781922875	color=(65,182,196)
5	15	16	1.461504097436	color=(29,145,192)
5	16	17	0.087556872715	color=(65,182,196)
5	17	18	-0.0460124343527504	color=(65,182,196)
5	18	19	-0.85713996428	color=(65,182,196)
5	19	20	0.93299855762125	color=(65,182,196)
5	20	21	1.4580610775	color=(29,145,192)
5	21	22	0.5041769582225	color=(65,182,196)
5	22	23	0.794422374698249	color=(65,182,196)
5	23	24	1.18149043980925	color=(29,145,192)
5	24	25	0.293700991907	color=(65,182,196)
5	25	26	-0.331221746549	color=(65,182,196)
5	26	27	-0.167951357278	color=(65,182,196)
5	27	28	2.28371683340775	color=(29,145,192)
5	28	29	0.77579554856425	color=(65,182,196)
5	29	30	-0.976282594288751	color=(65,182,196)
5	30	31	1.5874592869005	color=(29,145,192)
5	31	32	0.699383677567001	color=(65,182,196)
5	32	33	0.157871094499999	color=(65,182,196)
5	33	34	0.4284055308075	color=(65,182,196)
5	34	35	0.46801088669325	color=(65,182,196)
5	35	36	0.0769517401625013	color=(65,182,196)
5	36	37	0.4813813246625	color=(65,182,196)
5	37	38	0.8889193073625	color=(65,182,196)
5	38	39	0.851723309063501	color=(65,182,196)
5	39	40	-1.1272857797335	color=(127,205,187)
5	40	41	-0.671144900658	color=(65,182,196)
5	41	42	0.1008018753525	color=(65,182,196)
5	42	43	-0.3470485496375	color=(65,182,196)
5	43	44	-0.368480655035	color=(65,182,196)
5	44	45	0.532329573435	color=(65,182,196)
5	45	46	1.7347666661305	color=(29,145,192)
5	46	47	0.486956113591	color=(65,182,196)
5	47	48	-0.8172688212975	color=(65,182,196)
5	48	49	0.815707921542	color=(65,182,196)
5	49	50	0.61015176340295	color=(65,182,196)
5	50	51	0.118327416755251	color=(65,182,196)
5	51	52	-0.69125508134425	color=(65,182,196)
5	52	53	0.3967790699725	color=(65,182,196)
5	53	54	0.21982750853	color=(65,182,196)
5	54	55	2.3739371012125	color=(29,145,192)
5	55	56	-0.0739610368000001	color=(65,182,196)
5	56	57	2.593214865525	color=(29,145,192)
5	57	58	-0.454099402310625	color=(65,182,196)
5	58	59	-1.058055877205	color=(65,182,196)
5	59	60	0.630487135612499	color=(65,182,196)
5	60	61	0.0741339271700001	color=(65,182,196)
5	61	62	-0.7299999119195	color=(65,182,196)
5	62	63	0.970489818267501	color=(65,182,196)
5	63	64	0.345149768914999	color=(65,182,196)
5	64	65	0.14249818824	color=(65,182,196)
5	65	66	-0.626396332575	color=(65,182,196)
5	66	67	0.27244628915935	color=(65,182,196)
5	67	68	2.053255013805	color=(29,145,192)
5	68	69	1.65925048986775	color=(29,145,192)
5	69	70	0.948177985372999	color=(65,182,196)
5	70	71	0.3509712739505	color=(65,182,196)
5	71	72	-0.833118965915	color=(65,182,196)
5	72	73	0.3282143943125	color=(65,182,196)
5	73	74	1.036300866709	color=(65,182,196)
5	74	75	1.0082383655225	color=(65,182,196)
5	75	76	1.562450167344	color=(29,145,192)
5	76	77	-2.52087509965825	color=(127,205,187)
5	77	78	0.94591838174075	color=(65,182,196)
5	78	79	1.1619144459405	color=(29,145,192)
5	79	80	2.9858329820825	color=(29,145,192)
5	80	81	0.7089167860475	color=(65,182,196)
5	81	82	-0.815299465885	color=(65,182,196)
5	82	83	0.5533853049175	color=(65,182,196)
5	83	84	2.4615943551715	color=(29,145,192)
5	84	85	1.90690086821175	color=(29,145,192)
5	85	86	-0.00978302635249939	color=(65,182,196)
5	86	87	-0.77698488413475	color=(65,182,196)
5	87	88	-0.55127484648425	color=(65,182,196)
5	88	89	-0.316239431442499	color=(65,182,196)
5	89	90	-0.546979728925	color=(65,182,196)
5	90	91	0.0132414100027498	color=(65,182,196)
5	91	92	0.34416934339	color=(65,182,196)
5	92	93	0.06738904961	color=(65,182,196)
5	93	94	0.52882125214225	color=(65,182,196)
5	94	95	0.59266720651925	color=(65,182,196)
5	95	96	0.122508391975	color=(65,182,196)
5	96	97	-1.2660183198225	color=(127,205,187)
5	97	98	-0.54113677746	color=(65,182,196)
5	98	99	-1.6582820718375	color=(127,205,187)
5	99	100	-1.24668551657	color=(127,205,187)
5	100	101	0.9740440119675	color=(65,182,196)
5	101	102	-1.8792819967285	color=(127,205,187)
5	102	103	0.50148876253975	color=(65,182,196)
5	103	104	1.56314864816	color=(29,145,192)
5	104	105	1.4736466282655	color=(29,145,192)
5	105	106	-0.363653906993	color=(65,182,196)
5	106	107	1.446183976482	color=(29,145,192)
5	107	108	1.16597237982125	color=(29,145,192)
5	108	109	0.0525659121895004	color=(65,182,196)
5	109	110	-0.03105445282175	color=(65,182,196)
5	110	111	1.42248112174425	color=(29,145,192)
5	111	112	0.44952507585625	color=(65,182,196)
5	112	113	1.2049492786325	color=(29,145,192)
5	113	114	-1.0079862305825	color=(65,182,196)
5	114	115	0.91185869685475	color=(65,182,196)
5	115	116	2.958247187665	color=(29,145,192)
5	116	117	0.8121616224375	color=(65,182,196)
5	117	118	1.70304298893875	color=(29,145,192)
5	118	119	0.128933251607499	color=(65,182,196)
5	119	120	0.811257312011262	color=(65,182,196)
5	120	121	-1.3389298920225	color=(127,205,187)
5	121	122	0.9681755857075	color=(65,182,196)
5	122	123	-0.263083871097	color=(65,182,196)
5	123	124	-0.3086898784485	color=(65,182,196)
5	124	125	1.46188670189	color=(29,145,192)
5	125	126	0.621697056352	color=(65,182,196)
5	126	127	1.2272637808195	color=(29,145,192)
5	127	128	-0.109452795856	color=(65,182,196)
5	128	129	1.20896944576875	color=(29,145,192)
5	129	130	-0.6206066895825	color=(65,182,196)
5	130	131	1.52841242175735	color=(29,145,192)
5	131	132	0.68388313045	color=(65,182,196)
5	132	133	-1.30174526228975	color=(127,205,187)
5	133	134	1.433871617076	color=(29,145,192)
5	134	135	-0.9614081124025	color=(65,182,196)
5	135	136	2.9046221455075	color=(29,145,192)
5	136	137	-0.3222576140275	color=(65,182,196)
5	137	138	-0.0847921067474999	color=(65,182,196)
5	138	139	1.0853310240725	color=(65,182,196)
5	139	140	1.332791634783	color=(29,145,192)
5	140	141	0.49778224617425	color=(65,182,196)
5	141	142	-0.988609637555975	color=(65,182,196)
5	142	143	-0.3633592325925	color=(65,182,196)
5	143	144	-1.530543617326	color=(127,205,187)
5	144	145	1.08667028859	color=(65,182,196)
5	145	146	1.21637949541	color=(29,145,192)
5	146	147	2.667237710155	color=(29,145,192)
5	147	148	-0.96314694598775	color=(65,182,196)
5	148	149	-1.383151181565	color=(127,205,187)
5	149	150	0.25789493933	color=(65,182,196)
5	150	151	-0.217245876243	color=(65,182,196)
5	151	152	0.903857326	color=(65,182,196)
5	152	153	0.95324195958	color=(65,182,196)
5	153	154	-0.15704164946425	color=(65,182,196)
5	154	155	0.26415648733875	color=(65,182,196)
5	155	156	0.6057073140775	color=(65,182,196)
5	156	157	0.618314499925	color=(65,182,196)
5	157	158	-1.70060612828225	color=(127,205,187)
5	158	159	-0.9195385533925	color=(65,182,196)
5	159	160	-0.7350716600025	color=(65,182,196)
5	160	161	-0.477465576121	color=(65,182,196)
5	161	162	-1.39892119475675	color=(127,205,187)
5	162	163	0.0619101844499998	color=(65,182,196)
5	163	164	2.08517218088875	color=(29,145,192)
5	164	165	1.2525446989025	color=(29,145,192)
5	165	166	-0.957755558172	color=(65,182,196)
5	166	167	0.94277183845875	color=(65,182,196)
5	167	168	1.728310908985	color=(29,145,192)
5	168	169	-0.0224049290875001	color=(65,182,196)
5	169	170	0.4320010272	color=(65,182,196)
5	170	171	1.0028407675525	color=(65,182,196)
5	171	172	1.988409679948	color=(29,145,192)
5	172	173	-0.7288425828935	color=(65,182,196)
6	0	1	-1.905348645415	color=(127,205,187)
6	1	2	-0.50528418865	color=(65,182,196)
6	2	3	-0.624236723237	color=(65,182,196)
6	3	4	-0.341203922375	color=(65,182,196)
6	4	5	0.374650318847499	color=(65,182,196)
6	5	6	-2.2339161184025	color=(127,205,187)
6	6	7	-1.019375833425	color=(65,182,196)
6	7	8	-0.585873921795	color=(65,182,196)
6	8	9	-3.9456867832325	color=(199,233,180)
6	9	10	-2.3603496694875	color=(127,205,187)
6	10	11	-0.785433609499998	color=(65,182,196)
6	11	12	-1.425320205125	color=(127,205,187)
6	12	13	-0.4862893002725	color=(65,182,196)
6	13	14	0.3396194397875	color=(65,182,196)
6	14	15	1.9433103887275	color=(29,145,192)
6	15	16	2.5251296224925	color=(29,145,192)
6	16	17	-0.06903668216045	color=(65,182,196)
6	17	18	0.3328023869575	color=(65,182,196)
6	18	19	-0.751623877690001	color=(65,182,196)
6	19	20	1.0370657214175	color=(65,182,196)
6	20	21	-1.99130595383175	color=(127,205,187)
6	21	22	-1.0732614959	color=(65,182,196)
6	22	23	-1.04804116373	color=(65,182,196)
6	23	24	0.0781365335624997	color=(65,182,196)
6	24	25	-0.554278828024	color=(65,182,196)
6	25	26	-1.478750865115	color=(127,205,187)
6	26	27	-0.7147343557375	color=(65,182,196)
6	27	28	-0.341935010992499	color=(65,182,196)
6	28	29	-1.4141711667555	color=(127,205,187)
6	29	30	0.385605732725001	color=(65,182,196)
6	30	31	-2.1906734779125	color=(127,205,187)
6	31	32	-1.0234607072575	color=(65,182,196)
6	32	33	-1.4532841827	color=(127,205,187)
6	33	34	-0.1046120047375	color=(65,182,196)
6	34	35	-0.418906568075	color=(65,182,196)
6	35	36	-1.0302963755175	color=(65,182,196)
6	36	37	-0.818729217825	color=(65,182,196)
6	37	38	2.024247821625	color=(29,145,192)
6	38	39	-0.64211567522	color=(65,182,196)
6	39	40	-0.432732190999999	color=(65,182,196)
6	40	41	0.182331057914	color=(65,182,196)
6	41	42	-0.9206456046225	color=(65,182,196)
6	42	43	-1.00937826105	color=(65,182,196)
6	43	44	-0.8790150581475	color=(65,182,196)
6	44	45	-1.380831779735	color=(127,205,187)
6	45	46	1.3989743195075	color=(29,145,192)
6	46	47	-3.0201261796925	color=(127,205,187)
6	47	48	1.436070677895	color=(29,145,192)
6	48	49	-0.947948147345	color=(65,182,196)
6	49	50	-2.76205202416	color=(127,205,187)
6	50	51	1.1725792343475	color=(29,145,192)
6	51	52	-0.48910580223575	color=(65,182,196)
6	52	53	-0.383584122538	color=(65,182,196)
6	53	54	-2.71865669226	color=(127,205,187)
6	54	55	-1.1254758474225	color=(127,205,187)
6	55	56	-1.4319902309	color=(127,205,187)
6	56	57	0.1534430866	color=(65,182,196)
6	57	58	-0.462796131547499	color=(65,182,196)
6	58	59	-0.968005908032501	color=(65,182,196)
6	59	60	-0.274978652524999	color=(65,182,196)
6	60	61	-1.478011844715	color=(127,205,187)
6	61	62	-0.0366141076224995	color=(65,182,196)
6	62	63	-2.177836092535	color=(127,205,187)
6	63	64	-0.99194786827	color=(65,182,196)
6	64	65	-1.0574473040525	color=(65,182,196)
6	65	66	1.26587880797	color=(29,145,192)
6	66	67	-1.7746680714525	color=(127,205,187)
6	67	68	-3.1690602710175	color=(127,205,187)
6	68	69	-2.972237489005	color=(127,205,187)
6	69	70	1.6279546641425	color=(29,145,192)
6	70	71	1.583927256465	color=(29,145,192)
6	71	72	-1.2282467829325	color=(127,205,187)
6	72	73	-0.0357629863725002	color=(65,182,196)
6	73	74	-0.2371561383125	color=(65,182,196)
6	74	75	-1.090666717285	color=(65,182,196)
6	75	76	-1.44130453268	color=(127,205,187)
6	76	77	-0.21065912107525	color=(65,182,196)
6	77	78	-0.7720095648275	color=(65,182,196)
6	78	79	-0.69139605278	color=(65,182,196)
6	79	80	-2.3638884283125	color=(127,205,187)
6	80	81	-0.0109783816575	color=(65,182,196)
6	81	82	0.7419214184875	color=(65,182,196)
6	82	83	-1.6552182533525	color=(127,205,187)
6	83	84	-0.00503160788652501	color=(65,182,196)
6	84	85	-1.191897404535	color=(127,205,187)
6	85	86	1.4515558096875	color=(29,145,192)
6	86	87	-3.2279937335225	color=(127,205,187)
6	87	88	-0.184328403629999	color=(65,182,196)
6	88	89	0.0435735624750002	color=(65,182,196)
6	89	90	-0.27426206667275	color=(65,182,196)
6	90	91	-1.18560765428	color=(127,205,187)
6	91	92	1.1125421452425	color=(29,145,192)
6	92	93	0.316081004692499	color=(65,182,196)
6	93	94	-1.2728841754425	color=(127,205,187)
6	94	95	-2.1865991935725	color=(127,205,187)
6	95	96	0.34101711455	color=(65,182,196)
6	96	97	-0.6888547006425	color=(65,182,196)
6	97	98	1.3722922351325	color=(29,145,192)
6	98	99	-2.3065518214425	color=(127,205,187)
6	99	100	-1.1629525011825	color=(127,205,187)
6	100	101	-2.7622071257975	color=(127,205,187)
6	101	102	-2.0438709532375	color=(127,205,187)
6	102	103	0.0527765652878749	color=(65,182,196)
6	103	104	-2.0671206048925	color=(127,205,187)
6	104	105	-0.481749138310001	color=(65,182,196)
6	105	106	-0.162089227300001	color=(65,182,196)
6	106	107	-0.21206298204875	color=(65,182,196)
6	107	108	-1.70621923109	color=(127,205,187)
6	108	109	-0.3442260533075	color=(65,182,196)
6	109	110	-2.2348191776725	color=(127,205,187)
6	110	111	-3.5735974026325	color=(199,233,180)
6	111	112	-1.0756966535875	color=(65,182,196)
6	112	113	-0.5978893453475	color=(65,182,196)
6	113	114	-2.0709600691775	color=(127,205,187)
6	114	115	-0.415673390815	color=(65,182,196)
6	115	116	-0.55597376347443	color=(65,182,196)
6	116	117	-0.924154584625	color=(65,182,196)
6	117	118	-1.12178237047	color=(127,205,187)
6	118	119	0.30200185027275	color=(65,182,196)
6	119	120	-0.852657544415	color=(65,182,196)
6	120	121	1.4035438994725	color=(29,145,192)
6	121	122	-2.2509885690225	color=(127,205,187)
6	122	123	-1.66720576185	color=(127,205,187)
6	123	124	-3.3413535643025	color=(199,233,180)
6	124	125	-0.230694775274999	color=(65,182,196)
6	125	126	0.35526565597	color=(65,182,196)
6	126	127	-0.4367421273375	color=(65,182,196)
6	127	128	-0.443436273225	color=(65,182,196)
6	128	129	-0.325823678167499	color=(65,182,196)
6	129	130	0.93950091166	color=(65,182,196)
6	130	131	-0.701492984675	color=(65,182,196)
6	131	132	-0.46541626477825	color=(65,182,196)
6	132	133	3.3470852510335	color=(34,94,168)
6	133	134	-1.257469576365	color=(127,205,187)
6	134	135	0.4416273548931	color=(65,182,196)
6	135	136	0.402650423975	color=(65,182,196)
6	136	137	-2.32869548847	color=(127,205,187)
6	137	138	2.47531215898	color=(29,145,192)
6	138	139	-1.7837804345675	color=(127,205,187)
6	139	140	-1.6071265651975	color=(127,205,187)
6	140	141	-0.243717695697502	color=(65,182,196)
6	141	142	-0.0821309059324999	color=(65,182,196)
6	142	143	-1.1190002974225	color=(65,182,196)
6	143	144	-1.5021140208475	color=(127,205,187)
6	144	145	-3.040910380495	color=(127,205,187)
6	145	146	-0.806450259569	color=(65,182,196)
6	146	147	1.5326157933075	color=(29,145,192)
6	147	148	-0.18970377774	color=(65,182,196)
6	148	149	1.0391850644025	color=(65,182,196)
6	149	150	-2.85329734451	color=(127,205,187)
6	150	151	0.213763857417501	color=(65,182,196)
6	151	152	-0.635620351025	color=(65,182,196)
6	152	153	-1.61269925841	color=(127,205,187)
6	153	154	-0.3511706448775	color=(65,182,196)
6	154	155	0.29051291874475	color=(65,182,196)
6	155	156	-1.57668302022775	color=(127,205,187)
6	156	157	-0.0568266801192501	color=(65,182,196)
6	157	158	0.67171068427325	color=(65,182,196)
6	158	159	-1.89058241611	color=(127,205,187)
6	159	160	-0.994817921627501	color=(65,182,196)
6	160	161	1.256051970875	color=(29,145,192)
6	161	162	-2.7695637678725	color=(127,205,187)
6	162	163	-1.1246111987025	color=(127,205,187)
6	163	164	-0.2664561743475	color=(65,182,196)
6	164	165	-2.013051502505	color=(127,205,187)
6	165	166	-0.90648517861	color=(65,182,196)
6	166	167	-0.83133084121	color=(65,182,196)
6	167	168	-3.2937473912375	color=(127,205,187)
6	168	169	2.03068674165	color=(29,145,192)
6	169	170	-0.24610829486485	color=(65,182,196)
6	170	171	-1.6466300771175	color=(127,205,187)
6	171	172	-3.0934950315975	color=(127,205,187)
6	172	173	-0.921541676775	color=(65,182,196)
6	173	174	-1.1190405109125	color=(65,182,196)
6	174	175	0.2135189361675	color=(65,182,196)
6	175	176	-2.332880938085	color=(127,205,187)
6	176	177	-0.71023163528975	color=(65,182,196)
6	177	178	2.0003220529225	color=(29,145,192)
6	178	179	1.5874656272225	color=(29,145,192)
6	179	180	1.589948790085	color=(29,145,192)
6	180	181	-1.8239824747425	color=(127,205,187)
6	181	182	2.169150366135	color=(29,145,192)
6	182	183	-0.372324051767501	color=(65,182,196)
6	183	184	0.00970980314999892	color=(65,182,196)
6	184	185	2.175586053995	color=(29,145,192)
6	185	186	-2.3556509784375	color=(127,205,187)
6	186	187	-1.44800585196	color=(127,205,187)
6	187	188	-2.48045029916	color=(127,205,187)
6	188	189	0.78327261425825	color=(65,182,196)
6	189	190	2.168984451235	color=(29,145,192)
6	190	191	0.1660165568445	color=(65,182,196)
6	191	192	-0.1766002239245	color=(65,182,196)
6	192	193	-2.0894709527875	color=(127,205,187)
6	193	194	-0.5298760644525	color=(65,182,196)
6	194	195	0.367665664424999	color=(65,182,196)
6	195	196	0.443332838191175	color=(65,182,196)
6	196	197	0.48205258026	color=(65,182,196)
7	0	1	2.875524043359	color=(29,145,192)
7	1	2	2.8723171591825	color=(29,145,192)
7	2	3	2.43494418838	color=(29,145,192)
7	3	4	2.513165373905	color=(29,145,192)
7	4	5	3.367632604305	color=(34,94,168)
7	5	6	1.8419122486725	color=(29,145,192)
7	6	7	3.89259895133625	color=(34,94,168)
7	7	8	1.065985134795	color=(65,182,196)
7	8	9	-0.99475047538755	color=(65,182,196)
7	9	10	4.30578230039025	color=(34,94,168)
7	10	11	4.6470862615785	color=(34,94,168)
7	11	12	-0.299075259107251	color=(65,182,196)
7	12	13	3.564350735275	color=(34,94,168)
7	13	14	2.26907516924	color=(29,145,192)
7	14	15	3.34727595920575	color=(34,94,168)
7	15	16	4.25702436088325	color=(34,94,168)
7	16	17	0.27293779776475	color=(65,182,196)
7	17	18	4.30614196120975	color=(34,94,168)
7	18	19	3.79314740153	color=(34,94,168)
7	19	20	2.8905383852375	color=(29,145,192)
7	20	21	4.457673712195	color=(34,94,168)
7	21	22	4.7038146698275	color=(34,94,168)
7	22	23	0.0159021736637506	color=(65,182,196)
7	23	24	4.55638572122	color=(34,94,168)
7	24	25	3.5755964197625	color=(34,94,168)
7	25	26	-1.206736336683	color=(127,205,187)
7	26	27	0.712332600476	color=(65,182,196)
7	27	28	1.61086854639125	color=(29,145,192)
7	28	29	-0.0293573219772501	color=(65,182,196)
7	29	30	4.1754949327	color=(34,94,168)
7	30	31	3.344175341095	color=(34,94,168)
7	31	32	4.666949495207	color=(34,94,168)
7	32	33	3.9745701972255	color=(34,94,168)
7	33	34	3.1355109405645	color=(29,145,192)
7	34	35	-1.09037339956775	color=(65,182,196)
7	35	36	4.3755202338825	color=(34,94,168)
7	36	37	0.385225947641751	color=(65,182,196)
7	37	38	1.5213463124775	color=(29,145,192)
7	38	39	0.40240268125625	color=(65,182,196)
7	39	40	0.29430359099875	color=(65,182,196)
7	40	41	3.17904451567575	color=(29,145,192)
7	41	42	2.2960689561825	color=(29,145,192)
7	42	43	-1.3097586434725	color=(127,205,187)
7	43	44	4.54045769096	color=(34,94,168)
7	44	45	3.8744621509	color=(34,94,168)
7	45	46	2.8944702433425	color=(29,145,192)
7	46	47	3.06321637238475	color=(29,145,192)
7	47	48	1.922354654215	color=(29,145,192)
7	48	49	3.22273818668025	color=(29,145,192)
7	49	50	2.7573403999185	color=(29,145,192)
7	50	51	3.1107567884225	color=(29,145,192)
7	51	52	1.72277291654175	color=(29,145,192)
7	52	53	-0.410290842822	color=(65,182,196)
7	53	54	4.70780116937	color=(34,94,168)
7	54	55	4.0482061716975	color=(34,94,168)
7	55	56	3.876849089303	color=(34,94,168)
7	56	57	-0.14879973893475	color=(65,182,196)
7	57	58	-1.2862118253525	color=(127,205,187)
7	58	59	-1.02420324808975	color=(65,182,196)
7	59	60	3.67504777674325	color=(34,94,168)
7	60	61	0.26493167331725	color=(65,182,196)
7	61	62	0.15632934617925	color=(65,182,196)
7	62	63	-0.3596603919	color=(65,182,196)
7	63	64	3.3003521405675	color=(29,145,192)
7	64	65	0.4549031139475	color=(65,182,196)
7	65	66	2.07416344197	color=(29,145,192)
7	66	67	1.4540212185625	color=(29,145,192)
7	67	68	1.2626841393725	color=(29,145,192)
7	68	69	-1.58212774002225	color=(127,205,187)
7	69	70	3.02736280599725	color=(29,145,192)
7	70	71	3.32337687725925	color=(34,94,168)
7	71	72	-0.717944506433	color=(65,182,196)
7	72	73	1.3368653030675	color=(29,145,192)
7	73	74	-0.20072342463575	color=(65,182,196)
7	74	75	3.28866816725	color=(29,145,192)
7	75	76	-1.45666922796	color=(127,205,187)
7	76	77	3.041223790619	color=(29,145,192)
7	77	78	3.82853729847225	color=(34,94,168)
7	78	79	2.1087595861975	color=(29,145,192)
7	79	80	3.5281281356245	color=(34,94,168)
7	80	81	2.665248654315	color=(29,145,192)
7	81	82	3.7507593729425	color=(34,94,168)
7	82	83	2.06552012255	color=(29,145,192)
7	83	84	2.0551868051075	color=(29,145,192)
7	84	85	3.93311683760325	color=(34,94,168)
7	85	86	4.26100930509822	color=(34,94,168)
7	86	87	0.663764758909	color=(65,182,196)
7	87	88	2.149735312976	color=(29,145,192)
7	88	89	2.7549485976725	color=(29,145,192)
7	89	90	-1.91832345398	color=(127,205,187)
7	90	91	-1.9027372888825	color=(127,205,187)
7	91	92	-2.391569515135	color=(127,205,187)
7	92	93	0.544621631850001	color=(65,182,196)
7	93	94	-2.09214689631825	color=(127,205,187)
7	94	95	2.809442042902	color=(29,145,192)
7	95	96	3.183354599295	color=(29,145,192)
7	96	97	-0.0421931360377501	color=(65,182,196)
7	97	98	3.56278714284975	color=(34,94,168)
7	98	99	3.86194984190425	color=(34,94,168)
7	99	100	2.5341284819675	color=(29,145,192)
7	100	101	-0.34539714655725	color=(65,182,196)
7	101	102	-1.34697302169	color=(127,205,187)
7	102	103	2.55449566497	color=(29,145,192)
7	103	104	2.5937973818	color=(29,145,192)
7	104	105	3.909373118325	color=(34,94,168)
7	105	106	2.76582394902	color=(29,145,192)
7	106	107	0.3113141131535	color=(65,182,196)
7	107	108	3.149890286255	color=(29,145,192)
7	108	109	2.268920862675	color=(29,145,192)
7	109	110	-0.86481368918775	color=(65,182,196)
7	110	111	3.476872950455	color=(34,94,168)
7	111	112	-1.5849993905675	color=(127,205,187)
7	112	113	1.4461314781025	color=(29,145,192)
7	113	114	-0.310289179926	color=(65,182,196)
7	114	115	0.3544588706725	color=(65,182,196)
7	115	116	0.776814198208425	color=(65,182,196)
7	116	117	0.3076380729375	color=(65,182,196)
7	117	118	0.6671927264725	color=(65,182,196)
7	118	119	3.318797625679	color=(29,145,192)
7	119	120	0.23350730355825	color=(65,182,196)
7	120	121	0.060991620901	color=(65,182,196)
7	121	122	1.81538054467525	color=(29,145,192)
7	122	123	-1.3788900986355	color=(127,205,187)
7	123	124	2.97133810159625	color=(29,145,192)
7	124	125	-2.01347246910675	color=(127,205,187)
7	125	126	2.52408323822375	color=(29,145,192)
7	126	127	3.773588157861	color=(34,94,168)
7	127	128	3.097963445662	color=(29,145,192)
7	128	129	3.98544150701375	color=(34,94,168)
7	129	130	3.3132482251505	color=(29,145,192)
7	130	131	2.882904489993	color=(29,145,192)
7	131	132	3.310552470055	color=(29,145,192)
7	132	133	3.45675311188	color=(34,94,168)
7	133	134	0.364791909702499	color=(65,182,196)
7	134	135	3.452616	color=(34,94,168)
7	135	136	1.781266	color=(29,145,192)
7	136	137	4.901945	color=(34,94,168)
7	137	138	1.640062	color=(29,145,192)
7	138	139	2.356475	color=(29,145,192)
7	139	140	-0.6646183	color=(65,182,196)
7	140	141	2.369183	color=(29,145,192)
7	141	142	1.335949	color=(29,145,192)
7	142	143	2.340786	color=(29,145,192)
7	143	144	3.231895	color=(29,145,192)
7	144	145	-0.5009624	color=(65,182,196)
7	145	146	2.236685	color=(29,145,192)
7	146	147	4.196232	color=(34,94,168)
7	147	148	4.111431	color=(34,94,168)
7	148	149	4.54678	color=(34,94,168)
7	149	150	3.199884	color=(29,145,192)
7	150	151	3.952236	color=(34,94,168)
7	151	152	2.444696	color=(29,145,192)
7	152	153	1.697685	color=(29,145,192)
7	153	154	-1.090363	color=(65,182,196)
7	154	155	4.010208	color=(34,94,168)
7	155	156	0.2820281	color=(65,182,196)
7	156	157	2.884645	color=(29,145,192)
7	157	158	3.678494	color=(34,94,168)
7	158	159	2.999743	color=(29,145,192)
7	159	160	3.364694	color=(34,94,168)
7	160	161	3.049214	color=(29,145,192)
7	161	162	-1.041891	color=(65,182,196)
7	162	163	3.900426	color=(34,94,168)
7	163	164	3.483114	color=(34,94,168)
7	164	165	-1.445395	color=(127,205,187)
7	165	166	3.571917	color=(34,94,168)
7	166	167	3.66879	color=(34,94,168)
7	167	168	0.001057008	color=(65,182,196)
7	168	169	0.4026313	color=(65,182,196)
7	169	170	-0.6739685	color=(65,182,196)
7	170	171	0.8227548	color=(65,182,196)
7	171	172	3.626682	color=(34,94,168)
7	172	173	3.637317	color=(34,94,168)
7	173	174	2.592368	color=(29,145,192)
7	174	175	0.9189555	color=(65,182,196)
7	175	176	2.402559	color=(29,145,192)
7	176	177	0.1309308	color=(65,182,196)
7	177	178	-1.587025	color=(127,205,187)
7	178	179	-1.551393	color=(127,205,187)
7	179	180	2.422931	color=(29,145,192)
7	180	181	3.633833	color=(34,94,168)
7	181	182	4.293605	color=(34,94,168)
7	182	183	3.523524	color=(34,94,168)
7	183	184	-0.3955083	color=(65,182,196)
7	184	185	-0.2435221	color=(65,182,196)
7	185	186	-0.9081625	color=(65,182,196)
7	186	187	-0.4917853	color=(65,182,196)
7	187	188	-0.3235628	color=(65,182,196)
7	188	189	3.393227	color=(34,94,168)
7	189	190	2.622751	color=(29,145,192)
7	190	191	-0.9039855	color=(65,182,196)
7	191	192	2.517572	color=(29,145,192)
7	192	193	-0.179189	color=(65,182,196)
7	193	194	3.079312	color=(29,145,192)
7	194	195	-1.695856	color=(127,205,187)
7	195	196	2.906822	color=(29,145,192)
7	196	197	1.976151	color=(29,145,192)
7	197	198	3.544501	color=(34,94,168)
