1	0	1	-0.7276217207625	color=(65,182,196)
1	1	2	-0.392343044124999	color=(65,182,196)
1	2	3	-0.039187353136	color=(65,182,196)
1	3	4	-0.1180986476875	color=(65,182,196)
1	4	5	-0.579657388195	color=(65,182,196)
1	5	6	0.54247657744725	color=(65,182,196)
1	6	7	0.19769704457	color=(65,182,196)
1	7	8	0.10110903296225	color=(65,182,196)
1	8	9	0.685245704522501	color=(65,182,196)
1	9	10	-2.00645319899675	color=(127,205,187)
1	10	11	-0.290121213312499	color=(65,182,196)
1	11	12	0.8579514732055	color=(65,182,196)
1	12	13	0.27894311915	color=(65,182,196)
1	13	14	-1.41218667622	color=(127,205,187)
1	14	15	0.18516255909	color=(65,182,196)
1	15	16	1.80294771659425	color=(29,145,192)
1	16	17	-0.3835536181775	color=(65,182,196)
1	17	18	-0.438284577900001	color=(65,182,196)
1	18	19	-2.046750711225	color=(127,205,187)
1	19	20	-0.0429844002599999	color=(65,182,196)
1	20	21	-0.642546027574999	color=(65,182,196)
1	21	22	-0.216522997605	color=(65,182,196)
1	22	23	-0.401908665995	color=(65,182,196)
1	23	24	0.0454944613659998	color=(65,182,196)
1	24	25	-0.0880458576999992	color=(65,182,196)
1	25	26	2.3451856652625	color=(29,145,192)
1	26	27	-0.3544866408425	color=(65,182,196)
1	27	28	0.00486359041750095	color=(65,182,196)
1	28	29	0.8547036080875	color=(65,182,196)
1	29	30	0.0835149365449999	color=(65,182,196)
1	30	31	-1.024258161964	color=(65,182,196)
1	31	32	0.64283489328325	color=(65,182,196)
1	32	33	-1.1417072259325	color=(127,205,187)
1	33	34	-0.67058592498175	color=(65,182,196)
1	34	35	0.00351123785000063	color=(65,182,196)
1	35	36	0.0558790917250001	color=(65,182,196)
1	36	37	1.30912713641	color=(29,145,192)
1	37	38	0.7733214794325	color=(65,182,196)
1	38	39	1.26555863302	color=(29,145,192)
1	39	40	0.6205231104775	color=(65,182,196)
1	40	41	-0.33616712650875	color=(65,182,196)
1	41	42	1.9027452871125	color=(29,145,192)
1	42	43	-0.42792450014	color=(65,182,196)
1	43	44	-2.07986831031	color=(127,205,187)
1	44	45	-0.15011730500075	color=(65,182,196)
1	45	46	1.344714740805	color=(29,145,192)
1	46	47	0.6161740548485	color=(65,182,196)
1	47	48	-0.467660817833	color=(65,182,196)
1	48	49	-0.30192808664	color=(65,182,196)
1	49	50	0.0368276790750013	color=(65,182,196)
1	50	51	-0.4191683928075	color=(65,182,196)
1	51	52	-1.16210707187875	color=(127,205,187)
1	52	53	0.443599956014	color=(65,182,196)
1	53	54	2.28762867183925	color=(29,145,192)
1	54	55	0.306583418427499	color=(65,182,196)
1	55	56	-0.21139698459	color=(65,182,196)
1	56	57	-0.00130966773249952	color=(65,182,196)
1	57	58	-1.04836436941175	color=(65,182,196)
1	58	59	1.2229771443925	color=(29,145,192)
1	59	60	0.07444191456775	color=(65,182,196)
1	60	61	-0.73217889442275	color=(65,182,196)
1	61	62	-0.89984638955975	color=(65,182,196)
1	62	63	-0.5965003764175	color=(65,182,196)
1	63	64	-0.5058171747875	color=(65,182,196)
1	64	65	-0.9862271156	color=(65,182,196)
1	65	66	-0.321814126049625	color=(65,182,196)
1	66	67	0.45963127017	color=(65,182,196)
1	67	68	-0.222496156605001	color=(65,182,196)
1	68	69	-0.177995153745	color=(65,182,196)
1	69	70	-0.890818526824999	color=(65,182,196)
1	70	71	-1.4975225926825	color=(127,205,187)
1	71	72	2.82149911318325	color=(29,145,192)
1	72	73	-0.2769321261675	color=(65,182,196)
1	73	74	-0.42076932985	color=(65,182,196)
1	74	75	-0.11698262985	color=(65,182,196)
1	75	76	-1.117320702305	color=(65,182,196)
1	76	77	0.0438944216717501	color=(65,182,196)
1	77	78	0.1709974464175	color=(65,182,196)
1	78	79	-1.81485773044	color=(127,205,187)
1	79	80	0.817205752026	color=(65,182,196)
1	80	81	0.37302021054	color=(65,182,196)
1	81	82	0.66933806606	color=(65,182,196)
1	82	83	0.10482883609	color=(65,182,196)
1	83	84	0.2162164758125	color=(65,182,196)
1	84	85	-0.629801588487501	color=(65,182,196)
1	85	86	0.0938592196299997	color=(65,182,196)
1	86	87	0.13216361630575	color=(65,182,196)
1	87	88	-0.249041112122501	color=(65,182,196)
1	88	89	-0.66568358920875	color=(65,182,196)
1	89	90	-0.19221662711075	color=(65,182,196)
1	90	91	-1.17981961174	color=(127,205,187)
1	91	92	-1.1884721854575	color=(127,205,187)
1	92	93	-1.0888873945925	color=(65,182,196)
1	93	94	-0.24815127068	color=(65,182,196)
1	94	95	-0.534117284897501	color=(65,182,196)
1	95	96	0.326758100355001	color=(65,182,196)
1	96	97	-0.42865198942425	color=(65,182,196)
1	97	98	-1.051676907515	color=(65,182,196)
1	98	99	0.2206279251875	color=(65,182,196)
1	99	100	-0.71490566814	color=(65,182,196)
1	100	101	3.7204963486	color=(34,94,168)
1	101	102	0.814954934367499	color=(65,182,196)
1	102	103	-1.2608297171875	color=(127,205,187)
1	103	104	-0.467614672275001	color=(65,182,196)
1	104	105	-0.876789358545	color=(65,182,196)
1	105	106	-0.7615123643725	color=(65,182,196)
1	106	107	-0.458728731015	color=(65,182,196)
1	107	108	0.678701772825001	color=(65,182,196)
1	108	109	2.22596068924975	color=(29,145,192)
1	109	110	0.10716611621	color=(65,182,196)
1	110	111	-1.72581375882775	color=(127,205,187)
1	111	112	0.800135941962	color=(65,182,196)
1	112	113	2.9998322741425	color=(29,145,192)
1	113	114	2.82875757492645	color=(29,145,192)
1	114	115	0.9804571166125	color=(65,182,196)
1	115	116	2.71602060731	color=(29,145,192)
1	116	117	0.8578608336	color=(65,182,196)
1	117	118	-0.42436421895	color=(65,182,196)
1	118	119	1.09533369486	color=(65,182,196)
1	119	120	0.925127953415	color=(65,182,196)
1	120	121	1.609212129935	color=(29,145,192)
1	121	122	-1.20593397598825	color=(127,205,187)
1	122	123	-0.325734155755	color=(65,182,196)
1	123	124	-0.433357757449999	color=(65,182,196)
1	124	125	0.88839331251825	color=(65,182,196)
1	125	126	-0.0357818396115001	color=(65,182,196)
1	126	127	-0.6222963861125	color=(65,182,196)
1	127	128	-0.055015650641	color=(65,182,196)
1	128	129	0.82581205782525	color=(65,182,196)
1	129	130	1.0756008616345	color=(65,182,196)
1	130	131	-0.274250709147	color=(65,182,196)
1	131	132	-0.4271725892	color=(65,182,196)
1	132	133	-0.3480374120415	color=(65,182,196)
1	133	134	-0.0476970274575002	color=(65,182,196)
1	134	135	-0.43876429841525	color=(65,182,196)
1	135	136	1.85597028636	color=(29,145,192)
1	136	137	4.2191548886975	color=(34,94,168)
1	137	138	-1.0015762623625	color=(65,182,196)
1	138	139	0.6423763502025	color=(65,182,196)
1	139	140	-0.281204241142499	color=(65,182,196)
1	140	141	0.188525137535	color=(65,182,196)
1	141	142	0.3331333576075	color=(65,182,196)
1	142	143	-0.549396320097	color=(65,182,196)
1	143	144	0.987176609347	color=(65,182,196)
1	144	145	-0.5112321210525	color=(65,182,196)
1	145	146	1.066946048117	color=(65,182,196)
1	146	147	0.613546611049999	color=(65,182,196)
1	147	148	-0.630232842552	color=(65,182,196)
1	148	149	-0.532602753525	color=(65,182,196)
1	149	150	-0.408788651195001	color=(65,182,196)
1	150	151	0.7980634708075	color=(65,182,196)
1	151	152	1.0498197469975	color=(65,182,196)
1	152	153	0.103182642025001	color=(65,182,196)
1	153	154	0.3871826613025	color=(65,182,196)
1	154	155	-0.29796030378	color=(65,182,196)
1	155	156	-0.19630596774805	color=(65,182,196)
1	156	157	-0.376573895684999	color=(65,182,196)
1	157	158	0.59304595219525	color=(65,182,196)
1	158	159	-0.9845532051525	color=(65,182,196)
1	159	160	-0.4316628949785	color=(65,182,196)
1	160	161	0.0924107838024995	color=(65,182,196)
1	161	162	-0.627308247999999	color=(65,182,196)
1	162	163	-0.4495259533125	color=(65,182,196)
1	163	164	-0.901315529336	color=(65,182,196)
1	164	165	0.19670975359125	color=(65,182,196)
1	165	166	1.2808190265385	color=(29,145,192)
1	166	167	1.07138175952025	color=(65,182,196)
1	167	168	-0.648354272685001	color=(65,182,196)
1	168	169	-1.112570301635	color=(65,182,196)
1	169	170	0.6139846018625	color=(65,182,196)
1	170	171	0.102480744325	color=(65,182,196)
1	171	172	1.3444091931475	color=(29,145,192)
1	172	173	0.3843081380675	color=(65,182,196)
1	173	174	0.6409044878125	color=(65,182,196)
1	174	175	0.55347768211	color=(65,182,196)
1	175	176	0.250084243596075	color=(65,182,196)
1	176	177	-1.7371270155625	color=(127,205,187)
1	177	178	0.0817005117375	color=(65,182,196)
1	178	179	1.16182381430025	color=(29,145,192)
1	179	180	0.4808129872925	color=(65,182,196)
1	180	181	0.524403695825975	color=(65,182,196)
1	181	182	2.126486068138	color=(29,145,192)
1	182	183	0.303950074175	color=(65,182,196)
1	183	184	0.7917959274125	color=(65,182,196)
1	184	185	-0.269407057697499	color=(65,182,196)
1	185	186	1.3030312013275	color=(29,145,192)
1	186	187	-0.739763654254999	color=(65,182,196)
1	187	188	0.822421612232501	color=(65,182,196)
1	188	189	2.05413621065975	color=(29,145,192)
1	189	190	1.41365037451925	color=(29,145,192)
1	190	191	0.129974372707499	color=(65,182,196)
1	191	192	1.03596086544825	color=(65,182,196)
1	192	193	-0.157774450924999	color=(65,182,196)
1	193	194	0.291763403463	color=(65,182,196)
1	194	195	0.80646821065	color=(65,182,196)
1	195	196	0.8679417241025	color=(65,182,196)
1	196	197	-0.930020058547275	color=(65,182,196)
1	197	198	0.2240361286165	color=(65,182,196)
1	198	199	-0.418721640175	color=(65,182,196)
1	199	200	1.41353181799025	color=(29,145,192)
1	200	201	1.07624495034225	color=(65,182,196)
1	201	202	0.6361359911325	color=(65,182,196)
1	202	203	0.5159847156355	color=(65,182,196)
1	203	204	-0.310654376680001	color=(65,182,196)
1	204	205	-0.5655076095075	color=(65,182,196)
1	205	206	0.14809641040575	color=(65,182,196)
1	206	207	0.724563579674999	color=(65,182,196)
1	207	208	1.42308742921	color=(29,145,192)
1	208	209	-0.5010668292825	color=(65,182,196)
1	209	210	-0.18993601227	color=(65,182,196)
1	210	211	2.569454648475	color=(29,145,192)
1	211	212	0.54068566700875	color=(65,182,196)
1	212	213	-0.127231399795	color=(65,182,196)
1	213	214	-1.4462027359075	color=(127,205,187)
1	214	215	-0.43628423687	color=(65,182,196)
1	215	216	-1.576970290152	color=(127,205,187)
1	216	217	-0.784239457655	color=(65,182,196)
1	217	218	0.809061164715	color=(65,182,196)
1	218	219	-0.246151143500001	color=(65,182,196)
1	219	220	0.19672301859975	color=(65,182,196)
1	220	221	1.4619128934875	color=(29,145,192)
1	221	222	-2.11124998241475	color=(127,205,187)
1	222	223	0.900968062029	color=(65,182,196)
1	223	224	-1.1602306391	color=(127,205,187)
1	224	225	-0.0111010609625	color=(65,182,196)
1	225	226	-0.378647614985	color=(65,182,196)
1	226	227	0.8842247241375	color=(65,182,196)
1	227	228	-1.71288916367235	color=(127,205,187)
1	228	229	0.172122728455001	color=(65,182,196)
1	229	230	-0.00819757372875007	color=(65,182,196)
1	230	231	0.83026538765	color=(65,182,196)
1	231	232	0.78051467358675	color=(65,182,196)
1	232	233	0.4351246438875	color=(65,182,196)
1	233	234	0.220123204325	color=(65,182,196)
1	234	235	1.1779911574325	color=(29,145,192)
1	235	236	-1.1203403801	color=(127,205,187)
1	236	237	1.3813956729425	color=(29,145,192)
1	237	238	1.4448409063225	color=(29,145,192)
1	238	239	-0.8672814677175	color=(65,182,196)
1	239	240	0.98361118545225	color=(65,182,196)
1	240	241	0.1977104735825	color=(65,182,196)
1	241	242	0.0465734455819999	color=(65,182,196)
1	242	243	0.32640774045475	color=(65,182,196)
1	243	244	0.409362313425	color=(65,182,196)
1	244	245	-0.5819447392355	color=(65,182,196)
1	245	246	-1.31458659628103	color=(127,205,187)
1	246	247	-0.10535485256	color=(65,182,196)
1	247	248	1.5261077787	color=(29,145,192)
1	248	249	0.72125581419	color=(65,182,196)
1	249	250	0.5266255760558	color=(65,182,196)
1	250	251	0.17138270416375	color=(65,182,196)
2	0	1	-1.320528437665	color=(127,205,187)
2	1	2	-2.0805403073225	color=(127,205,187)
2	2	3	-2.0267565803875	color=(127,205,187)
2	3	4	-1.68489941971922	color=(127,205,187)
2	4	5	-0.9900146992725	color=(65,182,196)
2	5	6	-4.905144610095	color=(199,233,180)
2	6	7	-4.5512856989125	color=(199,233,180)
2	7	8	-1.29783491660565	color=(127,205,187)
2	8	9	-1.3663125288775	color=(127,205,187)
2	9	10	-3.13699232777	color=(127,205,187)
2	10	11	-5.178008309315	color=(199,233,180)
2	11	12	-0.784820867532501	color=(65,182,196)
2	12	13	-5.500858021885	color=(199,233,180)
2	13	14	-2.023979068705	color=(127,205,187)
2	14	15	-1.48199901052	color=(127,205,187)
2	15	16	-1.3636397843025	color=(127,205,187)
2	16	17	-1.138301426325	color=(127,205,187)
2	17	18	-1.049992055305	color=(65,182,196)
2	18	19	-2.36097386243	color=(127,205,187)
2	19	20	-1.0350277611675	color=(65,182,196)
2	20	21	-5.56629027482	color=(237,248,177)
2	21	22	-1.4303045755975	color=(127,205,187)
2	22	23	-1.020484512825	color=(65,182,196)
2	23	24	-0.974268472475	color=(65,182,196)
2	24	25	-0.8245445971575	color=(65,182,196)
2	25	26	-1.8788397491475	color=(127,205,187)
2	26	27	-4.36916397723	color=(199,233,180)
2	27	28	-1.0145110384325	color=(65,182,196)
2	28	29	-1.8857541250325	color=(127,205,187)
2	29	30	-1.5241615278675	color=(127,205,187)
2	30	31	-2.55229686416275	color=(127,205,187)
2	31	32	-5.9768651394375	color=(237,248,177)
2	32	33	-3.56008701329125	color=(199,233,180)
2	33	34	-0.748499138835	color=(65,182,196)
2	34	35	-1.437243860475	color=(127,205,187)
2	35	36	-3.4764769961175	color=(199,233,180)
2	36	37	-1.69338150054	color=(127,205,187)
2	37	38	-2.47352181792	color=(127,205,187)
2	38	39	-4.529199197685	color=(199,233,180)
2	39	40	-4.186950236055	color=(199,233,180)
2	40	41	-1.755889709875	color=(127,205,187)
2	41	42	-2.211953071195	color=(127,205,187)
2	42	43	-1.9063413647925	color=(127,205,187)
2	43	44	-3.7790495309625	color=(199,233,180)
2	44	45	-3.23723861056	color=(127,205,187)
2	45	46	-2.032639003635	color=(127,205,187)
2	46	47	-1.9414926572475	color=(127,205,187)
2	47	48	-2.1371973780525	color=(127,205,187)
2	48	49	-2.1384880286875	color=(127,205,187)
2	49	50	-2.499927344155	color=(127,205,187)
2	50	51	-4.6374337463995	color=(199,233,180)
2	51	52	-2.286358670686	color=(127,205,187)
2	52	53	-1.9751279752625	color=(127,205,187)
2	53	54	-1.92900146075	color=(127,205,187)
2	54	55	-0.977118183875	color=(65,182,196)
2	55	56	-2.4454374454125	color=(127,205,187)
2	56	57	-2.3291327574015	color=(127,205,187)
2	57	58	-1.970464413295	color=(127,205,187)
2	58	59	-6.52231890323275	color=(237,248,177)
2	59	60	-2.97593395895925	color=(127,205,187)
2	60	61	-2.04434375066	color=(127,205,187)
2	61	62	-1.55068738014	color=(127,205,187)
2	62	63	-1.7586227370925	color=(127,205,187)
2	63	64	-1.95562875453	color=(127,205,187)
2	64	65	-0.9693961349675	color=(65,182,196)
2	65	66	-3.1278127185525	color=(127,205,187)
2	66	67	-4.9911161055825	color=(199,233,180)
2	67	68	-1.0674567425425	color=(65,182,196)
2	68	69	-4.267404285805	color=(199,233,180)
2	69	70	-2.49954331599	color=(127,205,187)
2	70	71	-3.7382879923475	color=(199,233,180)
2	71	72	-0.967812503614999	color=(65,182,196)
2	72	73	-1.49967167617	color=(127,205,187)
2	73	74	-1.29060803084	color=(127,205,187)
2	74	75	-2.6466491798525	color=(127,205,187)
2	75	76	-1.60719643458325	color=(127,205,187)
2	76	77	-3.80171489332175	color=(199,233,180)
2	77	78	-5.21625205118225	color=(199,233,180)
3	0	1	-0.204665972095	color=(65,182,196)
3	1	2	-2.0874275393275	color=(127,205,187)
3	2	3	-3.13254061426	color=(127,205,187)
3	3	4	-6.74173922158	color=(237,248,177)
3	4	5	-1.77039686565	color=(127,205,187)
3	5	6	-1.4443065629575	color=(127,205,187)
3	6	7	-4.611018238535	color=(199,233,180)
3	7	8	-4.4297870852375	color=(199,233,180)
3	8	9	-4.93467190481	color=(199,233,180)
3	9	10	-2.264371301095	color=(127,205,187)
3	10	11	-5.3281950972475	color=(199,233,180)
3	11	12	-1.5642784743075	color=(127,205,187)
3	12	13	-4.6754570173625	color=(199,233,180)
3	13	14	-1.6501319663725	color=(127,205,187)
3	14	15	-4.17178001107	color=(199,233,180)
3	15	16	-3.7696028152245	color=(199,233,180)
3	16	17	-4.93953484659	color=(199,233,180)
3	17	18	-3.1220405717325	color=(127,205,187)
3	18	19	-2.15832655993	color=(127,205,187)
3	19	20	-3.449574924335	color=(199,233,180)
3	20	21	-1.8613887582825	color=(127,205,187)
3	21	22	-5.4442383247725	color=(199,233,180)
3	22	23	0.05581657891	color=(65,182,196)
3	23	24	-2.839028680055	color=(127,205,187)
3	24	25	-4.740864938085	color=(199,233,180)
3	25	26	-5.491722726555	color=(199,233,180)
3	26	27	-1.6853410989075	color=(127,205,187)
3	27	28	-3.8967822715875	color=(199,233,180)
3	28	29	-3.88284423547	color=(199,233,180)
3	29	30	-3.4817226810925	color=(199,233,180)
3	30	31	-3.141203240215	color=(127,205,187)
3	31	32	-3.3029322819775	color=(127,205,187)
3	32	33	-3.76912179459	color=(199,233,180)
3	33	34	-5.46004255229325	color=(199,233,180)
3	34	35	0.793949432909999	color=(65,182,196)
3	35	36	-1.372835922585	color=(127,205,187)
3	36	37	-4.9626474519325	color=(199,233,180)
3	37	38	-4.95435738676	color=(199,233,180)
3	38	39	-2.2363111773125	color=(127,205,187)
3	39	40	-2.2071460435325	color=(127,205,187)
3	40	41	-2.7089355180025	color=(127,205,187)
3	41	42	-3.9792652632325	color=(199,233,180)
3	42	43	-1.1907765602925	color=(127,205,187)
3	43	44	-3.04448762915	color=(127,205,187)
3	44	45	-3.35555014137	color=(199,233,180)
3	45	46	-5.5646589049	color=(237,248,177)
3	46	47	-3.2713618494175	color=(127,205,187)
3	47	48	-4.9728550478825	color=(199,233,180)
3	48	49	-4.020199557455	color=(199,233,180)
3	49	50	-5.58169572525	color=(237,248,177)
3	50	51	-4.0101430374115	color=(199,233,180)
3	51	52	-1.9650733868525	color=(127,205,187)
3	52	53	-2.24168957111	color=(127,205,187)
3	53	54	-0.3853448496925	color=(65,182,196)
3	54	55	-1.7515613843975	color=(127,205,187)
4	0	1	0.497383165743	color=(65,182,196)
4	1	2	0.677491086833499	color=(65,182,196)
4	2	3	1.46830864923975	color=(29,145,192)
4	3	4	-0.145073877942	color=(65,182,196)
4	4	5	-0.2220407016985	color=(65,182,196)
4	5	6	0.71716365571275	color=(65,182,196)
4	6	7	0.0917160262857504	color=(65,182,196)
4	7	8	0.54119425811675	color=(65,182,196)
4	8	9	0.20205087808975	color=(65,182,196)
4	9	10	0.50087076352005	color=(65,182,196)
4	10	11	0.15009150592275	color=(65,182,196)
4	11	12	0.7913411207675	color=(65,182,196)
4	12	13	-0.235762530060001	color=(65,182,196)
4	13	14	1.65377847252725	color=(29,145,192)
4	14	15	1.3195264328383	color=(29,145,192)
4	15	16	0.299797574678475	color=(65,182,196)
4	16	17	-0.33590881966125	color=(65,182,196)
4	17	18	0.527026358469501	color=(65,182,196)
4	18	19	-0.41578143244575	color=(65,182,196)
4	19	20	-1.41525177104175	color=(127,205,187)
4	20	21	0.82380502867	color=(65,182,196)
4	21	22	0.25187514803	color=(65,182,196)
4	22	23	-0.55795459623375	color=(65,182,196)
4	23	24	1.45502836779475	color=(29,145,192)
4	24	25	0.49123721470265	color=(65,182,196)
4	25	26	-0.106897600127501	color=(65,182,196)
4	26	27	-0.287171364884499	color=(65,182,196)
4	27	28	-0.460846015333	color=(65,182,196)
4	28	29	-0.8347147148925	color=(65,182,196)
4	29	30	2.63188072511525	color=(29,145,192)
4	30	31	1.27240447142	color=(29,145,192)
4	31	32	0.0898281275345001	color=(65,182,196)
4	32	33	0.4794398996155	color=(65,182,196)
4	33	34	-0.545673001871751	color=(65,182,196)
4	34	35	0.589743684531	color=(65,182,196)
4	35	36	-0.550305280595924	color=(65,182,196)
4	36	37	0.75352853786925	color=(65,182,196)
4	37	38	0.785510818918749	color=(65,182,196)
4	38	39	0.2694701065745	color=(65,182,196)
4	39	40	0.9855386649625	color=(65,182,196)
4	40	41	-0.190164441436999	color=(65,182,196)
4	41	42	1.428546061568	color=(29,145,192)
4	42	43	0.33333994963625	color=(65,182,196)
4	43	44	0.68591208077475	color=(65,182,196)
4	44	45	0.770540702982999	color=(65,182,196)
4	45	46	0.701410940056	color=(65,182,196)
4	46	47	0.942244901347498	color=(65,182,196)
4	47	48	0.3979724376345	color=(65,182,196)
4	48	49	-0.5014245751	color=(65,182,196)
4	49	50	0.41658999808715	color=(65,182,196)
4	50	51	0.81802866258025	color=(65,182,196)
4	51	52	0.9813982459775	color=(65,182,196)
4	52	53	0.270134340322	color=(65,182,196)
4	53	54	0.371682063005	color=(65,182,196)
4	54	55	-0.8041973302415	color=(65,182,196)
4	55	56	0.711808082827501	color=(65,182,196)
4	56	57	1.17995293549675	color=(29,145,192)
4	57	58	0.464089885907501	color=(65,182,196)
4	58	59	0.381003825965499	color=(65,182,196)
4	59	60	0.0887357054712501	color=(65,182,196)
4	60	61	-0.736121584235943	color=(65,182,196)
4	61	62	0.668899012817501	color=(65,182,196)
4	62	63	1.10171446040575	color=(29,145,192)
4	63	64	0.573553833716	color=(65,182,196)
4	64	65	0.687562408316751	color=(65,182,196)
4	65	66	0.378075394841275	color=(65,182,196)
4	66	67	0.131977805205	color=(65,182,196)
4	67	68	0.6025726769095	color=(65,182,196)
4	68	69	0.0062651900401498	color=(65,182,196)
4	69	70	0.74139730450005	color=(65,182,196)
4	70	71	0.27598682233825	color=(65,182,196)
4	71	72	0.454051773073999	color=(65,182,196)
4	72	73	0.63388432275625	color=(65,182,196)
4	73	74	2.0597336796653	color=(29,145,192)
4	74	75	-0.7290112136695	color=(65,182,196)
4	75	76	0.655959113080275	color=(65,182,196)
4	76	77	0.80460313038075	color=(65,182,196)
4	77	78	-0.0849028292249994	color=(65,182,196)
4	78	79	-0.03470170689525	color=(65,182,196)
4	79	80	0.900959746097	color=(65,182,196)
4	80	81	-0.2521412174935	color=(65,182,196)
4	81	82	0.299376388566375	color=(65,182,196)
4	82	83	1.52611320364525	color=(29,145,192)
4	83	84	0.20600649021565	color=(65,182,196)
4	84	85	0.0726962095517507	color=(65,182,196)
4	85	86	0.11240975823575	color=(65,182,196)
4	86	87	-0.21601263687275	color=(65,182,196)
4	87	88	-0.30106924002575	color=(65,182,196)
4	88	89	0.188717454463751	color=(65,182,196)
4	89	90	0.86107816539625	color=(65,182,196)
4	90	91	-0.79815370689275	color=(65,182,196)
4	91	92	0.77730598516625	color=(65,182,196)
4	92	93	0.98933825736725	color=(65,182,196)
4	93	94	0.258472168539999	color=(65,182,196)
4	94	95	0.647905511492	color=(65,182,196)
4	95	96	-3.371982240013	color=(199,233,180)
4	96	97	-0.426012490371	color=(65,182,196)
4	97	98	0.182294752684999	color=(65,182,196)
4	98	99	-0.575913554654999	color=(65,182,196)
4	99	100	0.863283274106251	color=(65,182,196)
4	100	101	0.419703247241999	color=(65,182,196)
4	101	102	-0.597663554637249	color=(65,182,196)
4	102	103	2.816994806884	color=(29,145,192)
4	103	104	-2.039641631353	color=(127,205,187)
4	104	105	0.26209432217425	color=(65,182,196)
4	105	106	-0.5042471493225	color=(65,182,196)
4	106	107	0.18598005187875	color=(65,182,196)
4	107	108	0.0613873204124999	color=(65,182,196)
4	108	109	0.7369931503925	color=(65,182,196)
4	109	110	0.18790686119175	color=(65,182,196)
4	110	111	0.62051221888155	color=(65,182,196)
5	0	1	0.548395904347	color=(65,182,196)
5	1	2	0.10214965289625	color=(65,182,196)
5	2	3	0.5259229071875	color=(65,182,196)
5	3	4	0.09711141616	color=(65,182,196)
5	4	5	-0.574824548247499	color=(65,182,196)
5	5	6	1.5959241825945	color=(29,145,192)
5	6	7	0.749403325891	color=(65,182,196)
5	7	8	-0.0992482854199999	color=(65,182,196)
5	8	9	1.28656093896	color=(29,145,192)
5	9	10	0.50736994254775	color=(65,182,196)
5	10	11	-0.8921329842975	color=(65,182,196)
5	11	12	1.1738220456575	color=(29,145,192)
5	12	13	-1.91706382402725	color=(127,205,187)
5	13	14	0.3574674127335	color=(65,182,196)
5	14	15	0.1167831874025	color=(65,182,196)
5	15	16	-0.200532562804	color=(65,182,196)
5	16	17	0.270487074995	color=(65,182,196)
5	17	18	-0.81754104178275	color=(65,182,196)
5	18	19	0.74939526353	color=(65,182,196)
5	19	20	0.55588516830125	color=(65,182,196)
5	20	21	-1.0288427097	color=(65,182,196)
5	21	22	-0.0730563688475003	color=(65,182,196)
5	22	23	0.15707500413825	color=(65,182,196)
5	23	24	-0.77891054707075	color=(65,182,196)
5	24	25	-0.561728318523	color=(65,182,196)
5	25	26	0.731523453971	color=(65,182,196)
5	26	27	-0.577565853618	color=(65,182,196)
5	27	28	0.89640388629775	color=(65,182,196)
5	28	29	0.63848865137425	color=(65,182,196)
5	29	30	1.30902506440125	color=(29,145,192)
5	30	31	0.2840549495105	color=(65,182,196)
5	31	32	0.640889395217	color=(65,182,196)
5	32	33	2.68625101736	color=(29,145,192)
5	33	34	-0.7253092130225	color=(65,182,196)
5	34	35	0.63164936864325	color=(65,182,196)
5	35	36	-1.5358699386375	color=(127,205,187)
5	36	37	-0.4033700867975	color=(65,182,196)
5	37	38	-0.4859463425975	color=(65,182,196)
5	38	39	-0.1316620494265	color=(65,182,196)
5	39	40	-0.7100515230535	color=(65,182,196)
5	40	41	-1.067025345528	color=(65,182,196)
5	41	42	-0.6965739801575	color=(65,182,196)
5	42	43	-2.0718326461275	color=(127,205,187)
5	43	44	-0.857220625735	color=(65,182,196)
5	44	45	-1.440072521665	color=(127,205,187)
5	45	46	0.6713410422705	color=(65,182,196)
5	46	47	0.808788836021	color=(65,182,196)
5	47	48	0.0031153061425	color=(65,182,196)
5	48	49	-0.425938896138	color=(65,182,196)
5	49	50	-0.62478337644705	color=(65,182,196)
5	50	51	0.34074288340525	color=(65,182,196)
5	51	52	-0.22584097458425	color=(65,182,196)
5	52	53	-0.1544356790175	color=(65,182,196)
5	53	54	-1.45855552871	color=(127,205,187)
5	54	55	0.8700271503925	color=(65,182,196)
5	55	56	-0.72678918499	color=(65,182,196)
5	56	57	0.568410318855	color=(65,182,196)
5	57	58	0.614413288909375	color=(65,182,196)
5	58	59	-0.245648171125	color=(65,182,196)
5	59	60	-0.8038259834175	color=(65,182,196)
5	60	61	-1.4286575144	color=(127,205,187)
5	61	62	0.864772455810501	color=(65,182,196)
5	62	63	0.583097564767501	color=(65,182,196)
5	63	64	-0.571155400555	color=(65,182,196)
5	64	65	-0.36914470669	color=(65,182,196)
5	65	66	-0.392915830625	color=(65,182,196)
5	66	67	-0.16610496798065	color=(65,182,196)
5	67	68	0.0958270161849999	color=(65,182,196)
5	68	69	-0.88916329600225	color=(65,182,196)
5	69	70	-0.799047379507	color=(65,182,196)
5	70	71	0.4674953628805	color=(65,182,196)
5	71	72	0.0646295191049999	color=(65,182,196)
5	72	73	0.1102858201225	color=(65,182,196)
5	73	74	-0.662526983531	color=(65,182,196)
5	74	75	-0.310126054977499	color=(65,182,196)
5	75	76	-1.840027932256	color=(127,205,187)
5	76	77	4.21796154104175	color=(34,94,168)
5	77	78	-0.57205276737925	color=(65,182,196)
5	78	79	0.3727134448605	color=(65,182,196)
5	79	80	0.2552833603125	color=(65,182,196)
5	80	81	0.1762805908475	color=(65,182,196)
5	81	82	-0.740544679815	color=(65,182,196)
5	82	83	1.0198526095975	color=(65,182,196)
5	83	84	0.4740233056115	color=(65,182,196)
5	84	85	0.0477813950317501	color=(65,182,196)
5	85	86	2.1484758580375	color=(29,145,192)
5	86	87	1.46769472060525	color=(29,145,192)
5	87	88	1.28379345693575	color=(29,145,192)
5	88	89	-0.0462072025525	color=(65,182,196)
5	89	90	-0.484755898245	color=(65,182,196)
5	90	91	-0.10817386424725	color=(65,182,196)
5	91	92	-1.33985089704	color=(127,205,187)
5	92	93	-0.611378344289999	color=(65,182,196)
5	93	94	-0.78908256129775	color=(65,182,196)
5	94	95	0.57712522890925	color=(65,182,196)
5	95	96	-0.532199401805	color=(65,182,196)
5	96	97	0.6917080944675	color=(65,182,196)
5	97	98	0.56960012319	color=(65,182,196)
5	98	99	1.9114018186625	color=(29,145,192)
5	99	100	0.75069376859	color=(65,182,196)
5	100	101	-0.5088909529325	color=(65,182,196)
5	101	102	1.9575320973515	color=(29,145,192)
5	102	103	-0.29003335832025	color=(65,182,196)
5	103	104	-0.390195994870001	color=(65,182,196)
5	104	105	1.3337487999155	color=(29,145,192)
5	105	106	-0.644450712453	color=(65,182,196)
5	106	107	-0.294866278758	color=(65,182,196)
5	107	108	1.55542397318125	color=(29,145,192)
5	108	109	-0.5174107535905	color=(65,182,196)
5	109	110	2.47176133140825	color=(29,145,192)
5	110	111	-0.29219432542575	color=(65,182,196)
5	111	112	-0.29753837255375	color=(65,182,196)
5	112	113	-1.1488892199675	color=(127,205,187)
5	113	114	1.8278101297875	color=(29,145,192)
5	114	115	1.49724741587475	color=(29,145,192)
5	115	116	-0.391778032615	color=(65,182,196)
5	116	117	-0.1186613129625	color=(65,182,196)
5	117	118	-0.60717846972125	color=(65,182,196)
5	118	119	-1.4269090667325	color=(127,205,187)
5	119	120	2.55754573781126	color=(29,145,192)
5	120	121	1.8467448760875	color=(29,145,192)
5	121	122	-1.0030523265525	color=(65,182,196)
5	122	123	0.730601496123001	color=(65,182,196)
5	123	124	0.6197033695815	color=(65,182,196)
5	124	125	-0.26703241139	color=(65,182,196)
5	125	126	1.584681055842	color=(29,145,192)
5	126	127	1.1347367536795	color=(29,145,192)
5	127	128	1.418269168624	color=(29,145,192)
5	128	129	-0.38969616568125	color=(65,182,196)
5	129	130	-0.9857832366025	color=(65,182,196)
5	130	131	1.93158059704735	color=(29,145,192)
5	131	132	-1.18620717682	color=(127,205,187)
5	132	133	-0.11202379443975	color=(65,182,196)
5	133	134	-0.010267470094	color=(65,182,196)
5	134	135	0.0720908756175	color=(65,182,196)
5	135	136	0.7264230169975	color=(65,182,196)
5	136	137	0.832053259902501	color=(65,182,196)
5	137	138	-0.164117389847501	color=(65,182,196)
5	138	139	-0.8287198541275	color=(65,182,196)
5	139	140	-0.0848827811469999	color=(65,182,196)
5	140	141	0.54721028250425	color=(65,182,196)
5	141	142	0.915850224484025	color=(65,182,196)
5	142	143	-0.3068992646725	color=(65,182,196)
5	143	144	1.080742455094	color=(65,182,196)
5	144	145	-0.33700374218	color=(65,182,196)
5	145	146	0.395972291280001	color=(65,182,196)
5	146	147	-0.199239650815001	color=(65,182,196)
5	147	148	0.39829116785225	color=(65,182,196)
5	148	149	0.573274534065	color=(65,182,196)
5	149	150	-0.51446266542	color=(65,182,196)
5	150	151	1.441866820127	color=(29,145,192)
5	151	152	-0.246284381600001	color=(65,182,196)
5	152	153	-0.44382338102	color=(65,182,196)
5	153	154	-1.19065218694525	color=(127,205,187)
5	154	155	0.46330428296875	color=(65,182,196)
5	155	156	-1.1214983780425	color=(127,205,187)
5	156	157	-0.193186213635	color=(65,182,196)
5	157	158	-0.77931476715225	color=(65,182,196)
5	158	159	0.7278984401075	color=(65,182,196)
5	159	160	-0.2504435132025	color=(65,182,196)
5	160	161	2.754404398559	color=(29,145,192)
5	161	162	2.33477136068325	color=(29,145,192)
5	162	163	-0.12709485958	color=(65,182,196)
5	163	164	-0.0981630775312494	color=(65,182,196)
5	164	165	-0.4715748851075	color=(65,182,196)
5	165	166	1.815916508038	color=(29,145,192)
5	166	167	-0.0221301241612499	color=(65,182,196)
5	167	168	0.164447876425	color=(65,182,196)
5	168	169	-0.1993458464275	color=(65,182,196)
5	169	170	0.27642253541	color=(65,182,196)
5	170	171	0.477275984852501	color=(65,182,196)
5	171	172	-0.0510595302219996	color=(65,182,196)
5	172	173	1.9831612627865	color=(29,145,192)
6	0	1	-0.329741964965	color=(65,182,196)
6	1	2	-0.0123389183400011	color=(65,182,196)
6	2	3	-0.811892386417	color=(65,182,196)
6	3	4	-0.838729564364999	color=(65,182,196)
6	4	5	1.3153530042775	color=(29,145,192)
6	5	6	1.8239157852375	color=(29,145,192)
6	6	7	0.881395646525	color=(65,182,196)
6	7	8	0.0811748089850006	color=(65,182,196)
6	8	9	1.2433142153975	color=(29,145,192)
6	9	10	1.4170633672725	color=(29,145,192)
6	10	11	-0.283931924299999	color=(65,182,196)
6	11	12	-0.495126738714999	color=(65,182,196)
6	12	13	2.4004644423975	color=(29,145,192)
6	13	14	-0.473574803302501	color=(65,182,196)
6	14	15	-0.418202213702499	color=(65,182,196)
6	15	16	0.248539415562501	color=(65,182,196)
6	16	17	0.66678745738455	color=(65,182,196)
6	17	18	-1.4218590761725	color=(127,205,187)
6	18	19	-0.23106159478	color=(65,182,196)
6	19	20	-0.5119540646225	color=(65,182,196)
6	20	21	4.60151666453825	color=(34,94,168)
6	21	22	2.92159897289	color=(29,145,192)
6	22	23	1.9366023636	color=(29,145,192)
6	23	24	-1.4811013660775	color=(127,205,187)
6	24	25	-0.633342934854	color=(65,182,196)
6	25	26	3.941541759105	color=(34,94,168)
6	26	27	1.7526631873025	color=(29,145,192)
6	27	28	0.2868863258175	color=(65,182,196)
6	28	29	-0.2450702297555	color=(65,182,196)
6	29	30	-0.0248907365749993	color=(65,182,196)
6	30	31	1.9104593399775	color=(29,145,192)
6	31	32	1.4615345535425	color=(29,145,192)
6	32	33	-0.239770950300001	color=(65,182,196)
6	33	34	0.8691396598125	color=(65,182,196)
6	34	35	-0.453024044675001	color=(65,182,196)
6	35	36	-0.2383308060175	color=(65,182,196)
6	36	37	-0.233461990525001	color=(65,182,196)
6	37	38	0.910673385285	color=(65,182,196)
6	38	39	1.26114449334	color=(29,145,192)
6	39	40	-0.478984928099999	color=(65,182,196)
6	40	41	1.993679262217	color=(29,145,192)
6	41	42	-0.1660098882725	color=(65,182,196)
6	42	43	-0.246676657949999	color=(65,182,196)
6	43	44	-0.4388879891175	color=(65,182,196)
6	44	45	3.895430296645	color=(34,94,168)
6	45	46	0.3019832385075	color=(65,182,196)
6	46	47	2.6613593336175	color=(29,145,192)
6	47	48	0.622998276495	color=(65,182,196)
6	48	49	0.604865342865	color=(65,182,196)
6	49	50	2.27780105064	color=(29,145,192)
6	50	51	0.8934326024775	color=(65,182,196)
6	51	52	0.92123624184425	color=(65,182,196)
6	52	53	0.233209090282	color=(65,182,196)
6	53	54	1.20354723046	color=(29,145,192)
6	54	55	1.2589306760875	color=(29,145,192)
6	55	56	-0.4898610969	color=(65,182,196)
6	56	57	0.39386178651	color=(65,182,196)
6	57	58	1.6215911927925	color=(29,145,192)
6	58	59	-0.2786639326525	color=(65,182,196)
6	59	60	2.257817107675	color=(29,145,192)
6	60	61	-0.162229520535	color=(65,182,196)
6	61	62	-0.375017494502501	color=(65,182,196)
6	62	63	0.785960280275	color=(65,182,196)
6	63	64	1.50982973641	color=(29,145,192)
6	64	65	1.7627828113875	color=(29,145,192)
6	65	66	0.11617574719	color=(65,182,196)
6	66	67	4.4244344373475	color=(34,94,168)
6	67	68	0.508181197472499	color=(65,182,196)
6	68	69	4.538683702035	color=(34,94,168)
6	69	70	-1.4065063553175	color=(127,205,187)
6	70	71	-0.0432656196950001	color=(65,182,196)
6	71	72	0.5200640459475	color=(65,182,196)
6	72	73	-0.5743501123525	color=(65,182,196)
6	73	74	-0.456024127012499	color=(65,182,196)
6	74	75	0.0893532542150002	color=(65,182,196)
6	75	76	0.274529041600001	color=(65,182,196)
6	76	77	0.50496610081475	color=(65,182,196)
6	77	78	1.0316651493825	color=(65,182,196)
6	78	79	-0.521850020670001	color=(65,182,196)
6	79	80	3.1052051542475	color=(29,145,192)
6	80	81	0.4617316086405	color=(65,182,196)
6	81	82	1.5338151341275	color=(29,145,192)
6	82	83	0.9895479780375	color=(65,182,196)
6	83	84	1.88976655564847	color=(29,145,192)
6	84	85	-0.625378409435001	color=(65,182,196)
6	85	86	1.6151833786575	color=(29,145,192)
6	86	87	0.9238730492775	color=(65,182,196)
6	87	88	0.385393780880001	color=(65,182,196)
6	88	89	-1.350981398075	color=(127,205,187)
6	89	90	-1.28094597379275	color=(127,205,187)
6	90	91	0.23976575869	color=(65,182,196)
6	91	92	1.7351985184625	color=(29,145,192)
6	92	93	0.444146448782499	color=(65,182,196)
6	93	94	0.0471123495274997	color=(65,182,196)
6	94	95	2.8711344337075	color=(29,145,192)
6	95	96	0.0251394116500006	color=(65,182,196)
6	96	97	0.214130806777501	color=(65,182,196)
6	97	98	0.509520176032501	color=(65,182,196)
6	98	99	1.3369027007275	color=(29,145,192)
6	99	100	2.8464781430175	color=(29,145,192)
6	100	101	0.8373887841925	color=(65,182,196)
6	101	102	1.0164666914025	color=(65,182,196)
6	102	103	1.90328627510787	color=(29,145,192)
6	103	104	0.0260246631775001	color=(65,182,196)
6	104	105	-0.47836544316	color=(65,182,196)
6	105	106	-0.6142794804	color=(65,182,196)
6	106	107	0.35597098757125	color=(65,182,196)
6	107	108	0.97989033808	color=(65,182,196)
6	108	109	-0.0476755742474992	color=(65,182,196)
6	109	110	-0.0773589423925003	color=(65,182,196)
6	110	111	1.3371945831775	color=(29,145,192)
6	111	112	1.0978452858125	color=(65,182,196)
6	112	113	-0.4166998152375	color=(65,182,196)
6	113	114	2.9931757378725	color=(29,145,192)
6	114	115	1.474612540835	color=(29,145,192)
6	115	116	2.25875080708557	color=(29,145,192)
6	116	117	0.526351280275001	color=(65,182,196)
6	117	118	-0.117279639020001	color=(65,182,196)
6	118	119	1.67634503044575	color=(29,145,192)
6	119	120	0.0459036034750002	color=(65,182,196)
6	120	121	0.9020587967025	color=(65,182,196)
6	121	122	-0.0360528175725001	color=(65,182,196)
6	122	123	2.72987921328	color=(29,145,192)
6	123	124	1.5427585234775	color=(29,145,192)
6	124	125	-0.459799826274999	color=(65,182,196)
6	125	126	0.54403770836	color=(65,182,196)
6	126	127	-0.2800968285675	color=(65,182,196)
6	127	128	0.285302604775	color=(65,182,196)
6	128	129	-0.2603971041375	color=(65,182,196)
6	129	130	-0.794514659740001	color=(65,182,196)
6	130	131	0.542923809145	color=(65,182,196)
6	131	132	0.43574365209175	color=(65,182,196)
6	132	133	-0.3884979014365	color=(65,182,196)
6	133	134	1.761295823815	color=(29,145,192)
6	134	135	0.0489206810331	color=(65,182,196)
6	135	136	0.205046082974999	color=(65,182,196)
6	136	137	2.36948514373	color=(29,145,192)
6	137	138	1.199763793	color=(29,145,192)
6	138	139	-0.0936601256974994	color=(65,182,196)
6	139	140	0.7169047065125	color=(65,182,196)
6	140	141	-0.5462405193575	color=(65,182,196)
6	141	142	1.7657827054875	color=(29,145,192)
6	142	143	-0.630556633732501	color=(65,182,196)
6	143	144	-0.0172251848674989	color=(65,182,196)
6	144	145	3.071464848065	color=(29,145,192)
6	145	146	1.309029769581	color=(29,145,192)
6	146	147	-0.6257453324225	color=(65,182,196)
6	147	148	0.01332696457	color=(65,182,196)
6	148	149	1.0224206172525	color=(65,182,196)
6	149	150	0.95468070303	color=(65,182,196)
6	150	151	0.1557515127975	color=(65,182,196)
6	151	152	-0.508908537325	color=(65,182,196)
6	152	153	2.28992478014	color=(29,145,192)
6	153	154	0.0767447512324999	color=(65,182,196)
6	154	155	-0.95083533366725	color=(65,182,196)
6	155	156	3.30835536724225	color=(29,145,192)
6	156	157	0.12447797475475	color=(65,182,196)
6	157	158	1.37099075071225	color=(29,145,192)
6	158	159	0.24083199221	color=(65,182,196)
6	159	160	-0.5732596319175	color=(65,182,196)
6	160	161	0.451759776435001	color=(65,182,196)
6	161	162	1.6024529825475	color=(29,145,192)
6	162	163	0.4488989149075	color=(65,182,196)
6	163	164	-0.2034774840275	color=(65,182,196)
6	164	165	1.583494150365	color=(29,145,192)
6	165	166	-0.57576332866	color=(65,182,196)
6	166	167	-0.36650795245	color=(65,182,196)
6	167	168	0.9642320530125	color=(65,182,196)
6	168	169	0.34054929092	color=(65,182,196)
6	169	170	0.28967265985515	color=(65,182,196)
6	170	171	-0.0760291893975	color=(65,182,196)
6	171	172	1.2134406201225	color=(29,145,192)
6	172	173	0.142021465555001	color=(65,182,196)
6	173	174	1.8255146511275	color=(29,145,192)
6	174	175	0.4984377478575	color=(65,182,196)
6	175	176	2.773520047205	color=(29,145,192)
6	176	177	0.04152386093025	color=(65,182,196)
6	177	178	-0.410733338577501	color=(65,182,196)
6	178	179	0.6994795041225	color=(65,182,196)
6	179	180	-1.121058993695	color=(127,205,187)
6	180	181	0.9274335964975	color=(65,182,196)
6	181	182	-0.186168464765	color=(65,182,196)
6	182	183	-0.698853980297502	color=(65,182,196)
6	183	184	1.32027371403	color=(29,145,192)
6	184	185	0.664420169334999	color=(65,182,196)
6	185	186	-0.1024599299075	color=(65,182,196)
6	186	187	0.81918016728	color=(65,182,196)
6	187	188	3.16322486889	color=(29,145,192)
6	188	189	1.34548602354825	color=(29,145,192)
6	189	190	-0.0718960571950005	color=(65,182,196)
6	190	191	-0.4209093254915	color=(65,182,196)
6	191	192	-0.7541031071585	color=(65,182,196)
6	192	193	1.6418263680625	color=(29,145,192)
6	193	194	1.6228180597275	color=(29,145,192)
6	194	195	-0.301783646975	color=(65,182,196)
6	195	196	0.220614460781175	color=(65,182,196)
6	196	197	-0.1969605976	color=(65,182,196)
7	0	1	3.369485871009	color=(34,94,168)
7	1	2	2.1854375496025	color=(29,145,192)
7	2	3	0.99095457287	color=(65,182,196)
7	3	4	1.266123639885	color=(29,145,192)
7	4	5	1.635856009545	color=(29,145,192)
7	5	6	2.2268786572325	color=(29,145,192)
7	6	7	1.92301376901625	color=(29,145,192)
7	7	8	2.442895841995	color=(29,145,192)
7	8	9	7.13724094543245	color=(37,52,148)
7	9	10	2.30640801065025	color=(29,145,192)
7	10	11	2.6170228121185	color=(29,145,192)
7	11	12	6.14823689056275	color=(37,52,148)
7	12	13	1.454082756675	color=(29,145,192)
7	13	14	0.47412962491	color=(65,182,196)
7	14	15	1.31741810449575	color=(29,145,192)
7	15	16	1.97121547080325	color=(29,145,192)
7	16	17	3.15148786961175	color=(29,145,192)
7	17	18	2.05574493341975	color=(29,145,192)
7	18	19	1.67921444467	color=(29,145,192)
7	19	20	0.5358503980375	color=(65,182,196)
7	20	21	2.505702149835	color=(29,145,192)
7	21	22	2.7747016634475	color=(29,145,192)
7	22	23	7.86610433937375	color=(8,29,88)
7	23	24	2.87946712024	color=(29,145,192)
7	24	25	0.9363548954625	color=(65,182,196)
7	25	26	4.647952145507	color=(34,94,168)
7	26	27	2.104690383586	color=(29,145,192)
7	27	28	1.30221328831125	color=(29,145,192)
7	28	29	2.64129568229575	color=(29,145,192)
7	29	30	2.25621217828	color=(29,145,192)
7	30	31	0.983729809855	color=(65,182,196)
7	31	32	2.754134648787	color=(29,145,192)
7	32	33	2.0569057492555	color=(29,145,192)
7	33	34	0.8618336379045	color=(65,182,196)
7	34	35	5.10879785968225	color=(34,94,168)
7	35	36	2.1094500269825	color=(29,145,192)
7	36	37	6.61755939071175	color=(37,52,148)
7	37	38	7.2210427483175	color=(37,52,148)
7	38	39	1.94240010517625	color=(29,145,192)
7	39	40	2.56808750487375	color=(29,145,192)
7	40	41	1.07940710604575	color=(65,182,196)
7	41	42	1.1579924593225	color=(29,145,192)
7	42	43	6.2447596299775	color=(37,52,148)
7	43	44	2.23110939055	color=(29,145,192)
7	44	45	1.350958329	color=(29,145,192)
7	45	46	1.0863247990025	color=(65,182,196)
7	46	47	1.14094242970475	color=(29,145,192)
7	47	48	3.318723254165	color=(29,145,192)
7	48	49	2.14444693612025	color=(29,145,192)
7	49	50	1.7153217751485	color=(29,145,192)
7	50	51	1.0627048280725	color=(65,182,196)
7	51	52	2.00083188592175	color=(29,145,192)
7	52	53	6.462460996404	color=(37,52,148)
7	53	54	2.82948052797	color=(29,145,192)
7	54	55	2.2655678183975	color=(29,145,192)
7	55	56	1.823248517023	color=(29,145,192)
7	56	57	3.30820657176525	color=(29,145,192)
7	57	58	6.2763187535475	color=(37,52,148)
7	58	59	4.60055126247025	color=(34,94,168)
7	59	60	1.79524954710325	color=(29,145,192)
7	60	61	6.78296310564725	color=(37,52,148)
7	61	62	6.58967547024925	color=(37,52,148)
7	62	63	5.17647064322	color=(34,94,168)
7	63	64	1.3094121934775	color=(29,145,192)
7	64	65	2.4169136949575	color=(29,145,192)
7	65	66	1.19295618895	color=(29,145,192)
7	66	67	1.5893502295925	color=(29,145,192)
7	67	68	1.3806360646925	color=(29,145,192)
7	68	69	5.49883147405775	color=(34,94,168)
7	69	70	1.67135186426725	color=(29,145,192)
7	70	71	0.38197807755925	color=(65,182,196)
7	71	72	6.240137131967	color=(37,52,148)
7	72	73	2.2593559310175	color=(29,145,192)
7	73	74	6.11433130872425	color=(37,52,148)
7	74	75	0.798888708550001	color=(65,182,196)
7	75	76	3.50074294199	color=(34,94,168)
7	76	77	1.111301123929	color=(29,145,192)
7	77	78	1.96866382038225	color=(29,145,192)
7	78	79	2.0575889236975	color=(29,145,192)
7	79	80	1.5765813163245	color=(29,145,192)
7	80	81	1.367695517165	color=(29,145,192)
7	81	82	1.8292314082425	color=(29,145,192)
7	82	83	1.43820152232	color=(29,145,192)
7	83	84	0.722623450257499	color=(65,182,196)
7	84	85	1.97920126580325	color=(29,145,192)
7	85	86	1.86702090368822	color=(29,145,192)
7	86	87	3.054022511899	color=(29,145,192)
7	87	88	0.834690168056	color=(65,182,196)
7	88	89	0.594814828572501	color=(65,182,196)
7	89	90	4.8252137136	color=(34,94,168)
7	90	91	5.7719260175275	color=(37,52,148)
7	91	92	4.639582240735	color=(34,94,168)
7	92	93	7.92782435285	color=(8,29,88)
7	93	94	5.08416196488175	color=(34,94,168)
7	94	95	0.808814002382	color=(65,182,196)
7	95	96	1.112766059535	color=(29,145,192)
7	96	97	7.34374955933225	color=(37,52,148)
7	97	98	2.42816913974975	color=(29,145,192)
7	98	99	1.46173499151425	color=(29,145,192)
7	99	100	0.841431826157501	color=(65,182,196)
7	100	101	2.86018778196975	color=(29,145,192)
7	101	102	7.49965108531	color=(37,52,148)
7	102	103	2.35231942957	color=(29,145,192)
7	103	104	0.68516713253	color=(65,182,196)
7	104	105	0.837384340725	color=(65,182,196)
7	105	106	2.17966871112	color=(29,145,192)
7	106	107	3.7655050676235	color=(34,94,168)
7	107	108	2.215630115055	color=(29,145,192)
7	108	109	0.664671795235	color=(65,182,196)
7	109	110	5.58526967693225	color=(37,52,148)
7	110	111	0.770431683275	color=(65,182,196)
7	111	112	5.0340084613625	color=(34,94,168)
7	112	113	1.3048006282525	color=(29,145,192)
7	113	114	4.092895110944	color=(34,94,168)
7	114	115	5.9619959706025	color=(37,52,148)
7	115	116	4.59585642013842	color=(34,94,168)
7	116	117	7.1669261641575	color=(37,52,148)
7	117	118	5.4793821867625	color=(34,94,168)
7	118	119	0.673688092529	color=(65,182,196)
7	119	120	3.58897507790725	color=(34,94,168)
7	120	121	2.195987702881	color=(29,145,192)
7	121	122	2.18337820982525	color=(29,145,192)
7	122	123	3.4579164902945	color=(34,94,168)
7	123	124	1.69389162987625	color=(29,145,192)
7	124	125	5.81086897711325	color=(37,52,148)
7	125	126	0.98273808864375	color=(65,182,196)
7	126	127	1.737674409351	color=(29,145,192)
7	127	128	1.577665644602	color=(29,145,192)
7	128	129	2.08367344375375	color=(29,145,192)
7	129	130	1.7740166560105	color=(29,145,192)
7	130	131	1.980455637023	color=(29,145,192)
7	131	132	1.131951093275	color=(29,145,192)
7	132	133	2.9734978729	color=(29,145,192)
7	133	134	6.0993161676425	color=(37,52,148)
7	134	135	1.482793	color=(29,145,192)
7	135	136	1.647003	color=(29,145,192)
7	136	137	2.840749	color=(29,145,192)
7	137	138	1.039819	color=(65,182,196)
7	138	139	2.615165	color=(29,145,192)
7	139	140	3.343547	color=(34,94,168)
7	140	141	1.342545	color=(29,145,192)
7	141	142	2.003528	color=(29,145,192)
7	142	143	1.070422	color=(65,182,196)
7	143	144	1.311888	color=(29,145,192)
7	144	145	4.372257	color=(34,94,168)
7	145	146	1.028519	color=(65,182,196)
7	146	147	1.903578	color=(29,145,192)
7	147	148	1.878987	color=(29,145,192)
7	148	149	2.079304	color=(29,145,192)
7	149	150	-0.07468601	color=(65,182,196)
7	150	151	1.331134	color=(29,145,192)
7	151	152	2.017735	color=(29,145,192)
7	152	153	2.446534	color=(29,145,192)
7	153	154	5.687884	color=(37,52,148)
7	154	155	2.501792	color=(29,145,192)
7	155	156	6.391786	color=(37,52,148)
7	156	157	2.600592	color=(29,145,192)
7	157	158	1.440063	color=(29,145,192)
7	158	159	1.067405	color=(65,182,196)
7	159	160	0.799554	color=(65,182,196)
7	160	161	0.9171925	color=(65,182,196)
7	161	162	5.602528	color=(37,52,148)
7	162	163	2.031659	color=(29,145,192)
7	163	164	1.571629	color=(29,145,192)
7	164	165	4.64358	color=(34,94,168)
7	165	166	2.138667	color=(29,145,192)
7	166	167	1.553385	color=(29,145,192)
7	167	168	7.923527	color=(8,29,88)
7	168	169	7.06457	color=(37,52,148)
7	169	170	3.947938	color=(34,94,168)
7	170	171	6.844023	color=(37,52,148)
7	171	172	1.383353	color=(29,145,192)
7	172	173	1.754619	color=(29,145,192)
7	173	174	2.311676	color=(29,145,192)
7	174	175	3.075899	color=(29,145,192)
7	175	176	1.235117	color=(29,145,192)
7	176	177	7.525772	color=(37,52,148)
7	177	178	4.56193	color=(34,94,168)
7	178	179	5.648652	color=(37,52,148)
7	179	180	0.7830935	color=(65,182,196)
7	180	181	0.901028	color=(65,182,196)
7	181	182	3.176108	color=(29,145,192)
7	182	183	1.742932	color=(29,145,192)
7	183	184	5.968306	color=(37,52,148)
7	184	185	5.898701	color=(37,52,148)
7	185	186	3.899301	color=(34,94,168)
7	186	187	6.942129	color=(37,52,148)
7	187	188	4.248521	color=(34,94,168)
7	188	189	1.204007	color=(29,145,192)
7	189	190	1.38126	color=(29,145,192)
7	190	191	3.572666	color=(34,94,168)
7	191	192	0.9415242	color=(65,182,196)
7	192	193	5.653436	color=(37,52,148)
7	193	194	0.9514034	color=(65,182,196)
7	194	195	3.801202	color=(34,94,168)
7	195	196	0.1484754	color=(65,182,196)
7	196	197	5.103755	color=(34,94,168)
7	197	198	1.396832	color=(29,145,192)
