1	0	1	1.5265207723375	color=(29,145,192)
1	1	2	1.216267742675	color=(29,145,192)
1	2	3	0.688361688592	color=(65,182,196)
1	3	4	0.6711672660415	color=(65,182,196)
1	4	5	1.779866591885	color=(29,145,192)
1	5	6	3.01513744367725	color=(29,145,192)
1	6	7	1.59931678186	color=(29,145,192)
1	7	8	0.69888005005225	color=(65,182,196)
1	8	9	0.0579747772225012	color=(65,182,196)
1	9	10	3.21990767613325	color=(29,145,192)
1	10	11	0.824153738327501	color=(65,182,196)
1	11	12	1.3169259387555	color=(29,145,192)
1	12	13	1.91450818727	color=(29,145,192)
1	13	14	3.31512465147	color=(29,145,192)
1	14	15	0.840697378750001	color=(65,182,196)
1	15	16	0.0411074921542496	color=(65,182,196)
1	16	17	-0.2598917577175	color=(65,182,196)
1	17	18	2.53794599151	color=(29,145,192)
1	18	19	3.292721399565	color=(29,145,192)
1	19	20	2.91740551629	color=(29,145,192)
1	20	21	1.488928019925	color=(29,145,192)
1	21	22	1.015117528765	color=(65,182,196)
1	22	23	2.995140225375	color=(29,145,192)
1	23	24	1.842481004156	color=(29,145,192)
1	24	25	1.1717728808	color=(29,145,192)
1	25	26	1.6902700114025	color=(29,145,192)
1	26	27	0.9925418841575	color=(65,182,196)
1	27	28	0.0990931393375005	color=(65,182,196)
1	28	29	2.6533879674575	color=(29,145,192)
1	29	30	0.904282306205	color=(65,182,196)
1	30	31	2.674714760153	color=(29,145,192)
1	31	32	-0.25722523935175	color=(65,182,196)
1	32	33	2.3991649393075	color=(29,145,192)
1	33	34	2.66392483710825	color=(29,145,192)
1	34	35	0.60732591475	color=(65,182,196)
1	35	36	0.773256107925	color=(65,182,196)
1	36	37	1.2865974085	color=(29,145,192)
1	37	38	1.1739900201325	color=(29,145,192)
1	38	39	0.72597781025	color=(65,182,196)
1	39	40	0.9468984699775	color=(65,182,196)
1	40	41	1.21228723511825	color=(29,145,192)
1	41	42	-0.2929878203875	color=(65,182,196)
1	42	43	1.80988651936	color=(29,145,192)
1	43	44	1.44277898406	color=(29,145,192)
1	44	45	2.74537397251925	color=(29,145,192)
1	45	46	0.242804336565	color=(65,182,196)
1	46	47	-0.1202114342315	color=(65,182,196)
1	47	48	1.299424287546	color=(29,145,192)
1	48	49	0.6160326764	color=(65,182,196)
1	49	50	0.887529322675	color=(65,182,196)
1	50	51	1.6429022310725	color=(29,145,192)
1	51	52	2.02862319269025	color=(29,145,192)
1	52	53	1.109905526104	color=(29,145,192)
1	53	54	0.0927945354692501	color=(65,182,196)
1	54	55	0.7406673207275	color=(65,182,196)
1	55	56	2.19489384412	color=(29,145,192)
1	56	57	0.891017681247501	color=(65,182,196)
1	57	58	2.04564016213225	color=(29,145,192)
1	58	59	0.8164792789525	color=(65,182,196)
1	59	60	1.92181585692775	color=(29,145,192)
1	60	61	1.07971593088425	color=(65,182,196)
1	61	62	2.30987298528125	color=(29,145,192)
1	62	63	2.1366243107425	color=(29,145,192)
1	63	64	2.0101634199225	color=(29,145,192)
1	64	65	2.75550004525	color=(29,145,192)
1	65	66	0.734971722949875	color=(65,182,196)
1	66	67	1.44866178445	color=(29,145,192)
1	67	68	1.001610062695	color=(65,182,196)
1	68	69	3.086276609145	color=(29,145,192)
1	69	70	1.744498740275	color=(29,145,192)
1	70	71	3.0050980909475	color=(29,145,192)
1	71	72	0.70505733251325	color=(65,182,196)
1	72	73	1.9466596816425	color=(29,145,192)
1	73	74	2.79660997384	color=(29,145,192)
1	74	75	2.24437342595	color=(29,145,192)
1	75	76	2.894995268935	color=(29,145,192)
1	76	77	2.43475805736175	color=(29,145,192)
1	77	78	2.0496422645375	color=(29,145,192)
1	78	79	2.550176627839	color=(29,145,192)
1	79	80	0.115319387376	color=(65,182,196)
1	80	81	2.67630070656	color=(29,145,192)
1	81	82	2.16912665348	color=(29,145,192)
1	82	83	0.326115004389999	color=(65,182,196)
1	83	84	-0.5983664788975	color=(65,182,196)
1	84	85	1.4626946041525	color=(29,145,192)
1	85	86	0.960204830419999	color=(65,182,196)
1	86	87	2.09267576605575	color=(29,145,192)
1	87	88	2.8211026169475	color=(29,145,192)
1	88	89	2.82168479596725	color=(29,145,192)
1	89	90	1.90226372208925	color=(29,145,192)
1	90	91	3.72146081306	color=(34,94,168)
1	91	92	2.9427342097325	color=(29,145,192)
1	92	93	3.8156424980175	color=(34,94,168)
1	93	94	1.66387639389	color=(29,145,192)
1	94	95	0.990914996472499	color=(65,182,196)
1	95	96	1.056805347855	color=(65,182,196)
1	96	97	2.31839220524575	color=(29,145,192)
1	97	98	1.197387039895	color=(29,145,192)
1	98	99	0.486804518787499	color=(65,182,196)
1	99	100	1.41468315733	color=(29,145,192)
1	100	101	0.119002633209999	color=(65,182,196)
1	101	102	0.752806623167499	color=(65,182,196)
1	102	103	1.7651256187625	color=(29,145,192)
1	103	104	1.809885529925	color=(29,145,192)
1	104	105	1.761685764265	color=(29,145,192)
1	105	106	3.1564227846975	color=(29,145,192)
1	106	107	1.760005554965	color=(29,145,192)
1	107	108	0.511095202325	color=(65,182,196)
1	108	109	0.72191348922975	color=(65,182,196)
1	109	110	1.56418707828	color=(29,145,192)
1	110	111	2.83867397883225	color=(29,145,192)
1	111	112	0.00619880600199996	color=(65,182,196)
1	112	113	0.921379572892501	color=(65,182,196)
1	113	114	1.43560853848645	color=(29,145,192)
1	114	115	2.5022625045125	color=(29,145,192)
1	115	116	1.31583552433	color=(29,145,192)
1	116	117	0.9904895734	color=(65,182,196)
1	117	118	2.16901915383	color=(29,145,192)
1	118	119	1.7284790042	color=(29,145,192)
1	119	120	1.932367747685	color=(29,145,192)
1	120	121	0.401071329035	color=(65,182,196)
1	121	122	2.23562196009275	color=(29,145,192)
1	122	123	2.447478412445	color=(29,145,192)
1	123	124	2.77305522285	color=(29,145,192)
1	124	125	1.61652714157825	color=(29,145,192)
1	125	126	1.1947358959635	color=(29,145,192)
1	126	127	3.2505859900475	color=(29,145,192)
1	127	128	0.530046595569	color=(65,182,196)
1	128	129	2.03755165083525	color=(29,145,192)
1	129	130	-0.2741215752185	color=(65,182,196)
1	130	131	1.270502190953	color=(29,145,192)
1	131	132	1.4373198974	color=(29,145,192)
1	132	133	2.3875491051855	color=(29,145,192)
1	133	134	1.9670843699125	color=(29,145,192)
1	134	135	2.56413163030475	color=(29,145,192)
1	135	136	1.43821128364	color=(29,145,192)
1	136	137	0.3863409568475	color=(65,182,196)
1	137	138	1.7197632353975	color=(29,145,192)
1	138	139	-0.6067050407075	color=(65,182,196)
1	139	140	1.0408604668775	color=(65,182,196)
1	140	141	2.495441974595	color=(29,145,192)
1	141	142	1.2941274897475	color=(29,145,192)
1	142	143	1.492277779206	color=(29,145,192)
1	143	144	2.449902450327	color=(29,145,192)
1	144	145	1.0946794688575	color=(65,182,196)
1	145	146	-0.458290619167	color=(65,182,196)
1	146	147	0.967181594649999	color=(65,182,196)
1	147	148	1.676416063573	color=(29,145,192)
1	148	149	1.677549620575	color=(29,145,192)
1	149	150	1.721630623045	color=(29,145,192)
1	150	151	0.00158472321749992	color=(65,182,196)
1	151	152	0.7161678314475	color=(65,182,196)
1	152	153	0.200844599625	color=(65,182,196)
1	153	154	0.5824258914025	color=(65,182,196)
1	154	155	2.80026124536	color=(29,145,192)
1	155	156	0.75540332271335	color=(65,182,196)
1	156	157	1.360884686605	color=(29,145,192)
1	157	158	1.12158675295525	color=(29,145,192)
1	158	159	3.9571959900075	color=(34,94,168)
1	159	160	1.4021947844645	color=(29,145,192)
1	160	161	2.8211920130625	color=(29,145,192)
1	161	162	-0.597144034699999	color=(65,182,196)
1	162	163	1.9723489101675	color=(29,145,192)
1	163	164	1.117790813721	color=(29,145,192)
1	164	165	0.54934628029425	color=(65,182,196)
1	165	166	-0.3405394249845	color=(65,182,196)
1	166	167	0.0836444820022499	color=(65,182,196)
1	167	168	1.676867559415	color=(29,145,192)
1	168	169	2.959902958385	color=(29,145,192)
1	169	170	0.983894300562499	color=(65,182,196)
1	170	171	1.457196831125	color=(29,145,192)
1	171	172	0.7432014553775	color=(65,182,196)
1	172	173	1.2613925075175	color=(29,145,192)
1	173	174	2.1766171997725	color=(29,145,192)
1	174	175	2.39505395337	color=(29,145,192)
1	175	176	-0.399183356379025	color=(65,182,196)
1	176	177	2.7553068530875	color=(29,145,192)
1	177	178	2.2212622258575	color=(29,145,192)
1	178	179	0.93616146629025	color=(65,182,196)
1	179	180	-0.9251648162875	color=(65,182,196)
1	180	181	1.32404264205597	color=(29,145,192)
1	181	182	0.589916702988	color=(65,182,196)
1	182	183	-0.0173908462150001	color=(65,182,196)
1	183	184	0.5861806784425	color=(65,182,196)
1	184	185	1.5666729026925	color=(29,145,192)
1	185	186	1.2524702262275	color=(29,145,192)
1	186	187	3.077270029165	color=(29,145,192)
1	187	188	0.1111947316325	color=(65,182,196)
1	188	189	-0.34848380149725	color=(65,182,196)
1	189	190	1.96957217123925	color=(29,145,192)
1	190	191	1.5656396516075	color=(29,145,192)
1	191	192	1.44144192655825	color=(29,145,192)
1	192	193	-0.556352651445	color=(65,182,196)
1	193	194	1.110819213383	color=(29,145,192)
1	194	195	-0.54084196567	color=(65,182,196)
1	195	196	0.1162254927525	color=(65,182,196)
1	196	197	2.55948516588242	color=(29,145,192)
1	197	198	1.7530493920865	color=(29,145,192)
1	198	199	2.225591653875	color=(29,145,192)
1	199	200	1.37787774497025	color=(29,145,192)
1	200	201	1.12907636527225	color=(29,145,192)
1	201	202	3.0694234653625	color=(29,145,192)
1	202	203	2.2288874535055	color=(29,145,192)
1	203	204	-0.603202518640001	color=(65,182,196)
1	204	205	2.7105649747625	color=(29,145,192)
1	205	206	0.87700254199575	color=(65,182,196)
1	206	207	0.648276964174999	color=(65,182,196)
1	207	208	1.06876353875	color=(65,182,196)
1	208	209	-0.3245982757125	color=(65,182,196)
1	209	210	1.32674079214	color=(29,145,192)
1	210	211	1.795831106165	color=(29,145,192)
1	211	212	2.14609469944875	color=(29,145,192)
1	212	213	1.880592526455	color=(29,145,192)
1	213	214	1.7737919852225	color=(29,145,192)
1	214	215	1.46012895598	color=(29,145,192)
1	215	216	2.570647804458	color=(29,145,192)
1	216	217	1.984000988606	color=(29,145,192)
1	217	218	0.034823362553	color=(65,182,196)
1	218	219	1.2695004681	color=(29,145,192)
1	219	220	1.34573770529975	color=(29,145,192)
1	220	221	1.7908386610875	color=(29,145,192)
1	221	222	3.16378688330525	color=(29,145,192)
1	222	223	1.376016474029	color=(29,145,192)
1	223	224	2.58668281045	color=(29,145,192)
1	224	225	-0.6047152008525	color=(65,182,196)
1	225	226	1.484918647625	color=(29,145,192)
1	226	227	1.0591730487175	color=(65,182,196)
1	227	228	3.27653073953245	color=(29,145,192)
1	228	229	1.513433909055	color=(29,145,192)
1	229	230	2.53234826743125	color=(29,145,192)
1	230	231	0.0363305409499999	color=(65,182,196)
1	231	232	0.66290606400675	color=(65,182,196)
1	232	233	0.8486475829075	color=(65,182,196)
1	233	234	0.992197610355	color=(65,182,196)
1	234	235	1.2238602624825	color=(29,145,192)
1	235	236	2.070383207	color=(29,145,192)
1	236	237	1.6190047939325	color=(29,145,192)
1	237	238	0.9417710614025	color=(65,182,196)
1	238	239	2.3617062452525	color=(29,145,192)
1	239	240	2.14218664012225	color=(29,145,192)
1	240	241	0.6488590138025	color=(65,182,196)
1	241	242	1.044244551832	color=(65,182,196)
1	242	243	2.96493728063475	color=(29,145,192)
1	243	244	2.266948611495	color=(29,145,192)
1	244	245	1.3687224697485	color=(29,145,192)
1	245	246	3.21661641957497	color=(29,145,192)
1	246	247	1.88319442441	color=(29,145,192)
1	247	248	-0.05913059458	color=(65,182,196)
1	248	249	1.1864071206	color=(29,145,192)
1	249	250	-1.0164110196442	color=(65,182,196)
1	250	251	0.80449698049675	color=(65,182,196)
2	0	1	1.930238609575	color=(29,145,192)
2	1	2	-0.9235474320625	color=(65,182,196)
2	2	3	0.7312921675825	color=(65,182,196)
2	3	4	1.77712686262307	color=(29,145,192)
2	4	5	0.3358854753575	color=(65,182,196)
2	5	6	1.564796404505	color=(29,145,192)
2	6	7	1.4617617297475	color=(29,145,192)
2	7	8	-0.43094357534405	color=(65,182,196)
2	8	9	-0.7557412463275	color=(65,182,196)
2	9	10	1.73694915377	color=(29,145,192)
2	10	11	2.006238809625	color=(29,145,192)
2	11	12	-0.105180082352501	color=(65,182,196)
2	12	13	1.313250896555	color=(29,145,192)
2	13	14	1.822085944315	color=(29,145,192)
2	14	15	-0.81236351894	color=(65,182,196)
2	15	16	-0.4330398832325	color=(65,182,196)
2	16	17	-0.610057953025001	color=(65,182,196)
2	17	18	0.859919216985	color=(65,182,196)
2	18	19	-0.11466477751	color=(65,182,196)
2	19	20	1.1486064936225	color=(29,145,192)
2	20	21	1.85724470626	color=(29,145,192)
2	21	22	1.2675772590725	color=(29,145,192)
2	22	23	-0.401190108515	color=(65,182,196)
2	23	24	1.716833735355	color=(29,145,192)
2	24	25	0.1554166593825	color=(65,182,196)
2	25	26	1.2102183616725	color=(29,145,192)
2	26	27	1.21763203849	color=(29,145,192)
2	27	28	0.5912970683775	color=(65,182,196)
2	28	29	1.4671678156275	color=(29,145,192)
2	29	30	-0.4548197714975	color=(65,182,196)
2	30	31	0.47181630994425	color=(65,182,196)
2	31	32	1.6286362670925	color=(29,145,192)
2	32	33	0.62682926341375	color=(65,182,196)
2	33	34	1.077090306435	color=(65,182,196)
2	34	35	0.0963626061749996	color=(65,182,196)
2	35	36	1.1375787167225	color=(29,145,192)
2	36	37	0.01901677598	color=(65,182,196)
2	37	38	1.30543751706	color=(29,145,192)
2	38	39	1.343895859895	color=(29,145,192)
2	39	40	1.118350672685	color=(29,145,192)
2	40	41	-1.712786224295	color=(127,205,187)
2	41	42	0.949955822954999	color=(65,182,196)
2	42	43	0.835178993887499	color=(65,182,196)
2	43	44	1.8721167215775	color=(29,145,192)
2	44	45	1.39384501895	color=(29,145,192)
2	45	46	0.0860750722450003	color=(65,182,196)
2	46	47	3.2061881875625	color=(29,145,192)
2	47	48	0.8358981063375	color=(65,182,196)
2	48	49	1.4579492644725	color=(29,145,192)
2	49	50	0.682766434955	color=(65,182,196)
2	50	51	2.0572629650965	color=(29,145,192)
2	51	52	1.435149035474	color=(29,145,192)
2	52	53	2.3608518211575	color=(29,145,192)
2	53	54	1.56161720553	color=(29,145,192)
2	54	55	0.0969192426250007	color=(65,182,196)
2	55	56	2.1104967575575	color=(29,145,192)
2	56	57	0.3702018486505	color=(65,182,196)
2	57	58	0.222478792255	color=(65,182,196)
2	58	59	2.75407885486425	color=(29,145,192)
2	59	60	2.62769142773975	color=(29,145,192)
2	60	61	0.0527138307900001	color=(65,182,196)
2	61	62	-0.66565800753	color=(65,182,196)
2	62	63	2.5235872951175	color=(29,145,192)
2	63	64	2.03449229974	color=(29,145,192)
2	64	65	0.6269947201825	color=(65,182,196)
2	65	66	0.9706224862675	color=(65,182,196)
2	66	67	1.7062095054275	color=(29,145,192)
2	67	68	-0.2702595135825	color=(65,182,196)
2	68	69	2.009696223055	color=(29,145,192)
2	69	70	-0.909662351628	color=(65,182,196)
2	70	71	0.2487357067525	color=(65,182,196)
2	71	72	-0.140515742424999	color=(65,182,196)
2	72	73	1.42122992996	color=(29,145,192)
2	73	74	1.14513549556	color=(29,145,192)
2	74	75	1.5944975478375	color=(29,145,192)
2	75	76	2.05234234356775	color=(29,145,192)
2	76	77	1.18221287159725	color=(29,145,192)
2	77	78	2.14630128512075	color=(29,145,192)
3	0	1	-0.993056032735001	color=(65,182,196)
3	1	2	-1.1722532375475	color=(127,205,187)
3	2	3	-0.843784047510001	color=(65,182,196)
3	3	4	0.113097382289999	color=(65,182,196)
3	4	5	-1.45114939897	color=(127,205,187)
3	5	6	-2.5398311079875	color=(127,205,187)
3	6	7	0.544297925275	color=(65,182,196)
3	7	8	0.385362543642501	color=(65,182,196)
3	8	9	0.619242714669999	color=(65,182,196)
3	9	10	0.225262710405	color=(65,182,196)
3	10	11	1.4519868132925	color=(29,145,192)
3	11	12	0.5243551589425	color=(65,182,196)
3	12	13	1.4802763118675	color=(29,145,192)
3	13	14	-0.9212812107125	color=(65,182,196)
3	14	15	0.157877007129999	color=(65,182,196)
3	15	16	1.0846515796915	color=(65,182,196)
3	16	17	0.94074140913	color=(65,182,196)
3	17	18	0.342373978227501	color=(65,182,196)
3	18	19	-0.83462363684	color=(65,182,196)
3	19	20	0.780969807335	color=(65,182,196)
3	20	21	0.00511440816749964	color=(65,182,196)
3	21	22	1.2808537561875	color=(29,145,192)
3	22	23	-2.53955690484	color=(127,205,187)
3	23	24	-1.387218131255	color=(127,205,187)
3	24	25	0.515224366995001	color=(65,182,196)
3	25	26	1.056738615835	color=(65,182,196)
3	26	27	1.6152664372525	color=(29,145,192)
3	27	28	0.5940949990025	color=(65,182,196)
3	28	29	1.17691493951	color=(29,145,192)
3	29	30	0.8407422651775	color=(65,182,196)
3	30	31	0.821411787055	color=(65,182,196)
3	31	32	-0.9213594718475	color=(65,182,196)
3	32	33	1.28596146652	color=(29,145,192)
3	33	34	0.134455795297749	color=(65,182,196)
3	34	35	0.743561108210001	color=(65,182,196)
3	35	36	-1.368314530565	color=(127,205,187)
3	36	37	1.0727760451275	color=(65,182,196)
3	37	38	0.28511294682	color=(65,182,196)
3	38	39	-0.2749444195825	color=(65,182,196)
3	39	40	-1.0597153185625	color=(65,182,196)
3	40	41	0.2743001613175	color=(65,182,196)
3	41	42	0.634045586297501	color=(65,182,196)
3	42	43	-0.914600461892501	color=(65,182,196)
3	43	44	0.80032559134	color=(65,182,196)
3	44	45	0.76835788549	color=(65,182,196)
3	45	46	1.01420202008	color=(65,182,196)
3	46	47	0.5012905124825	color=(65,182,196)
3	47	48	1.7655880197975	color=(29,145,192)
3	48	49	1.092581810185	color=(65,182,196)
3	49	50	0.80912565534	color=(65,182,196)
3	50	51	-0.3773531671795	color=(65,182,196)
3	51	52	-0.9537317952625	color=(65,182,196)
3	52	53	-0.49744328552	color=(65,182,196)
3	53	54	-2.3754212237025	color=(127,205,187)
3	54	55	0.1809380402525	color=(65,182,196)
4	0	1	4.587403312673	color=(34,94,168)
4	1	2	5.7958220561235	color=(37,52,148)
4	2	3	4.00496811536975	color=(34,94,168)
4	3	4	3.914272170818	color=(34,94,168)
4	4	5	5.2234934965115	color=(34,94,168)
4	5	6	3.88726403334275	color=(34,94,168)
4	6	7	3.88730909285575	color=(34,94,168)
4	7	8	4.44630766845675	color=(34,94,168)
4	8	9	4.62562852464975	color=(34,94,168)
4	9	10	6.14384481697005	color=(37,52,148)
4	10	11	4.55102390277275	color=(34,94,168)
4	11	12	5.5002393991275	color=(34,94,168)
4	12	13	5.84484355614	color=(37,52,148)
4	13	14	3.97019615549725	color=(34,94,168)
4	14	15	5.0351939109683	color=(34,94,168)
4	15	16	6.20911205937847	color=(37,52,148)
4	16	17	4.11104478257875	color=(34,94,168)
4	17	18	4.3279234716295	color=(34,94,168)
4	18	19	5.15159461543425	color=(34,94,168)
4	19	20	5.62273843202825	color=(37,52,148)
4	20	21	3.02773289889	color=(29,145,192)
4	21	22	4.45903018546	color=(34,94,168)
4	22	23	5.13178989068625	color=(34,94,168)
4	23	24	4.65307596116475	color=(34,94,168)
4	24	25	7.56938950162265	color=(37,52,148)
4	25	26	4.7082769781825	color=(34,94,168)
4	26	27	5.2793720741155	color=(34,94,168)
4	27	28	5.967177191177	color=(37,52,148)
4	28	29	3.9100858382675	color=(34,94,168)
4	29	30	5.70399117111525	color=(37,52,148)
4	30	31	6.23086017712	color=(37,52,148)
4	31	32	4.8605043147345	color=(34,94,168)
4	32	33	4.8789403665155	color=(34,94,168)
4	33	34	5.41667096290825	color=(34,94,168)
4	34	35	5.258246520561	color=(34,94,168)
4	35	36	5.47486161285407	color=(34,94,168)
4	36	37	4.57252960618925	color=(34,94,168)
4	37	38	4.46744096727875	color=(34,94,168)
4	38	39	5.8569723831445	color=(37,52,148)
4	39	40	4.7390662580725	color=(34,94,168)
4	40	41	4.215912450363	color=(34,94,168)
4	41	42	2.977492913838	color=(29,145,192)
4	42	43	3.89966114066625	color=(34,94,168)
4	43	44	5.21115042111475	color=(34,94,168)
4	44	45	4.500658324433	color=(34,94,168)
4	45	46	6.274508944856	color=(37,52,148)
4	46	47	6.5623663184475	color=(37,52,148)
4	47	48	4.0449734568845	color=(34,94,168)
4	48	49	5.13518919311	color=(34,94,168)
4	49	50	5.06673520751715	color=(34,94,168)
4	50	51	4.87077740428025	color=(34,94,168)
4	51	52	2.8946306763475	color=(29,145,192)
4	52	53	4.566856470682	color=(34,94,168)
4	53	54	4.388167676715	color=(34,94,168)
4	54	55	4.7278823506585	color=(34,94,168)
4	55	56	5.3394746715175	color=(34,94,168)
4	56	57	6.19086000136675	color=(37,52,148)
4	57	58	5.8572507414375	color=(37,52,148)
4	58	59	5.7730483925355	color=(37,52,148)
4	59	60	4.87000640994125	color=(34,94,168)
4	60	61	4.76871785966406	color=(34,94,168)
4	61	62	5.2637950479975	color=(34,94,168)
4	62	63	4.52677895622575	color=(34,94,168)
4	63	64	6.088830353856	color=(37,52,148)
4	64	65	5.90378011696675	color=(37,52,148)
4	65	66	4.64003197718128	color=(34,94,168)
4	66	67	4.722143515255	color=(34,94,168)
4	67	68	5.2974184958695	color=(34,94,168)
4	68	69	4.90036068974015	color=(34,94,168)
4	69	70	5.13532623197005	color=(34,94,168)
4	70	71	4.68370512147825	color=(34,94,168)
4	71	72	5.459749092364	color=(34,94,168)
4	72	73	4.92759929920625	color=(34,94,168)
4	73	74	5.5504929688153	color=(37,52,148)
4	74	75	5.0965624483205	color=(34,94,168)
4	75	76	6.05398262913027	color=(37,52,148)
4	76	77	3.83642017175075	color=(34,94,168)
4	77	78	5.035609503715	color=(34,94,168)
4	78	79	5.35996723335475	color=(34,94,168)
4	79	80	5.438426459567	color=(34,94,168)
4	80	81	4.5690919969765	color=(34,94,168)
4	81	82	4.13495054796638	color=(34,94,168)
4	82	83	1.82229934909525	color=(29,145,192)
4	83	84	5.16401396129565	color=(34,94,168)
4	84	85	5.24675443813175	color=(34,94,168)
4	85	86	4.45725214334575	color=(34,94,168)
4	86	87	5.74741896532725	color=(37,52,148)
4	87	88	4.07600242838425	color=(34,94,168)
4	88	89	4.40499725488375	color=(34,94,168)
4	89	90	4.79622995196625	color=(34,94,168)
4	90	91	3.77130665829725	color=(34,94,168)
4	91	92	4.56535575201625	color=(34,94,168)
4	92	93	4.71845447469725	color=(34,94,168)
4	93	94	4.31635825039	color=(34,94,168)
4	94	95	4.135192994202	color=(34,94,168)
4	95	96	4.306492070517	color=(34,94,168)
4	96	97	4.203599413589	color=(34,94,168)
4	97	98	5.460382510685	color=(34,94,168)
4	98	99	5.123486057435	color=(34,94,168)
4	99	100	5.34362535915625	color=(34,94,168)
4	100	101	3.772380453572	color=(34,94,168)
4	101	102	4.08936063600275	color=(34,94,168)
4	102	103	4.270731746734	color=(34,94,168)
4	103	104	6.381595115587	color=(37,52,148)
4	104	105	4.49547877006425	color=(34,94,168)
4	105	106	3.8169970837975	color=(34,94,168)
4	106	107	4.48384454687875	color=(34,94,168)
4	107	108	6.5532053570125	color=(37,52,148)
4	108	109	4.9105220687225	color=(34,94,168)
4	109	110	4.18234479529175	color=(34,94,168)
4	110	111	4.53947655425155	color=(34,94,168)
5	0	1	3.325679653177	color=(34,94,168)
5	1	2	3.25607800251625	color=(29,145,192)
5	2	3	3.5084601542475	color=(34,94,168)
5	3	4	3.64338909518	color=(34,94,168)
5	4	5	3.4656073767625	color=(34,94,168)
5	5	6	3.9879066842445	color=(34,94,168)
5	6	7	3.573893205501	color=(34,94,168)
5	7	8	4.23504485243	color=(34,94,168)
5	8	9	2.9593393253	color=(29,145,192)
5	9	10	2.41983218812775	color=(29,145,192)
5	10	11	4.0577944650525	color=(34,94,168)
5	11	12	2.1725986312575	color=(29,145,192)
5	12	13	2.69233023412575	color=(29,145,192)
5	13	14	3.2622736175935	color=(29,145,192)
5	14	15	4.3719216476225	color=(34,94,168)
5	15	16	3.857250099306	color=(34,94,168)
5	16	17	2.788554665725	color=(29,145,192)
5	17	18	4.78321666274725	color=(34,94,168)
5	18	19	3.41854735967	color=(34,94,168)
5	19	20	1.94062346211125	color=(29,145,192)
5	20	21	3.44191755646	color=(34,94,168)
5	21	22	3.3188779016325	color=(29,145,192)
5	22	23	3.99715970760825	color=(34,94,168)
5	23	24	4.06500699260925	color=(34,94,168)
5	24	25	4.258803548667	color=(34,94,168)
5	25	26	4.163308016281	color=(34,94,168)
5	26	27	3.164776271452	color=(29,145,192)
5	27	28	1.59547661152775	color=(29,145,192)
5	28	29	2.94486063739425	color=(29,145,192)
5	29	30	4.74105438228125	color=(34,94,168)
5	30	31	3.3855770450505	color=(34,94,168)
5	31	32	3.713226074767	color=(34,94,168)
5	32	33	2.86498863236	color=(29,145,192)
5	33	34	4.2095171161575	color=(34,94,168)
5	34	35	3.90381355243325	color=(34,94,168)
5	35	36	3.8723404391025	color=(34,94,168)
5	36	37	3.1300602765325	color=(29,145,192)
5	37	38	3.9193258749925	color=(34,94,168)
5	38	39	4.0944017645635	color=(34,94,168)
5	39	40	5.8570966888365	color=(37,52,148)
5	40	41	6.509964210852	color=(37,52,148)
5	41	42	3.7761462812225	color=(34,94,168)
5	42	43	6.8803316518525	color=(37,52,148)
5	43	44	4.768064633415	color=(34,94,168)
5	44	45	3.570826101215	color=(34,94,168)
5	45	46	2.9367970593805	color=(29,145,192)
5	46	47	4.106167606531	color=(34,94,168)
5	47	48	5.0510645774225	color=(34,94,168)
5	48	49	4.253344938822	color=(34,94,168)
5	49	50	5.00228937550295	color=(34,94,168)
5	50	51	4.71593953119525	color=(34,94,168)
5	51	52	3.32417936048575	color=(34,94,168)
5	52	53	3.4636083747325	color=(34,94,168)
5	53	54	3.56701376154	color=(34,94,168)
5	54	55	1.8425922868825	color=(29,145,192)
5	55	56	5.79239519401	color=(37,52,148)
5	56	57	1.527941959775	color=(29,145,192)
5	57	58	4.20153080407938	color=(34,94,168)
5	58	59	4.893794488965	color=(34,94,168)
5	59	60	3.3608942906525	color=(34,94,168)
5	60	61	3.46422385172	color=(34,94,168)
5	61	62	4.5386057500905	color=(34,94,168)
5	62	63	3.7105017689075	color=(34,94,168)
5	63	64	3.604189993515	color=(34,94,168)
5	64	65	3.36658361038	color=(34,94,168)
5	65	66	4.043126561515	color=(34,94,168)
5	66	67	3.75540104470935	color=(34,94,168)
5	67	68	1.606344936225	color=(29,145,192)
5	68	69	3.46424134813775	color=(34,94,168)
5	69	70	4.554749189063	color=(34,94,168)
5	70	71	2.6375397787805	color=(29,145,192)
5	71	72	3.301283595445	color=(29,145,192)
5	72	73	4.6015022335825	color=(34,94,168)
5	73	74	3.024102428819	color=(29,145,192)
5	74	75	2.1964360307925	color=(29,145,192)
5	75	76	4.418801802774	color=(34,94,168)
5	76	77	3.57233396948175	color=(34,94,168)
5	77	78	4.59807488027075	color=(34,94,168)
5	78	79	3.8788014893205	color=(34,94,168)
5	79	80	1.5113435883925	color=(29,145,192)
5	80	81	2.5942773167675	color=(29,145,192)
5	81	82	4.895609806895	color=(34,94,168)
5	82	83	3.6883197451775	color=(34,94,168)
5	83	84	2.1938371705515	color=(29,145,192)
5	84	85	2.97327605379175	color=(29,145,192)
5	85	86	2.1080375731275	color=(29,145,192)
5	86	87	3.78421772990525	color=(34,94,168)
5	87	88	3.89634411777575	color=(34,94,168)
5	88	89	3.3962862251075	color=(34,94,168)
5	89	90	3.943563992845	color=(34,94,168)
5	90	91	4.39354210136275	color=(34,94,168)
5	91	92	3.40323945205	color=(34,94,168)
5	92	93	4.80230039312	color=(34,94,168)
5	93	94	3.87163136583225	color=(34,94,168)
5	94	95	2.84871930661925	color=(29,145,192)
5	95	96	3.865790641145	color=(34,94,168)
5	96	97	4.3751634451275	color=(34,94,168)
5	97	98	3.85303601384	color=(34,94,168)
5	98	99	3.5837588536625	color=(34,94,168)
5	99	100	3.78943723346	color=(34,94,168)
5	100	101	3.1983615759875	color=(29,145,192)
5	101	102	4.4482898090015	color=(34,94,168)
5	102	103	4.40561191458975	color=(34,94,168)
5	103	104	3.8140837047	color=(34,94,168)
5	104	105	2.1921256485555	color=(29,145,192)
5	105	106	3.640073072847	color=(34,94,168)
5	106	107	2.276017307812	color=(29,145,192)
5	107	108	2.18927769163125	color=(29,145,192)
5	108	109	5.4674515073495	color=(34,94,168)
5	109	110	2.82713659537825	color=(29,145,192)
5	110	111	3.61243850907425	color=(34,94,168)
5	111	112	4.82434332516625	color=(34,94,168)
5	112	113	3.5269127973325	color=(34,94,168)
5	113	114	2.5587980671775	color=(29,145,192)
5	114	115	2.68156847941475	color=(29,145,192)
5	115	116	2.244063457085	color=(29,145,192)
5	116	117	4.2234342362575	color=(34,94,168)
5	117	118	3.74494394191875	color=(34,94,168)
5	118	119	4.6200775713975	color=(34,94,168)
5	119	120	2.56904494378126	color=(29,145,192)
5	120	121	3.3241104892175	color=(34,94,168)
5	121	122	2.7230115476975	color=(29,145,192)
5	122	123	4.476799575583	color=(34,94,168)
5	123	124	3.1090083588515	color=(29,145,192)
5	124	125	3.5413389502	color=(34,94,168)
5	125	126	2.112762632332	color=(29,145,192)
5	126	127	2.0291747404995	color=(29,145,192)
5	127	128	3.645420980244	color=(34,94,168)
5	128	129	3.21377549364875	color=(29,145,192)
5	129	130	4.7053616802775	color=(34,94,168)
5	130	131	2.32227141857735	color=(29,145,192)
5	131	132	3.04815572929	color=(29,145,192)
5	132	133	4.66905245534025	color=(34,94,168)
5	133	134	3.440642713946	color=(34,94,168)
5	134	135	4.3262502830875	color=(34,94,168)
5	135	136	1.4253708677875	color=(29,145,192)
5	136	137	3.2540701537225	color=(29,145,192)
5	137	138	3.0216333300125	color=(29,145,192)
5	138	139	3.8909754945525	color=(34,94,168)
5	139	140	2.644869363553	color=(29,145,192)
5	140	141	3.18889478991425	color=(29,145,192)
5	141	142	5.17437409518403	color=(34,94,168)
5	142	143	3.3036060191975	color=(29,145,192)
5	143	144	5.467406951024	color=(34,94,168)
5	144	145	3.00047532458	color=(29,145,192)
5	145	146	2.73634669552	color=(29,145,192)
5	146	147	1.844823760845	color=(29,145,192)
5	147	148	4.34793326034225	color=(34,94,168)
5	148	149	4.760590211175	color=(34,94,168)
5	149	150	4.72651190578	color=(34,94,168)
5	150	151	2.404314983497	color=(29,145,192)
5	151	152	3.05583963693	color=(29,145,192)
5	152	153	4.2101427621	color=(34,94,168)
5	153	154	3.86039332834975	color=(34,94,168)
5	154	155	4.58381367488875	color=(34,94,168)
5	155	156	4.0066592698575	color=(34,94,168)
5	156	157	2.640900413735	color=(29,145,192)
5	157	158	4.94514345798775	color=(34,94,168)
5	158	159	3.5264620078275	color=(34,94,168)
5	159	160	4.1694418416575	color=(34,94,168)
5	160	161	1.855894819859	color=(29,145,192)
5	161	162	2.92751818369325	color=(29,145,192)
5	162	163	3.20395425057	color=(29,145,192)
5	163	164	2.97976793489875	color=(29,145,192)
5	164	165	4.1095120294025	color=(34,94,168)
5	165	166	3.504738289698	color=(34,94,168)
5	166	167	2.73004296478875	color=(29,145,192)
5	167	168	2.027727828835	color=(29,145,192)
5	168	169	5.0791734149925	color=(34,94,168)
5	169	170	4.33760732184	color=(34,94,168)
5	170	171	1.8934157221525	color=(29,145,192)
5	171	172	2.882156648128	color=(29,145,192)
5	172	173	4.1468453674465	color=(34,94,168)
6	0	1	-2.251231087385	color=(127,205,187)
6	1	2	-1.01415232625	color=(65,182,196)
6	2	3	-1.036118661239	color=(65,182,196)
6	3	4	-0.0765039776250003	color=(65,182,196)
6	4	5	-2.2207788360525	color=(127,205,187)
6	5	6	-2.3871663043425	color=(127,205,187)
6	6	7	-0.748164673415	color=(65,182,196)
6	7	8	-1.043139611095	color=(65,182,196)
6	8	9	-1.5391795492625	color=(127,205,187)
6	9	10	-0.696514722727501	color=(65,182,196)
6	10	11	0.0172124905000004	color=(65,182,196)
6	11	12	-0.434270747585	color=(65,182,196)
6	12	13	-2.1907053790225	color=(127,205,187)
6	13	14	-2.2324447562725	color=(127,205,187)
6	14	15	-2.7616945979725	color=(127,205,187)
6	15	16	-2.6056799089175	color=(127,205,187)
6	16	17	-0.86023629250865	color=(65,182,196)
6	17	18	-2.7386155941925	color=(127,205,187)
6	18	19	-0.53698733765	color=(65,182,196)
6	19	20	-1.9544784268625	color=(127,205,187)
6	20	21	-3.57154908966475	color=(199,233,180)
6	21	22	-0.91507832709	color=(65,182,196)
6	22	23	-1.27414117692	color=(127,205,187)
6	23	24	-2.0786676362075	color=(127,205,187)
6	24	25	-2.347011518288	color=(127,205,187)
6	25	26	-1.880001158605	color=(127,205,187)
6	26	27	-0.8808202772275	color=(65,182,196)
6	27	28	-2.2877601162325	color=(127,205,187)
6	28	29	-3.0816860062235	color=(127,205,187)
6	29	30	-1.037769300275	color=(65,182,196)
6	30	31	-2.5792817195425	color=(127,205,187)
6	31	32	-1.4445930555275	color=(127,205,187)
6	32	33	0.595579763699998	color=(65,182,196)
6	33	34	-1.8366902366175	color=(127,205,187)
6	34	35	-0.772056384875	color=(65,182,196)
6	35	36	0.2805412816825	color=(65,182,196)
6	36	37	0.327393294275	color=(65,182,196)
6	37	38	-2.424097442335	color=(127,205,187)
6	38	39	-2.20887327356	color=(127,205,187)
6	39	40	-0.2442339259	color=(65,182,196)
6	40	41	-1.320513302783	color=(127,205,187)
6	41	42	0.1035799677475	color=(65,182,196)
6	42	43	0.39103344135	color=(65,182,196)
6	43	44	0.266297189282501	color=(65,182,196)
6	44	45	-2.259017445995	color=(127,205,187)
6	45	46	-3.1722783636225	color=(127,205,187)
6	46	47	-3.5433702746425	color=(199,233,180)
6	47	48	-2.929266275075	color=(127,205,187)
6	48	49	-2.743788792025	color=(127,205,187)
6	49	50	-0.54551981345	color=(65,182,196)
6	50	51	-2.8918851440325	color=(127,205,187)
6	51	52	-3.18697488510275	color=(127,205,187)
6	52	53	-3.155646556006	color=(127,205,187)
6	53	54	-1.07820919022	color=(65,182,196)
6	54	55	-1.6703958089625	color=(127,205,187)
6	55	56	-0.3668248854	color=(65,182,196)
6	56	57	-1.36967514365	color=(127,205,187)
6	57	58	-1.7612142331175	color=(127,205,187)
6	58	59	-0.0631111232024999	color=(65,182,196)
6	59	60	-1.723884906435	color=(127,205,187)
6	60	61	-0.364683950064999	color=(65,182,196)
6	61	62	-0.740964605812501	color=(65,182,196)
6	62	63	-3.579560095335	color=(199,233,180)
6	63	64	-1.45325178364	color=(127,205,187)
6	64	65	-0.933045644022499	color=(65,182,196)
6	65	66	-1.64578988884	color=(127,205,187)
6	66	67	-2.0999759072525	color=(127,205,187)
6	67	68	1.2151841490225	color=(29,145,192)
6	68	69	-5.227200050965	color=(199,233,180)
6	69	70	-0.6869463592375	color=(65,182,196)
6	70	71	-1.282065373735	color=(127,205,187)
6	71	72	-0.5172935162625	color=(65,182,196)
6	72	73	-0.7712657753025	color=(65,182,196)
6	73	74	-2.3550648406625	color=(127,205,187)
6	74	75	-2.605364121045	color=(127,205,187)
6	75	76	-0.0449850073900002	color=(65,182,196)
6	76	77	-1.37859781945425	color=(127,205,187)
6	77	78	-0.0172544152974998	color=(65,182,196)
6	78	79	0.21614905237	color=(65,182,196)
6	79	80	-0.3749832849725	color=(65,182,196)
6	80	81	-1.1286066455135	color=(127,205,187)
6	81	82	-1.5909523839225	color=(127,205,187)
6	82	83	-2.0336293877025	color=(127,205,187)
6	83	84	-0.813847863136425	color=(65,182,196)
6	84	85	-0.150526683055	color=(65,182,196)
6	85	86	-2.4299772083425	color=(127,205,187)
6	86	87	-0.5101145200925	color=(65,182,196)
6	87	88	-2.79345483678	color=(127,205,187)
6	88	89	-2.575299369455	color=(127,205,187)
6	89	90	-1.76937298092175	color=(127,205,187)
6	90	91	0.361710663119999	color=(65,182,196)
6	91	92	-3.7640001276475	color=(199,233,180)
6	92	93	-2.6106394151275	color=(127,205,187)
6	93	94	0.5192667382975	color=(65,182,196)
6	94	95	-0.2010346663625	color=(65,182,196)
6	95	96	-1.90548552705	color=(127,205,187)
6	96	97	-0.853248216762499	color=(65,182,196)
6	97	98	-3.5441171736975	color=(199,233,180)
6	98	99	-1.9725504295225	color=(127,205,187)
6	99	100	-1.5346262882325	color=(127,205,187)
6	100	101	-2.9462691012275	color=(127,205,187)
6	101	102	0.4676665241825	color=(65,182,196)
6	102	103	-1.85744254569363	color=(127,205,187)
6	103	104	-0.604927531662501	color=(65,182,196)
6	104	105	-0.7983355179	color=(65,182,196)
6	105	106	-1.0980297639	color=(65,182,196)
6	106	107	-0.78381312589375	color=(65,182,196)
6	107	108	-0.86395705864	color=(65,182,196)
6	108	109	-0.7009713094875	color=(65,182,196)
6	109	110	-1.7475178937525	color=(127,205,187)
6	110	111	1.0736369097775	color=(65,182,196)
6	111	112	-2.4280867116375	color=(127,205,187)
6	112	113	-0.103022601407499	color=(65,182,196)
6	113	114	-2.7804464839075	color=(127,205,187)
6	114	115	-2.121637330775	color=(127,205,187)
6	115	116	-1.72756897818671	color=(127,205,187)
6	116	117	-0.0748984237549992	color=(65,182,196)
6	117	118	-0.0185385624399999	color=(65,182,196)
6	118	119	-0.99959006451425	color=(65,182,196)
6	119	120	-0.684403248455	color=(65,182,196)
6	120	121	-1.9700974986775	color=(127,205,187)
6	121	122	-1.8229943334325	color=(127,205,187)
6	122	123	-2.42336779871	color=(127,205,187)
6	123	124	-2.2190674235125	color=(127,205,187)
6	124	125	-0.349327621375	color=(65,182,196)
6	125	126	-1.23351085815	color=(127,205,187)
6	126	127	-0.2107163933075	color=(65,182,196)
6	127	128	-1.066272530225	color=(65,182,196)
6	128	129	-0.5035254030975	color=(65,182,196)
6	129	130	-1.55693827872	color=(127,205,187)
6	130	131	-1.032686447185	color=(65,182,196)
6	131	132	-1.21582849554525	color=(127,205,187)
6	132	133	-3.0619762570105	color=(127,205,187)
6	133	134	-4.861670016265	color=(199,233,180)
6	134	135	-1.1240525540593	color=(127,205,187)
6	135	136	-1.644515747625	color=(127,205,187)
6	136	137	-0.39412904342	color=(65,182,196)
6	137	138	-3.51388381094	color=(199,233,180)
6	138	139	-0.7051620946475	color=(65,182,196)
6	139	140	0.4713561207725	color=(65,182,196)
6	140	141	-0.622880102307501	color=(65,182,196)
6	141	142	-1.2251806423725	color=(127,205,187)
6	142	143	-0.648886048102501	color=(65,182,196)
6	143	144	0.257694823842501	color=(65,182,196)
6	144	145	-0.542950631265001	color=(65,182,196)
6	145	146	-2.787814865413	color=(127,205,187)
6	146	147	-0.9342507327125	color=(65,182,196)
6	147	148	-2.36030335018	color=(127,205,187)
6	148	149	-2.7185403535075	color=(127,205,187)
6	149	150	1.16038319141	color=(29,145,192)
6	150	151	-1.3985514821825	color=(127,205,187)
6	151	152	0.0636834489750004	color=(65,182,196)
6	152	153	-0.71685578422	color=(65,182,196)
6	153	154	-0.9265532776675	color=(65,182,196)
6	154	155	-0.89521963355025	color=(65,182,196)
6	155	156	-4.37172049571675	color=(199,233,180)
6	156	157	-0.57696173564025	color=(65,182,196)
6	157	158	-1.17257764909775	color=(127,205,187)
6	158	159	-0.0531377951100001	color=(65,182,196)
6	159	160	0.0594808406825003	color=(65,182,196)
6	160	161	-1.312114828595	color=(127,205,187)
6	161	162	-2.4659655564925	color=(127,205,187)
6	162	163	-0.2931329344425	color=(65,182,196)
6	163	164	-1.4937507178475	color=(127,205,187)
6	164	165	-1.528148189565	color=(127,205,187)
6	165	166	-0.0292238506999998	color=(65,182,196)
6	166	167	0.29608191292	color=(65,182,196)
6	167	168	1.1918336534125	color=(29,145,192)
6	168	169	-3.60687876062	color=(199,233,180)
6	169	170	-1.29625591429545	color=(127,205,187)
6	170	171	0.7436291210325	color=(65,182,196)
6	171	172	-0.123354923087501	color=(65,182,196)
6	172	173	-2.000021363935	color=(127,205,187)
6	173	174	-0.6290951761925	color=(65,182,196)
6	174	175	-3.1464781963825	color=(127,205,187)
6	175	176	-2.443240992525	color=(127,205,187)
6	176	177	-1.17223704109075	color=(127,205,187)
6	177	178	-2.4297980945675	color=(127,205,187)
6	178	179	-2.6938183256175	color=(127,205,187)
6	179	180	-3.288510020015	color=(127,205,187)
6	180	181	0.0949723335675001	color=(65,182,196)
6	181	182	-1.673902225735	color=(127,205,187)
6	182	183	0.2106671335725	color=(65,182,196)
6	183	184	-2.4121652153	color=(127,205,187)
6	184	185	-2.732322503425	color=(127,205,187)
6	185	186	0.483415629992501	color=(65,182,196)
6	186	187	-1.11185255684	color=(65,182,196)
6	187	188	-1.71496402452	color=(127,205,187)
6	188	189	-2.13806076218475	color=(127,205,187)
6	189	190	-2.105421068915	color=(127,205,187)
6	190	191	-0.8273307189575	color=(65,182,196)
6	191	192	-0.1933716286835	color=(65,182,196)
6	192	193	-1.3825755790975	color=(127,205,187)
6	193	194	-0.4987716432225	color=(65,182,196)
6	194	195	-1.254703566575	color=(127,205,187)
6	195	196	-1.25110515846352	color=(127,205,187)
6	196	197	-2.06244156324	color=(127,205,187)
7	0	1	-0.937737302871	color=(65,182,196)
7	1	2	-1.4203382842775	color=(127,205,187)
7	2	3	-0.0354168375699997	color=(65,182,196)
7	3	4	-0.458529092205	color=(65,182,196)
7	4	5	-1.744918939275	color=(127,205,187)
7	5	6	-1.7329490640175	color=(127,205,187)
7	6	7	-0.10744273146375	color=(65,182,196)
7	7	8	0.0392852848950005	color=(65,182,196)
7	8	9	-1.74674467232755	color=(127,205,187)
7	9	10	-2.39607707891975	color=(127,205,187)
7	10	11	-2.6122236398915	color=(127,205,187)
7	11	12	-1.08448808895725	color=(65,182,196)
7	12	13	-2.521146719425	color=(127,205,187)
7	13	14	0.25191197429	color=(65,182,196)
7	14	15	0.34426541871575	color=(65,182,196)
7	15	16	-0.91100650952675	color=(65,182,196)
7	16	17	-1.74328343600825	color=(127,205,187)
7	17	18	-1.48893702715025	color=(127,205,187)
7	18	19	-1.08208318464	color=(65,182,196)
7	19	20	-1.8510984321725	color=(127,205,187)
7	20	21	-1.748740591245	color=(127,205,187)
7	21	22	-1.9767454279825	color=(127,205,187)
7	22	23	-3.58452095439125	color=(199,233,180)
7	23	24	-2.01506062478	color=(127,205,187)
7	24	25	-2.5060937759475	color=(127,205,187)
7	25	26	-0.742526922513	color=(65,182,196)
7	26	27	-0.435389417684	color=(65,182,196)
7	27	28	-1.11257826123375	color=(65,182,196)
7	28	29	-1.23103145065025	color=(127,205,187)
7	29	30	-0.787770886170001	color=(65,182,196)
7	30	31	0.394955034625	color=(65,182,196)
7	31	32	-0.329902478503	color=(65,182,196)
7	32	33	-0.3689772590345	color=(65,182,196)
7	33	34	0.3784224543845	color=(65,182,196)
7	34	35	-2.79636607257675	color=(127,205,187)
7	35	36	-2.7280414599275	color=(127,205,187)
7	36	37	-2.74569397058825	color=(127,205,187)
7	37	38	-4.4369904452825	color=(199,233,180)
7	38	39	-0.66516857565875	color=(65,182,196)
7	39	40	-1.45340357922625	color=(127,205,187)
7	40	41	-0.01705912744425	color=(65,182,196)
7	41	42	0.7629858996625	color=(65,182,196)
7	42	43	-2.9233187183725	color=(127,205,187)
7	43	44	-1.13940720467	color=(127,205,187)
7	44	45	-2.5868093322	color=(127,205,187)
7	45	46	-2.0330618008975	color=(127,205,187)
7	46	47	-1.70040751960425	color=(127,205,187)
7	47	48	-1.970525994125	color=(127,205,187)
7	48	49	-0.52765027437975	color=(65,182,196)
7	49	50	0.0195111199885001	color=(65,182,196)
7	50	51	0.6202351324725	color=(65,182,196)
7	51	52	-0.31165475124825	color=(65,182,196)
7	52	53	-3.084150788666	color=(127,205,187)
7	53	54	-2.41961795128	color=(127,205,187)
7	54	55	-2.2258637989625	color=(127,205,187)
7	55	56	-0.723376202267001	color=(65,182,196)
7	56	57	1.75688698157525	color=(29,145,192)
7	57	58	-0.9375210802325	color=(65,182,196)
7	58	59	1.65231090460025	color=(29,145,192)
7	59	60	-0.35314001016675	color=(65,182,196)
7	60	61	-3.58861597362075	color=(199,233,180)
7	61	62	-3.30477371537075	color=(127,205,187)
7	62	63	-0.244290313310001	color=(65,182,196)
7	63	64	-0.822993312272501	color=(65,182,196)
7	64	65	1.2921608701575	color=(29,145,192)
7	65	66	-2.37168498732	color=(127,205,187)
7	66	67	-0.1043269107575	color=(65,182,196)
7	67	68	-0.4359789192275	color=(65,182,196)
7	68	69	2.43149842158775	color=(29,145,192)
7	69	70	0.95503400446725	color=(65,182,196)
7	70	71	-1.17453638651675	color=(127,205,187)
7	71	72	0.430272899317	color=(65,182,196)
7	72	73	0.3236100502975	color=(65,182,196)
7	73	74	-1.92138404087275	color=(127,205,187)
7	74	75	-2.6354848252	color=(127,205,187)
7	75	76	-0.48856805969	color=(65,182,196)
7	76	77	0.845637570279	color=(65,182,196)
7	77	78	-1.48174632831775	color=(127,205,187)
7	78	79	-2.1261538175525	color=(127,205,187)
7	79	80	-1.0702002158355	color=(65,182,196)
7	80	81	-1.632867997175	color=(127,205,187)
7	81	82	-1.5109194510575	color=(127,205,187)
7	82	83	-1.33537960411	color=(127,205,187)
7	83	84	-1.0351209008225	color=(65,182,196)
7	84	85	-0.20679903119675	color=(65,182,196)
7	85	86	-0.0269301555317751	color=(65,182,196)
7	86	87	0.211323339989	color=(65,182,196)
7	87	88	0.210868804806	color=(65,182,196)
7	88	89	-0.1763493438975	color=(65,182,196)
7	89	90	-1.06203158024	color=(65,182,196)
7	90	91	0.288371803757499	color=(65,182,196)
7	91	92	-0.171111155555	color=(65,182,196)
7	92	93	-0.91895673219	color=(65,182,196)
7	93	94	-0.00152275499824972	color=(65,182,196)
7	94	95	-0.536037868938	color=(65,182,196)
7	95	96	-1.658754227755	color=(127,205,187)
7	96	97	-2.61612279293775	color=(127,205,187)
7	97	98	-3.48762501984925	color=(199,233,180)
7	98	99	0.23629552705425	color=(65,182,196)
7	99	100	0.3341103095075	color=(65,182,196)
7	100	101	-0.62672878964725	color=(65,182,196)
7	101	102	-1.60194186605	color=(127,205,187)
7	102	103	-2.62955869281	color=(127,205,187)
7	103	104	0.30726476362	color=(65,182,196)
7	104	105	-3.205248460675	color=(127,205,187)
7	105	106	-1.54774021462	color=(127,205,187)
7	106	107	0.5773839723535	color=(65,182,196)
7	107	108	-2.925975830065	color=(127,205,187)
7	108	109	-0.878471762545	color=(65,182,196)
7	109	110	-0.70286260359775	color=(65,182,196)
7	110	111	-2.519739399385	color=(127,205,187)
7	111	112	0.7439894155225	color=(65,182,196)
7	112	113	-0.6639951156275	color=(65,182,196)
7	113	114	-1.651065188189	color=(127,205,187)
7	114	115	-3.2167557816175	color=(127,205,187)
7	115	116	-2.82562333389157	color=(127,205,187)
7	116	117	-3.1538956532425	color=(127,205,187)
7	117	118	-1.4347691174875	color=(127,205,187)
7	118	119	-0.351195652361	color=(65,182,196)
7	119	120	-1.94828763178275	color=(127,205,187)
7	120	121	-0.0354120565189999	color=(65,182,196)
7	121	122	-2.05679354555675	color=(127,205,187)
7	122	123	0.3813041404145	color=(65,182,196)
7	123	124	-0.19894102188375	color=(65,182,196)
7	124	125	-0.21161318396675	color=(65,182,196)
7	125	126	0.60669143683375	color=(65,182,196)
7	126	127	-0.251205360479	color=(65,182,196)
7	127	128	-0.296811382338	color=(65,182,196)
7	128	129	0.53933306628375	color=(65,182,196)
7	129	130	-0.5892919512895	color=(65,182,196)
7	130	131	-1.975052011667	color=(127,205,187)
7	131	132	-2.916624482085	color=(127,205,187)
7	132	133	-2.11780698759	color=(127,205,187)
7	133	134	-1.5307301321075	color=(127,205,187)
7	134	135	0.4328369	color=(65,182,196)
7	135	136	-0.4887921	color=(65,182,196)
7	136	137	-1.825977	color=(127,205,187)
7	137	138	-0.5403401	color=(65,182,196)
7	138	139	-1.458564	color=(127,205,187)
7	139	140	0.5272656	color=(65,182,196)
7	140	141	0.6989759	color=(65,182,196)
7	141	142	-0.7691263	color=(65,182,196)
7	142	143	0.543915	color=(65,182,196)
7	143	144	-2.161585	color=(127,205,187)
7	144	145	-0.9636295	color=(65,182,196)
7	145	146	-0.9534931	color=(65,182,196)
7	146	147	-2.129993	color=(127,205,187)
7	147	148	-0.3856262	color=(65,182,196)
7	148	149	-1.521819	color=(127,205,187)
7	149	150	-1.194946	color=(127,205,187)
7	150	151	-1.323776	color=(127,205,187)
7	151	152	-2.717451	color=(127,205,187)
7	152	153	-0.6307629	color=(65,182,196)
7	153	154	-0.9331915	color=(65,182,196)
7	154	155	-1.245158	color=(127,205,187)
7	155	156	-2.354603	color=(127,205,187)
7	156	157	-0.6826814	color=(65,182,196)
7	157	158	1.106978	color=(29,145,192)
7	158	159	0.18363	color=(65,182,196)
7	159	160	1.307765	color=(29,145,192)
7	160	161	-2.064207	color=(127,205,187)
7	161	162	-1.396944	color=(127,205,187)
7	162	163	-0.02227213	color=(65,182,196)
7	163	164	0.6895079	color=(65,182,196)
7	164	165	1.441664	color=(29,145,192)
7	165	166	0.2564279	color=(65,182,196)
7	166	167	-2.687935	color=(127,205,187)
7	167	168	-4.612226	color=(199,233,180)
7	168	169	-3.986494	color=(199,233,180)
7	169	170	0.2578029	color=(65,182,196)
7	170	171	-1.708279	color=(127,205,187)
7	171	172	0.1183846	color=(65,182,196)
7	172	173	-0.4578099	color=(65,182,196)
7	173	174	-3.052003	color=(127,205,187)
7	174	175	-1.652689	color=(127,205,187)
7	175	176	-1.268983	color=(127,205,187)
7	176	177	-0.5973942	color=(65,182,196)
7	177	178	-1.031866	color=(65,182,196)
7	178	179	0.5876269	color=(65,182,196)
7	179	180	-1.217152	color=(127,205,187)
7	180	181	-2.305909	color=(127,205,187)
7	181	182	-0.8567121	color=(65,182,196)
7	182	183	-2.344461	color=(127,205,187)
7	183	184	-3.384881	color=(199,233,180)
7	184	185	-1.037253	color=(65,182,196)
7	185	186	-1.291829	color=(127,205,187)
7	186	187	-0.1705405	color=(65,182,196)
7	187	188	-2.008767	color=(127,205,187)
7	188	189	-2.16469	color=(127,205,187)
7	189	190	-2.725565	color=(127,205,187)
7	190	191	1.673701	color=(29,145,192)
7	191	192	0.8270214	color=(65,182,196)
7	192	193	-2.792693	color=(127,205,187)
7	193	194	-0.305666	color=(65,182,196)
7	194	195	1.008627	color=(65,182,196)
7	195	196	-1.132262	color=(127,205,187)
7	196	197	-3.175264	color=(127,205,187)
7	197	198	-0.2245081	color=(65,182,196)
