1	0	1	-0.988724657912499	color=(65,182,196)
1	1	2	-0.223033012825001	color=(65,182,196)
1	2	3	-0.755467272033	color=(65,182,196)
1	3	4	-1.0130439677615	color=(65,182,196)
1	4	5	-1.555379598505	color=(127,205,187)
1	5	6	-2.56325273970175	color=(127,205,187)
1	6	7	-1.03004199526	color=(65,182,196)
1	7	8	-2.08155290609675	color=(127,205,187)
1	8	9	-2.0912753010675	color=(127,205,187)
1	9	10	-1.63980327546675	color=(127,205,187)
1	10	11	-0.6341276121025	color=(65,182,196)
1	11	12	-1.9889158248365	color=(127,205,187)
1	12	13	-2.778480781	color=(127,205,187)
1	13	14	-0.95017546637	color=(65,182,196)
1	14	15	0.396509222250001	color=(65,182,196)
1	15	16	-1.78560180599275	color=(127,205,187)
1	16	17	-0.4863950454475	color=(65,182,196)
1	17	18	-1.36331588556	color=(127,205,187)
1	18	19	-1.062586956525	color=(65,182,196)
1	19	20	-2.2633295937	color=(127,205,187)
1	20	21	-0.881662081475	color=(65,182,196)
1	21	22	-0.781828720635	color=(65,182,196)
1	22	23	-1.455168239845	color=(127,205,187)
1	23	24	-2.963667331118	color=(127,205,187)
1	24	25	-1.4931371824	color=(127,205,187)
1	25	26	-0.0615547149774995	color=(65,182,196)
1	26	27	-0.215450276932499	color=(65,182,196)
1	27	28	-0.7638344651825	color=(65,182,196)
1	28	29	-2.2437833846925	color=(127,205,187)
1	29	30	-2.549767041065	color=(127,205,187)
1	30	31	-1.760798721557	color=(127,205,187)
1	31	32	-1.20004285768475	color=(127,205,187)
1	32	33	-0.9314588376025	color=(65,182,196)
1	33	34	-2.17923520270475	color=(127,205,187)
1	34	35	-1.04650675755	color=(65,182,196)
1	35	36	-1.486980716575	color=(127,205,187)
1	36	37	-1.46919130911	color=(127,205,187)
1	37	38	-1.6976141825975	color=(127,205,187)
1	38	39	-2.35217516271	color=(127,205,187)
1	39	40	-1.6530099236525	color=(127,205,187)
1	40	41	-0.88701461402775	color=(65,182,196)
1	41	42	-1.6005305687475	color=(127,205,187)
1	42	43	-1.52150583118	color=(127,205,187)
1	43	44	-1.66616991215	color=(127,205,187)
1	44	45	-2.31783330406075	color=(127,205,187)
1	45	46	-2.146524932465	color=(127,205,187)
1	46	47	-1.0917984714255	color=(65,182,196)
1	47	48	-0.660125760608	color=(65,182,196)
1	48	49	-1.28921103486	color=(127,205,187)
1	49	50	-0.662670949924999	color=(65,182,196)
1	50	51	-0.7132080420175	color=(65,182,196)
1	51	52	-0.91219494038175	color=(65,182,196)
1	52	53	-2.183670563822	color=(127,205,187)
1	53	54	-2.13211115720575	color=(127,205,187)
1	54	55	-1.6456303585825	color=(127,205,187)
1	55	56	-1.07711088929	color=(65,182,196)
1	56	57	-1.1774102477225	color=(127,205,187)
1	57	58	-1.24467762129775	color=(127,205,187)
1	58	59	-1.0226181531075	color=(65,182,196)
1	59	60	-2.10401786494325	color=(127,205,187)
1	60	61	-1.82087619090575	color=(127,205,187)
1	61	62	-1.62710263537275	color=(127,205,187)
1	62	63	-1.1163116748875	color=(65,182,196)
1	63	64	-1.4385507481275	color=(127,205,187)
1	64	65	-0.89413097075	color=(65,182,196)
1	65	66	-1.23364152664013	color=(127,205,187)
1	66	67	-0.320169208689999	color=(65,182,196)
1	67	68	-0.784061372185	color=(65,182,196)
1	68	69	-0.884594972925	color=(65,182,196)
1	69	70	-0.456708305725	color=(65,182,196)
1	70	71	-2.0818668193725	color=(127,205,187)
1	71	72	-2.36792545134975	color=(127,205,187)
1	72	73	0.0289431248424998	color=(65,182,196)
1	73	74	-1.984117115	color=(127,205,187)
1	74	75	-2.09538778355	color=(127,205,187)
1	75	76	-1.765351413255	color=(127,205,187)
1	76	77	-2.23147063040825	color=(127,205,187)
1	77	78	-2.0176645859925	color=(127,205,187)
1	78	79	-1.300204838818	color=(127,205,187)
1	79	80	-1.473081089968	color=(127,205,187)
1	80	81	-2.5704287392	color=(127,205,187)
1	81	82	-2.64879880436	color=(127,205,187)
1	82	83	-1.08191762477	color=(65,182,196)
1	83	84	-0.8745288966375	color=(65,182,196)
1	84	85	-0.5968913376575	color=(65,182,196)
1	85	86	-0.91212813598	color=(65,182,196)
1	86	87	-1.79984875955725	color=(127,205,187)
1	87	88	-2.0799681504425	color=(127,205,187)
1	88	89	-1.82480339852875	color=(127,205,187)
1	89	90	-2.48703470138775	color=(127,205,187)
1	90	91	-1.86745366091	color=(127,205,187)
1	91	92	-1.3522885317575	color=(127,205,187)
1	92	93	-1.8393750641425	color=(127,205,187)
1	93	94	0.26015405029	color=(65,182,196)
1	94	95	-0.562588722847501	color=(65,182,196)
1	95	96	-1.298981743665	color=(127,205,187)
1	96	97	-2.09173036195725	color=(127,205,187)
1	97	98	-0.538977756175	color=(65,182,196)
1	98	99	-0.7505700165825	color=(65,182,196)
1	99	100	-0.611337747469999	color=(65,182,196)
1	100	101	-1.28114332313	color=(127,205,187)
1	101	102	-1.9788865704025	color=(127,205,187)
1	102	103	-0.102599236337499	color=(65,182,196)
1	103	104	-1.129338825875	color=(127,205,187)
1	104	105	-1.347534361335	color=(127,205,187)
1	105	106	-0.7050479956225	color=(65,182,196)
1	106	107	0.682115992565	color=(65,182,196)
1	107	108	-1.196843156975	color=(127,205,187)
1	108	109	-2.00326735101925	color=(127,205,187)
1	109	110	0.8191865654	color=(65,182,196)
1	110	111	-1.47001455526775	color=(127,205,187)
1	111	112	-0.582749427196	color=(65,182,196)
1	112	113	-2.7285572628975	color=(127,205,187)
1	113	114	-3.36710676480935	color=(199,233,180)
1	114	115	-2.3323719958575	color=(127,205,187)
1	115	116	-1.35950155032	color=(127,205,187)
1	116	117	-1.7663468815	color=(127,205,187)
1	117	118	-0.89582963734	color=(65,182,196)
1	118	119	-1.31928875863	color=(127,205,187)
1	119	120	-1.458172751885	color=(127,205,187)
1	120	121	-1.903847314205	color=(127,205,187)
1	121	122	-1.81473257772725	color=(127,205,187)
1	122	123	-0.771511933255	color=(65,182,196)
1	123	124	-1.10250904715	color=(65,182,196)
1	124	125	-1.74674065292475	color=(127,205,187)
1	125	126	-1.1896809905815	color=(127,205,187)
1	126	127	-1.9580194129325	color=(127,205,187)
1	127	128	-0.597831514839	color=(65,182,196)
1	128	129	-2.64254914013575	color=(127,205,187)
1	129	130	-0.5795892864605	color=(65,182,196)
1	130	131	-1.028196831279	color=(65,182,196)
1	131	132	-1.7729955045	color=(127,205,187)
1	132	133	-1.9734185237045	color=(127,205,187)
1	133	134	-1.4972532942675	color=(127,205,187)
1	134	135	-1.79308695795025	color=(127,205,187)
1	135	136	-0.13007464941	color=(65,182,196)
1	136	137	-1.8887314675925	color=(127,205,187)
1	137	138	-0.158124925272499	color=(65,182,196)
1	138	139	-0.973692722427501	color=(65,182,196)
1	139	140	-0.721647036512499	color=(65,182,196)
1	140	141	-1.275254423265	color=(127,205,187)
1	141	142	0.380708125217501	color=(65,182,196)
1	142	143	-1.118714929911	color=(65,182,196)
1	143	144	-2.090528461001	color=(127,205,187)
1	144	145	-0.155370569742501	color=(65,182,196)
1	145	146	-1.163682611957	color=(127,205,187)
1	146	147	-2.53950113665	color=(127,205,187)
1	147	148	-1.733572671564	color=(127,205,187)
1	148	149	-0.732281590125	color=(65,182,196)
1	149	150	-1.482588489915	color=(127,205,187)
1	150	151	-1.8024757608825	color=(127,205,187)
1	151	152	-1.7616198589525	color=(127,205,187)
1	152	153	-1.495364505975	color=(127,205,187)
1	153	154	-2.2372754957475	color=(127,205,187)
1	154	155	-1.48400366217	color=(127,205,187)
1	155	156	-0.71720715800165	color=(65,182,196)
1	156	157	-0.616175622475	color=(65,182,196)
1	157	158	-1.07899676896575	color=(65,182,196)
1	158	159	-1.6423375668425	color=(127,205,187)
1	159	160	-1.6342341373805	color=(127,205,187)
1	160	161	-1.8748273236775	color=(127,205,187)
1	161	162	-0.563509744699999	color=(65,182,196)
1	162	163	-1.4122774780325	color=(127,205,187)
1	163	164	-1.454396931566	color=(127,205,187)
1	164	165	-0.88119003860875	color=(65,182,196)
1	165	166	-1.5915199563825	color=(127,205,187)
1	166	167	-1.18475333861475	color=(127,205,187)
1	167	168	-1.473157912145	color=(127,205,187)
1	168	169	-0.843075520885	color=(65,182,196)
1	169	170	-3.2050352329875	color=(127,205,187)
1	170	171	-1.843867645875	color=(127,205,187)
1	171	172	-1.3584051526625	color=(127,205,187)
1	172	173	-1.7355434808525	color=(127,205,187)
1	173	174	-2.3731331001375	color=(127,205,187)
1	174	175	-2.25763520455	color=(127,205,187)
1	175	176	-0.904738633530025	color=(65,182,196)
1	176	177	-1.8748822081625	color=(127,205,187)
1	177	178	-2.3925207563825	color=(127,205,187)
1	178	179	-1.55419684754075	color=(127,205,187)
1	179	180	-1.0057194623275	color=(65,182,196)
1	180	181	-1.91841017748793	color=(127,205,187)
1	181	182	-2.203693066734	color=(127,205,187)
1	182	183	-1.440263431285	color=(127,205,187)
1	183	184	-1.6343241778575	color=(127,205,187)
1	184	185	-1.9204393013575	color=(127,205,187)
1	185	186	-1.4948856332525	color=(127,205,187)
1	186	187	-1.675440911735	color=(127,205,187)
1	187	188	-1.1123011730275	color=(65,182,196)
1	188	189	-1.69353433591125	color=(127,205,187)
1	189	190	-2.95126995631775	color=(127,205,187)
1	190	191	-2.8373484719225	color=(127,205,187)
1	191	192	-2.09875725177475	color=(127,205,187)
1	192	193	-0.634629329405	color=(65,182,196)
1	193	194	-1.317648884158	color=(127,205,187)
1	194	195	-1.65732013673	color=(127,205,187)
1	195	196	-0.8759919195175	color=(65,182,196)
1	196	197	-1.55790330755457	color=(127,205,187)
1	197	198	-1.7060201635805	color=(127,205,187)
1	198	199	-1.623850475925	color=(127,205,187)
1	199	200	-1.95867826909075	color=(127,205,187)
1	200	201	-2.38848045306675	color=(127,205,187)
1	201	202	-1.4893852238975	color=(127,205,187)
1	202	203	-2.3982488914045	color=(127,205,187)
1	203	204	-0.42746344822	color=(65,182,196)
1	204	205	-2.1633370812675	color=(127,205,187)
1	205	206	-1.01911498203325	color=(65,182,196)
1	206	207	-0.996732235035001	color=(65,182,196)
1	207	208	-1.89993450066	color=(127,205,187)
1	208	209	-0.4082951347525	color=(65,182,196)
1	209	210	-0.30231998469	color=(65,182,196)
1	210	211	-2.770999851245	color=(127,205,187)
1	211	212	-2.27848098045625	color=(127,205,187)
1	212	213	-1.476268508915	color=(127,205,187)
1	213	214	-1.6316141328775	color=(127,205,187)
1	214	215	-0.57559966243	color=(65,182,196)
1	215	216	-1.372718907182	color=(127,205,187)
1	216	217	-2.549200391247	color=(127,205,187)
1	217	218	-0.866949088167	color=(65,182,196)
1	218	219	-1.1482794155	color=(127,205,187)
1	219	220	-1.62885860472925	color=(127,205,187)
1	220	221	-1.7954539497425	color=(127,205,187)
1	221	222	-1.79717232580575	color=(127,205,187)
1	222	223	-1.522435686047	color=(127,205,187)
1	223	224	-1.97657888519	color=(127,205,187)
1	224	225	-1.7872179054125	color=(127,205,187)
1	225	226	0.417068411525	color=(65,182,196)
1	226	227	-0.5234548172325	color=(65,182,196)
1	227	228	-0.90871703118255	color=(65,182,196)
1	228	229	-1.394078229965	color=(127,205,187)
1	229	230	-2.00943362434375	color=(127,205,187)
1	230	231	-1.08539543951	color=(65,182,196)
1	231	232	-0.96313114002025	color=(65,182,196)
1	232	233	-2.7103431222025	color=(127,205,187)
1	233	234	-1.755753426485	color=(127,205,187)
1	234	235	-2.9525929700275	color=(127,205,187)
1	235	236	-0.977979020399999	color=(65,182,196)
1	236	237	-1.5723516683375	color=(127,205,187)
1	237	238	-1.3179020641875	color=(127,205,187)
1	238	239	-1.8566230942575	color=(127,205,187)
1	239	240	-2.02077871592675	color=(127,205,187)
1	240	241	-0.9888099458075	color=(65,182,196)
1	241	242	-1.244683689026	color=(127,205,187)
1	242	243	-2.49440790184425	color=(127,205,187)
1	243	244	-1.202007356595	color=(127,205,187)
1	244	245	-1.0167212667735	color=(65,182,196)
1	245	246	-1.47735668864892	color=(127,205,187)
1	246	247	-2.38251436556	color=(127,205,187)
1	247	248	-1.5507921181	color=(127,205,187)
1	248	249	-0.50648141664	color=(65,182,196)
1	249	250	-1.1198883705474	color=(65,182,196)
1	250	251	-1.09931316591725	color=(65,182,196)
2	0	1	0.931758127964999	color=(65,182,196)
2	1	2	4.1425868467075	color=(34,94,168)
2	2	3	2.7734505738325	color=(29,145,192)
2	3	4	0.456317220953075	color=(65,182,196)
2	4	5	2.4602220806475	color=(29,145,192)
2	5	6	2.515361277985	color=(29,145,192)
2	6	7	2.0580906047275	color=(29,145,192)
2	7	8	1.58216639024635	color=(29,145,192)
2	8	9	3.7310298708725	color=(34,94,168)
2	9	10	1.81518225528	color=(29,145,192)
2	10	11	3.280711500855	color=(29,145,192)
2	11	12	2.0266508282175	color=(29,145,192)
2	12	13	3.369643155265	color=(34,94,168)
2	13	14	2.156561712215	color=(29,145,192)
2	14	15	2.48333659268	color=(29,145,192)
2	15	16	2.3093538257675	color=(29,145,192)
2	16	17	2.544606324175	color=(29,145,192)
2	17	18	3.210173816195	color=(29,145,192)
2	18	19	3.32467294009	color=(34,94,168)
2	19	20	2.4218471959225	color=(29,145,192)
2	20	21	2.97929912976	color=(29,145,192)
2	21	22	1.9887474662725	color=(29,145,192)
2	22	23	2.677929097565	color=(29,145,192)
2	23	24	2.186349196855	color=(29,145,192)
2	24	25	1.2012487202025	color=(29,145,192)
2	25	26	1.6031696132425	color=(29,145,192)
2	26	27	2.47887386579	color=(29,145,192)
2	27	28	1.1873115738775	color=(29,145,192)
2	28	29	3.1918917642675	color=(29,145,192)
2	29	30	3.0293559919225	color=(29,145,192)
2	30	31	2.79815242443425	color=(29,145,192)
2	31	32	3.3005150955225	color=(29,145,192)
2	32	33	2.74152013249375	color=(29,145,192)
2	33	34	0.680582466445	color=(65,182,196)
2	34	35	2.024935098325	color=(29,145,192)
2	35	36	2.8052007438225	color=(29,145,192)
2	36	37	1.09490697882	color=(65,182,196)
2	37	38	1.60360345774	color=(29,145,192)
2	38	39	2.884540561195	color=(29,145,192)
2	39	40	2.588440800085	color=(29,145,192)
2	40	41	3.488352203175	color=(34,94,168)
2	41	42	1.615890535975	color=(29,145,192)
2	42	43	1.4498417813475	color=(29,145,192)
2	43	44	2.5900905792075	color=(29,145,192)
2	44	45	2.26132361247	color=(29,145,192)
2	45	46	2.659124552345	color=(29,145,192)
2	46	47	0.2647482439025	color=(65,182,196)
2	47	48	3.0824311866375	color=(29,145,192)
2	48	49	1.9692512491825	color=(29,145,192)
2	49	50	1.331430169125	color=(29,145,192)
2	50	51	1.8757652382765	color=(29,145,192)
2	51	52	0.790812000074	color=(65,182,196)
2	52	53	0.2279015679775	color=(65,182,196)
2	53	54	2.25270799496	color=(29,145,192)
2	54	55	1.688578706925	color=(29,145,192)
2	55	56	1.4606920989375	color=(29,145,192)
2	56	57	2.3851726948105	color=(29,145,192)
2	57	58	3.688555357205	color=(34,94,168)
2	58	59	4.25726696519425	color=(34,94,168)
2	59	60	1.91150774091975	color=(29,145,192)
2	60	61	2.92945669766	color=(29,145,192)
2	61	62	3.47401455913	color=(34,94,168)
2	62	63	0.326132767317501	color=(65,182,196)
2	63	64	0.54146933681	color=(65,182,196)
2	64	65	2.3812079939925	color=(29,145,192)
2	65	66	2.7901357044975	color=(29,145,192)
2	66	67	3.2639560706775	color=(29,145,192)
2	67	68	1.5744710126375	color=(29,145,192)
2	68	69	2.525998396545	color=(29,145,192)
2	69	70	2.841885176394	color=(29,145,192)
2	70	71	2.9945240654125	color=(29,145,192)
2	71	72	3.177141149975	color=(29,145,192)
2	72	73	0.558916314	color=(65,182,196)
2	73	74	2.5019788955	color=(29,145,192)
2	74	75	2.1772272809675	color=(29,145,192)
2	75	76	0.55403938981775	color=(65,182,196)
2	76	77	1.71838421231725	color=(29,145,192)
2	77	78	1.77789997739075	color=(29,145,192)
3	0	1	4.518806645135	color=(34,94,168)
3	1	2	5.6278902795925	color=(37,52,148)
3	2	3	6.65039775306	color=(37,52,148)
3	3	4	8.80610064268	color=(8,29,88)
3	4	5	6.8591528497	color=(37,52,148)
3	5	6	6.0857798902225	color=(37,52,148)
3	6	7	7.015703726395	color=(37,52,148)
3	7	8	7.1904578832425	color=(37,52,148)
3	8	9	7.17488749281	color=(37,52,148)
3	9	10	5.562142723205	color=(37,52,148)
3	10	11	6.8403892755725	color=(37,52,148)
3	11	12	5.2413768891425	color=(34,94,168)
3	12	13	6.7270478766475	color=(37,52,148)
3	13	14	6.0998186169375	color=(37,52,148)
3	14	15	7.06703747969	color=(37,52,148)
3	15	16	4.8348958210315	color=(34,94,168)
3	16	17	5.97804087443	color=(37,52,148)
3	17	18	6.5705528118875	color=(37,52,148)
3	18	19	5.5834037122	color=(37,52,148)
3	19	20	4.537862822345	color=(34,94,168)
3	20	21	5.7171122114475	color=(37,52,148)
3	21	22	7.3219231132775	color=(37,52,148)
3	22	23	6.25212499113	color=(37,52,148)
3	23	24	6.871399909465	color=(37,52,148)
3	24	25	6.770125838005	color=(37,52,148)
3	25	26	7.885147869735	color=(8,29,88)
3	26	27	4.0002562687625	color=(34,94,168)
3	27	28	5.4972971925325	color=(34,94,168)
3	28	29	6.25606589184	color=(37,52,148)
3	29	30	6.8304968666175	color=(37,52,148)
3	30	31	6.725538723825	color=(37,52,148)
3	31	32	7.0102681690925	color=(37,52,148)
3	32	33	5.24453882101	color=(34,94,168)
3	33	34	8.31068638289775	color=(8,29,88)
3	34	35	4.04047618961	color=(34,94,168)
3	35	36	6.222301909905	color=(37,52,148)
3	36	37	7.3108216471275	color=(37,52,148)
3	37	38	6.29180761255	color=(37,52,148)
3	38	39	6.2238087560875	color=(37,52,148)
3	39	40	5.9711947304775	color=(37,52,148)
3	40	41	6.2431534717175	color=(37,52,148)
3	41	42	7.0778340647575	color=(37,52,148)
3	42	43	5.9255395589575	color=(37,52,148)
3	43	44	6.98897974164	color=(37,52,148)
3	44	45	6.70295561749	color=(37,52,148)
3	45	46	7.54720609148	color=(37,52,148)
3	46	47	5.5787525474325	color=(37,52,148)
3	47	48	5.3461092221275	color=(34,94,168)
3	48	49	5.076095176685	color=(34,94,168)
3	49	50	8.33563091297	color=(8,29,88)
3	50	51	6.4487871433205	color=(37,52,148)
3	51	52	4.8167116728875	color=(34,94,168)
3	52	53	6.10086151816	color=(37,52,148)
3	53	54	4.9978393726475	color=(34,94,168)
3	54	55	4.1240918407525	color=(34,94,168)
4	0	1	-6.110886334959	color=(237,248,177)
4	1	2	-6.9230920272705	color=(237,248,177)
4	2	3	-7.24941251064925	color=(237,248,177)
4	3	4	-5.336341744154	color=(199,233,180)
4	4	5	-8.3628703581245	color=(255,255,217)
4	5	6	-5.58685029440825	color=(237,248,177)
4	6	7	-5.86100688055725	color=(237,248,177)
4	7	8	-6.82040909088025	color=(237,248,177)
4	8	9	-6.22128011040925	color=(237,248,177)
4	9	10	-9.25703166946015	color=(255,255,217)
4	10	11	-6.40955506377825	color=(237,248,177)
4	11	12	-6.1695359603125	color=(237,248,177)
4	12	13	-7.38194926782	color=(237,248,177)
4	13	14	-7.71848428262175	color=(237,248,177)
4	14	15	-8.4757077892749	color=(255,255,217)
4	15	16	-9.13525825083542	color=(255,255,217)
4	16	17	-5.45849175659625	color=(199,233,180)
4	17	18	-5.9275229685485	color=(237,248,177)
4	18	19	-6.89481837795275	color=(237,248,177)
4	19	20	-5.64500413827475	color=(237,248,177)
4	20	21	-5.77641422666	color=(237,248,177)
4	21	22	-6.42801339876	color=(237,248,177)
4	22	23	-5.14897416210875	color=(199,233,180)
4	23	24	-6.42125362016425	color=(237,248,177)
4	24	25	-8.52839332710795	color=(255,255,217)
4	25	26	-5.7829925865875	color=(237,248,177)
4	26	27	-7.1625562911365	color=(237,248,177)
4	27	28	-5.710598964471	color=(237,248,177)
4	28	29	-5.3732746938025	color=(199,233,180)
4	30	31	-9.73839048536	color=(255,255,217)
4	31	32	-7.2962774472035	color=(237,248,177)
4	32	33	-6.8598312625065	color=(237,248,177)
4	33	34	-7.21733685044475	color=(237,248,177)
4	34	35	-6.735309090313	color=(237,248,177)
4	35	36	-6.65614222909222	color=(237,248,177)
4	36	37	-5.67704956312775	color=(237,248,177)
4	37	38	-7.28663636168625	color=(237,248,177)
4	38	39	-7.7398482207435	color=(237,248,177)
4	39	40	-5.9491242028175	color=(237,248,177)
4	40	41	-5.434627678309	color=(199,233,180)
4	41	42	-5.943261450504	color=(237,248,177)
4	42	43	-5.89786242414875	color=(237,248,177)
4	43	44	-6.64578445733425	color=(237,248,177)
4	44	45	-5.726471025749	color=(237,248,177)
4	45	46	-8.667497727968	color=(255,255,217)
4	46	47	-9.0744555891425	color=(255,255,217)
4	47	48	-6.5998786979635	color=(237,248,177)
4	48	49	-5.49325313782	color=(199,233,180)
4	49	50	-6.58931409288145	color=(237,248,177)
4	50	51	-6.81528179974075	color=(237,248,177)
4	51	52	-6.7084593379725	color=(237,248,177)
4	52	53	-6.907150345956	color=(237,248,177)
4	53	54	-6.705956354335	color=(237,248,177)
4	54	55	-5.4545508284155	color=(199,233,180)
4	55	56	-6.0642069026825	color=(237,248,177)
4	56	57	-5.67803595974025	color=(237,248,177)
4	57	58	-5.4208505121525	color=(199,233,180)
4	58	59	-7.4269471730265	color=(237,248,177)
4	59	60	-6.37713181169375	color=(237,248,177)
4	60	61	-6.17002812672217	color=(237,248,177)
4	61	62	-7.7264195147525	color=(237,248,177)
4	62	63	-5.76166121231725	color=(237,248,177)
4	63	64	-8.738682715028	color=(255,255,217)
4	64	65	-7.40383922561025	color=(237,248,177)
4	65	66	-5.97110028248382	color=(237,248,177)
4	66	67	-6.196112327125	color=(237,248,177)
4	67	68	-7.1710629616385	color=(237,248,177)
4	68	69	-6.55516875251045	color=(237,248,177)
4	69	70	-6.71900970632015	color=(237,248,177)
4	70	71	-6.76964157069475	color=(237,248,177)
4	71	72	-7.182594933892	color=(237,248,177)
4	72	73	-7.26445462023875	color=(237,248,177)
4	73	74	-7.1783768213959	color=(237,248,177)
4	74	75	-6.2365765799415	color=(237,248,177)
4	75	76	-8.67741940374082	color=(255,255,217)
4	76	77	-6.36601754779225	color=(237,248,177)
4	77	78	-5.282223507875	color=(199,233,180)
4	78	79	-7.52565579921425	color=(237,248,177)
4	79	80	-5.933361740141	color=(237,248,177)
4	80	81	-5.5101923668895	color=(199,233,180)
4	81	82	-5.76360124340912	color=(237,248,177)
4	82	83	-6.81499756117575	color=(237,248,177)
4	83	84	-6.50290358613695	color=(237,248,177)
4	84	85	-7.05008340185525	color=(237,248,177)
4	85	86	-6.39924996457725	color=(237,248,177)
4	86	87	-7.47513388742175	color=(237,248,177)
4	87	88	-5.58110559077275	color=(237,248,177)
4	88	89	-6.24342265822125	color=(237,248,177)
4	89	90	-5.87153160728875	color=(237,248,177)
4	90	91	-5.76430197884175	color=(237,248,177)
4	91	92	-6.89963527989875	color=(237,248,177)
4	92	93	-6.64628429207175	color=(237,248,177)
4	93	94	-6.47782024562	color=(237,248,177)
4	94	95	-5.957475069486	color=(237,248,177)
4	95	96	-5.245055226081	color=(199,233,180)
4	96	97	-5.769446269087	color=(237,248,177)
4	97	98	-8.534146891155	color=(255,255,217)
4	98	99	-5.806127356675	color=(237,248,177)
4	99	100	-6.01995861936875	color=(237,248,177)
4	100	101	-5.795867974416	color=(237,248,177)
4	101	102	-5.28539634346825	color=(199,233,180)
4	102	103	-6.783053863492	color=(237,248,177)
4	103	104	-7.515686520021	color=(237,248,177)
4	104	105	-7.75820598650275	color=(237,248,177)
4	105	106	-5.7787308420825	color=(237,248,177)
4	106	107	-6.28919589374625	color=(237,248,177)
4	107	108	-7.4016259344775	color=(237,248,177)
4	108	109	-6.6904577134275	color=(237,248,177)
4	109	110	-5.84105131933525	color=(237,248,177)
4	110	111	-6.65741493337465	color=(237,248,177)
5	0	1	-5.012852804561	color=(199,233,180)
5	1	2	-4.73191088083875	color=(199,233,180)
5	2	3	-4.2013583188325	color=(199,233,180)
5	3	4	-3.04204310044	color=(127,205,187)
5	4	5	-3.7832684008575	color=(199,233,180)
5	5	6	-5.3347156931535	color=(199,233,180)
5	6	7	-3.540464621553	color=(199,233,180)
5	7	8	-2.58002985651	color=(127,205,187)
5	8	9	-2.77747379169	color=(127,205,187)
5	9	10	-4.64946996852325	color=(199,233,180)
5	10	11	-4.3818225772475	color=(199,233,180)
5	11	12	-3.9709856794725	color=(199,233,180)
5	12	13	-3.21947894348425	color=(127,205,187)
5	13	14	-5.1806841774405	color=(199,233,180)
5	14	15	-3.5045266427375	color=(199,233,180)
5	15	16	-5.118221633938	color=(199,233,180)
5	16	17	-3.146598613435	color=(127,205,187)
5	17	18	-3.91966318661175	color=(199,233,180)
5	18	19	-3.31080265892	color=(127,205,187)
5	19	20	-3.42950718803375	color=(199,233,180)
5	20	21	-3.87113592426	color=(199,233,180)
5	21	22	-3.7499984910075	color=(199,233,180)
5	22	23	-4.94865708644475	color=(199,233,180)
5	23	24	-4.46758688534775	color=(199,233,180)
5	24	25	-3.990776222051	color=(199,233,180)
5	25	26	-4.563609723703	color=(199,233,180)
5	26	27	-2.419259060556	color=(127,205,187)
5	27	28	-4.77559733123325	color=(199,233,180)
5	28	29	-4.35914483733275	color=(199,233,180)
5	29	30	-5.07379685239375	color=(199,233,180)
5	30	31	-5.2570912814615	color=(199,233,180)
5	31	32	-5.053499147551	color=(199,233,180)
5	32	33	-5.70911074422	color=(237,248,177)
5	33	34	-3.9126134339425	color=(199,233,180)
5	34	35	-5.00347380776975	color=(199,233,180)
5	35	36	-2.4134222406275	color=(127,205,187)
5	36	37	-3.2080715143975	color=(127,205,187)
5	37	38	-4.3222988397575	color=(199,233,180)
5	38	39	-4.8144630242005	color=(199,233,180)
5	39	40	-4.0197593860495	color=(199,233,180)
5	40	41	-4.771793964666	color=(199,233,180)
5	41	42	-3.1803741764175	color=(127,205,187)
5	42	43	-4.4614504560875	color=(199,233,180)
5	43	44	-3.542363352645	color=(199,233,180)
5	44	45	-2.663083152985	color=(127,205,187)
5	45	46	-5.3429047677815	color=(199,233,180)
5	46	47	-5.401912556143	color=(199,233,180)
5	47	48	-4.2369110622675	color=(199,233,180)
5	48	49	-4.643113964226	color=(199,233,180)
5	49	50	-4.98765776245885	color=(199,233,180)
5	50	51	-5.17500983135575	color=(199,233,180)
5	51	52	-2.40708330455725	color=(127,205,187)
5	52	53	-3.7059517656875	color=(199,233,180)
5	53	54	-2.32828574136	color=(127,205,187)
5	54	55	-5.0865565384875	color=(199,233,180)
5	55	56	-4.99164497222	color=(199,233,180)
5	56	57	-4.689567144155	color=(199,233,180)
5	57	58	-4.36184469067812	color=(199,233,180)
5	58	59	-3.590090440635	color=(199,233,180)
5	59	60	-3.1875554428475	color=(127,205,187)
5	60	61	-2.10970026449	color=(127,205,187)
5	61	62	-4.6733782939815	color=(199,233,180)
5	62	63	-5.2640891519425	color=(199,233,180)
5	63	64	-3.378184361875	color=(199,233,180)
5	64	65	-3.13993709193	color=(127,205,187)
5	65	66	-3.023814398315	color=(127,205,187)
5	66	67	-3.86174236588805	color=(199,233,180)
5	67	68	-3.755426966215	color=(199,233,180)
5	68	69	-4.23432854200325	color=(199,233,180)
5	69	70	-4.703879794929	color=(199,233,180)
5	70	71	-3.4560064156115	color=(199,233,180)
5	71	72	-2.532794148635	color=(127,205,187)
5	72	73	-5.0400024480175	color=(199,233,180)
5	73	74	-3.397876311997	color=(199,233,180)
5	74	75	-2.8945483413375	color=(127,205,187)
5	75	76	-4.141224037862	color=(199,233,180)
5	76	77	-5.26942041086525	color=(199,233,180)
5	77	78	-4.97194049463225	color=(199,233,180)
5	78	79	-5.4134293801215	color=(199,233,180)
5	79	80	-4.7524599307875	color=(199,233,180)
5	80	81	-3.4794746936625	color=(199,233,180)
5	81	82	-3.339765661195	color=(127,205,187)
5	82	83	-5.2615576596925	color=(199,233,180)
5	83	84	-5.1294548313345	color=(199,233,180)
5	84	85	-4.92795831703525	color=(199,233,180)
5	85	86	-4.2467304048125	color=(199,233,180)
5	86	87	-4.47492756637575	color=(199,233,180)
5	87	88	-4.62886272822725	color=(199,233,180)
5	88	89	-3.0338395911125	color=(127,205,187)
5	89	90	-2.911828365675	color=(127,205,187)
5	90	91	-4.29860964711825	color=(199,233,180)
5	91	92	-2.4075578984	color=(127,205,187)
5	92	93	-4.25831109844	color=(199,233,180)
5	93	94	-3.61137005667675	color=(199,233,180)
5	94	95	-4.01851174204775	color=(199,233,180)
5	95	96	-3.456099631315	color=(199,233,180)
5	96	97	-3.8008532197725	color=(199,233,180)
5	97	98	-3.88149935957	color=(199,233,180)
5	98	99	-3.8368786004875	color=(199,233,180)
5	99	100	-3.29344548548	color=(127,205,187)
5	100	101	-3.6635146350225	color=(199,233,180)
5	101	102	-4.5265399096245	color=(199,233,180)
5	102	103	-4.61706731880925	color=(199,233,180)
5	103	104	-4.98703635799	color=(199,233,180)
5	104	105	-4.9995210767365	color=(199,233,180)
5	105	106	-2.631968453401	color=(127,205,187)
5	106	107	-3.427335005536	color=(199,233,180)
5	107	108	-4.91067404463375	color=(199,233,180)
5	108	109	-5.0026066659485	color=(199,233,180)
5	109	110	-5.26784347396475	color=(199,233,180)
5	110	111	-4.74272530539275	color=(199,233,180)
5	111	112	-4.97633002846875	color=(199,233,180)
5	112	113	-3.5829728559975	color=(199,233,180)
5	113	114	-3.3786219663825	color=(199,233,180)
5	114	115	-5.09067459214425	color=(199,233,180)
5	115	116	-4.810532612135	color=(199,233,180)
5	116	117	-4.9169345457325	color=(199,233,180)
5	117	118	-4.84080846113625	color=(199,233,180)
5	118	119	-3.3221017562725	color=(127,205,187)
5	119	120	-5.93784799360378	color=(237,248,177)
5	120	121	-3.8319254732825	color=(199,233,180)
5	121	122	-2.6881348068525	color=(127,205,187)
5	122	123	-4.944317200609	color=(199,233,180)
5	123	124	-3.4200218499845	color=(199,233,180)
5	124	125	-4.7361932407	color=(199,233,180)
5	125	126	-4.319140744526	color=(199,233,180)
5	126	127	-4.3911752749985	color=(199,233,180)
5	127	128	-4.954237353012	color=(199,233,180)
5	128	129	-4.03304877373625	color=(199,233,180)
5	129	130	-3.0989717540925	color=(127,205,187)
5	130	131	-5.78226443738205	color=(237,248,177)
5	131	132	-2.54583168292	color=(127,205,187)
5	132	133	-3.25528339861075	color=(127,205,187)
5	133	134	-4.864246860928	color=(199,233,180)
5	134	135	-3.4369330463025	color=(199,233,180)
5	135	136	-5.0564160302925	color=(199,233,180)
5	136	137	-3.7638657995975	color=(199,233,180)
5	137	138	-2.7727238334175	color=(127,205,187)
5	138	139	-4.1475866644975	color=(199,233,180)
5	139	140	-3.892778217189	color=(199,233,180)
5	140	141	-4.23388731859275	color=(199,233,180)
5	141	142	-5.10161468211207	color=(199,233,180)
5	142	143	-2.6333475219325	color=(127,205,187)
5	143	144	-5.017605788792	color=(199,233,180)
5	144	145	-3.75014187099	color=(199,233,180)
5	145	146	-4.34869848221	color=(199,233,180)
5	146	147	-4.312821820185	color=(199,233,180)
5	147	148	-3.78307748220675	color=(199,233,180)
5	148	149	-3.950713563675	color=(199,233,180)
5	149	150	-4.46994417969	color=(199,233,180)
5	150	151	-3.628935927381	color=(199,233,180)
5	151	152	-3.71341258133	color=(199,233,180)
5	152	153	-4.71956134066	color=(199,233,180)
5	153	154	-2.51269949194025	color=(127,205,187)
5	154	155	-5.31127444519625	color=(199,233,180)
5	155	156	-3.4908682058925	color=(199,233,180)
5	156	157	-3.066028700025	color=(127,205,187)
5	157	158	-2.46522256255325	color=(127,205,187)
5	158	159	-3.3348218945425	color=(127,205,187)
5	159	160	-3.1839266684525	color=(127,205,187)
5	160	161	-4.132833642297	color=(199,233,180)
5	161	162	-3.86336834961975	color=(199,233,180)
5	162	163	-3.13876957544	color=(127,205,187)
5	163	164	-4.96677703825625	color=(199,233,180)
5	164	165	-4.8904818431975	color=(199,233,180)
5	165	166	-4.362899239564	color=(199,233,180)
5	166	167	-3.65068467908625	color=(199,233,180)
5	167	168	-3.920486614245	color=(199,233,180)
5	168	169	-4.8574226394775	color=(199,233,180)
5	169	170	-5.04603088445	color=(199,233,180)
5	170	171	-3.3735324745575	color=(199,233,180)
5	171	172	-4.819506797854	color=(199,233,180)
5	172	173	-5.4011640473395	color=(199,233,180)
6	0	1	4.486321697765	color=(34,94,168)
6	1	2	1.53177543324	color=(29,145,192)
6	2	3	2.472247770893	color=(29,145,192)
6	3	4	1.256437464365	color=(29,145,192)
6	4	5	0.5307755129275	color=(65,182,196)
6	5	6	2.7971666375075	color=(29,145,192)
6	6	7	0.886144860315	color=(65,182,196)
6	7	8	1.547838723905	color=(29,145,192)
6	8	9	4.2415521170975	color=(34,94,168)
6	9	10	1.6398010249425	color=(29,145,192)
6	10	11	1.0521530433	color=(65,182,196)
6	11	12	2.354717691425	color=(29,145,192)
6	12	13	0.2765302368975	color=(65,182,196)
6	13	14	2.3664001197875	color=(29,145,192)
6	14	15	1.2365864229475	color=(29,145,192)
6	15	16	-0.1679891291375	color=(65,182,196)
6	16	17	0.26248551728455	color=(65,182,196)
6	17	18	3.8276722834075	color=(34,94,168)
6	18	19	1.51967281012	color=(29,145,192)
6	19	20	1.4293667700675	color=(29,145,192)
6	20	21	0.96133837895825	color=(65,182,196)
6	21	22	-0.9332591499	color=(65,182,196)
6	22	23	0.38557997705	color=(65,182,196)
6	23	24	3.4816324687225	color=(34,94,168)
6	24	25	3.534633281166	color=(34,94,168)
6	25	26	-0.582789735385	color=(65,182,196)
6	26	27	-0.1571085543375	color=(65,182,196)
6	27	28	2.3428088014075	color=(29,145,192)
6	28	29	4.7409274027345	color=(34,94,168)
6	29	30	0.677054304125001	color=(65,182,196)
6	30	31	2.8594958574775	color=(29,145,192)
6	31	32	1.0065192092425	color=(65,182,196)
6	32	33	1.0974753693	color=(65,182,196)
6	33	34	1.0721625815425	color=(65,182,196)
6	34	35	1.643986997625	color=(29,145,192)
6	35	36	0.9880858998525	color=(65,182,196)
6	36	37	0.724797914074999	color=(65,182,196)
6	37	38	-0.510823764575	color=(65,182,196)
6	38	39	1.58984445544	color=(29,145,192)
6	39	40	1.155951045	color=(29,145,192)
6	40	41	-0.855497017348	color=(65,182,196)
6	41	42	0.9830755251475	color=(65,182,196)
6	42	43	0.86502147765	color=(65,182,196)
6	43	44	1.0516058579825	color=(65,182,196)
6	44	45	-0.255581070914999	color=(65,182,196)
6	45	46	1.4713208056075	color=(29,145,192)
6	46	47	3.9021371207175	color=(34,94,168)
6	47	48	0.870197320685	color=(65,182,196)
6	48	49	3.086871596505	color=(29,145,192)
6	49	50	1.02977078697	color=(65,182,196)
6	50	51	0.8258733072075	color=(65,182,196)
6	51	52	2.75484444549425	color=(29,145,192)
6	52	53	3.306021588262	color=(29,145,192)
6	53	54	2.59331865202	color=(29,145,192)
6	54	55	1.5369409802975	color=(29,145,192)
6	55	56	2.2886762132	color=(29,145,192)
6	56	57	0.82237027054	color=(65,182,196)
6	57	58	0.6024191718725	color=(65,182,196)
6	58	59	1.3097809638875	color=(29,145,192)
6	59	60	-0.258953548715	color=(65,182,196)
6	60	61	2.004925315315	color=(29,145,192)
6	61	62	1.1525962079375	color=(29,145,192)
6	62	63	4.971435907595	color=(34,94,168)
6	63	64	0.9353699155	color=(65,182,196)
6	64	65	0.227710136687501	color=(65,182,196)
6	65	66	0.26373533368	color=(65,182,196)
6	66	67	-0.5497904586425	color=(65,182,196)
6	67	68	1.4456949245225	color=(29,145,192)
6	68	69	3.660753837935	color=(34,94,168)
6	69	70	0.4654980504125	color=(65,182,196)
6	70	71	-0.258596263035	color=(65,182,196)
6	71	72	1.2254762532475	color=(29,145,192)
6	72	73	1.3813788740275	color=(29,145,192)
6	73	74	3.0482451059875	color=(29,145,192)
6	74	75	3.606677584115	color=(34,94,168)
6	75	76	1.21176049847	color=(29,145,192)
6	76	77	1.08429083971475	color=(65,182,196)
6	77	78	-0.2424011692575	color=(65,182,196)
6	78	79	0.99709702108	color=(65,182,196)
6	79	80	-0.3663334409625	color=(65,182,196)
6	80	81	0.6778534185305	color=(65,182,196)
6	81	82	-0.6847841686925	color=(65,182,196)
6	82	83	2.6992996630175	color=(29,145,192)
6	83	84	-1.07088708462552	color=(65,182,196)
6	84	85	1.967802497025	color=(29,145,192)
6	85	86	-0.6367619800025	color=(65,182,196)
6	86	87	2.8142352043375	color=(29,145,192)
6	87	88	2.59238945953	color=(29,145,192)
6	88	89	3.882707205055	color=(34,94,168)
6	89	90	3.32458102138725	color=(34,94,168)
6	90	91	0.58413123247	color=(65,182,196)
6	91	92	0.916259463942501	color=(65,182,196)
6	92	93	1.8504119616525	color=(29,145,192)
6	93	94	0.7065050876175	color=(65,182,196)
6	94	95	-0.4835005737725	color=(65,182,196)
6	95	96	1.53932900085	color=(29,145,192)
6	96	97	1.3279721106275	color=(29,145,192)
6	97	98	1.6623047625325	color=(29,145,192)
6	98	99	2.9421995502375	color=(29,145,192)
6	99	100	-0.1488993536025	color=(65,182,196)
6	100	101	4.8710874428325	color=(34,94,168)
6	101	102	0.5597377376525	color=(65,182,196)
6	102	103	-0.0986202947021251	color=(65,182,196)
6	103	104	2.6460234733775	color=(29,145,192)
6	104	105	1.75845009937	color=(29,145,192)
6	105	106	1.8743984716	color=(29,145,192)
6	106	107	0.63990512037125	color=(65,182,196)
6	107	108	1.59028595165	color=(29,145,192)
6	108	109	1.0928729370425	color=(65,182,196)
6	109	110	4.0596960138175	color=(34,94,168)
6	110	111	1.1627659096775	color=(29,145,192)
6	111	112	2.4059380794125	color=(29,145,192)
6	112	113	1.1176117619925	color=(29,145,192)
6	113	114	1.8582308152125	color=(29,145,192)
6	114	115	1.062698180755	color=(65,182,196)
6	115	116	0.0247919345755701	color=(65,182,196)
6	116	117	0.472701728105	color=(65,182,196)
6	117	118	1.25760057193	color=(29,145,192)
6	118	119	-0.97875681620425	color=(65,182,196)
6	119	120	1.491157189395	color=(29,145,192)
6	120	121	-0.3355051974975	color=(65,182,196)
6	121	122	4.1100357200275	color=(34,94,168)
6	122	123	1.36069434728	color=(29,145,192)
6	123	124	4.0176624643375	color=(34,94,168)
6	124	125	1.039822222925	color=(65,182,196)
6	125	126	0.33420749382	color=(65,182,196)
6	126	127	0.9275553492125	color=(65,182,196)
6	127	128	1.224406198675	color=(29,145,192)
6	128	129	1.0897461854025	color=(65,182,196)
6	129	130	1.4119520268	color=(29,145,192)
6	130	131	1.191255622715	color=(29,145,192)
6	131	132	1.24550110823175	color=(29,145,192)
6	132	133	0.1033889074135	color=(65,182,196)
6	133	134	4.357843768815	color=(34,94,168)
6	134	135	0.6335045181331	color=(65,182,196)
6	135	136	1.036819240675	color=(65,182,196)
6	136	137	0.35333938816	color=(65,182,196)
6	137	138	-0.16119214104	color=(65,182,196)
6	138	139	2.5826026549125	color=(29,145,192)
6	139	140	0.4188657379125	color=(65,182,196)
6	140	141	1.4128383173625	color=(29,145,192)
6	141	142	-0.458471157182501	color=(65,182,196)
6	142	143	2.3984429792575	color=(29,145,192)
6	143	144	1.2616443818725	color=(29,145,192)
6	144	145	0.512396163695	color=(65,182,196)
6	145	146	2.285235355401	color=(29,145,192)
6	146	147	0.0273802718274991	color=(65,182,196)
6	147	148	2.53668016335	color=(29,145,192)
6	148	149	0.6569346718525	color=(65,182,196)
6	149	150	0.73823345007	color=(65,182,196)
6	150	151	1.0290361119675	color=(65,182,196)
6	151	152	1.080845439375	color=(65,182,196)
6	152	153	0.0396302624900002	color=(65,182,196)
6	153	154	1.2009791713125	color=(29,145,192)
6	154	155	1.55554204847275	color=(29,145,192)
6	155	156	2.64004814870225	color=(29,145,192)
6	156	157	0.50931044100475	color=(65,182,196)
6	157	158	-0.87012378588775	color=(65,182,196)
6	158	159	1.70288821901	color=(29,145,192)
6	159	160	1.5085967128625	color=(29,145,192)
6	160	161	-0.395696918715	color=(65,182,196)
6	161	162	3.6330763418175	color=(34,94,168)
6	162	163	0.9688452182375	color=(65,182,196)
6	163	164	1.9636843762225	color=(29,145,192)
6	164	165	1.957705541705	color=(29,145,192)
6	165	166	1.51147235797	color=(29,145,192)
6	166	167	0.90175688074	color=(65,182,196)
6	167	168	1.1376816848125	color=(29,145,192)
6	168	169	1.23564272805	color=(29,145,192)
6	169	170	1.25269154930515	color=(29,145,192)
6	170	171	0.9790301454825	color=(65,182,196)
6	171	172	2.0034093345625	color=(29,145,192)
6	172	173	2.779541575155	color=(29,145,192)
6	173	174	-0.0773789640225	color=(65,182,196)
6	174	175	2.4345215123575	color=(29,145,192)
6	175	176	2.002601883405	color=(29,145,192)
6	176	177	1.84094481545025	color=(29,145,192)
6	177	178	0.840209380222499	color=(65,182,196)
6	178	179	0.406873194272501	color=(65,182,196)
6	179	180	2.819620223625	color=(29,145,192)
6	180	181	0.8015765446775	color=(65,182,196)
6	181	182	-0.309079675635	color=(65,182,196)
6	182	183	0.8605108984925	color=(65,182,196)
6	183	184	1.08218169812	color=(65,182,196)
6	184	185	-0.107683719905001	color=(65,182,196)
6	185	186	1.9746952783525	color=(29,145,192)
6	186	187	1.74067824152	color=(29,145,192)
6	187	188	1.03218945479	color=(65,182,196)
6	188	189	0.00930212437825007	color=(65,182,196)
6	189	190	0.00833267487499967	color=(65,182,196)
6	190	191	1.0822234876045	color=(65,182,196)
6	191	192	1.1240749597665	color=(29,145,192)
6	192	193	1.8302201638225	color=(29,145,192)
6	193	194	-0.5941703520525	color=(65,182,196)
6	194	195	1.188821549125	color=(29,145,192)
6	195	196	0.587157859491175	color=(65,182,196)
6	196	197	1.77734958058	color=(29,145,192)
7	0	1	-5.307272611497	color=(199,233,180)
7	1	2	-3.6374164245075	color=(199,233,180)
7	2	3	-3.39048192368	color=(199,233,180)
7	3	4	-3.320759921585	color=(127,205,187)
7	4	5	-3.258569674575	color=(127,205,187)
7	5	6	-2.3358418418875	color=(127,205,187)
7	6	7	-5.70816998888875	color=(237,248,177)
7	7	8	-3.548166261685	color=(199,233,180)
7	8	9	-4.39574579771735	color=(199,233,180)
7	9	10	-4.21611323212075	color=(199,233,180)
7	10	11	-4.6518854338055	color=(199,233,180)
7	11	12	-4.76467354249825	color=(199,233,180)
7	12	13	-2.497286772525	color=(127,205,187)
7	13	14	-2.99511676844	color=(127,205,187)
7	14	15	-5.00895948241725	color=(199,233,180)
7	15	16	-5.31723332215975	color=(199,233,180)
7	16	17	-1.68114223136825	color=(127,205,187)
7	17	18	-4.87294986747925	color=(199,233,180)
7	18	19	-4.39027866156	color=(199,233,180)
7	19	20	-1.5752903511025	color=(127,205,187)
7	20	21	-5.214635270785	color=(199,233,180)
7	21	22	-5.5017709052925	color=(199,233,180)
7	22	23	-4.29748555864625	color=(199,233,180)
7	23	24	-5.42079221668	color=(199,233,180)
7	24	25	-2.0058575392775	color=(127,205,187)
7	25	26	-2.698688886311	color=(127,205,187)
7	26	27	-2.381633566378	color=(127,205,187)
7	27	28	-1.80050357346875	color=(127,205,187)
7	28	29	-1.38090690966825	color=(127,205,187)
7	29	30	-5.64393622481	color=(237,248,177)
7	30	31	-4.722860185575	color=(199,233,180)
7	31	32	-7.091181665491	color=(237,248,177)
7	32	33	-5.6624986874465	color=(237,248,177)
7	33	34	-4.3757670328535	color=(199,233,180)
7	34	35	-1.22205838753775	color=(127,205,187)
7	35	36	-3.7569288009375	color=(199,233,180)
7	36	37	-4.25709136776525	color=(199,233,180)
7	37	38	-4.3053986155125	color=(199,233,180)
7	38	39	-1.67963421077375	color=(127,205,187)
7	39	40	-1.40898751664625	color=(127,205,187)
7	40	41	-4.24139249427725	color=(199,233,180)
7	41	42	-4.2170473151675	color=(199,233,180)
7	42	43	-2.0116822681325	color=(127,205,187)
7	43	44	-5.63215987684	color=(237,248,177)
7	44	45	-2.6386111477	color=(127,205,187)
7	45	46	-1.9477332414475	color=(127,205,187)
7	46	47	-2.50375128248525	color=(127,205,187)
7	47	48	-3.270551914255	color=(127,205,187)
7	48	49	-4.83953484842075	color=(199,233,180)
7	49	50	-4.4921732950555	color=(199,233,180)
7	50	51	-4.7936967489675	color=(199,233,180)
7	51	52	-3.41195005121525	color=(199,233,180)
7	52	53	-2.968019364916	color=(127,205,187)
7	53	54	-5.11766374606	color=(199,233,180)
7	54	55	-4.0879101911325	color=(199,233,180)
7	55	56	-4.976721404059	color=(199,233,180)
7	56	57	-4.91629381440575	color=(199,233,180)
7	57	58	-4.0525858479625	color=(199,233,180)
7	58	59	-5.22865891898075	color=(199,233,180)
7	59	60	-5.11715731367975	color=(199,233,180)
7	60	61	-3.45927880534375	color=(199,233,180)
7	61	62	-3.44123110105775	color=(199,233,180)
7	62	63	-4.57251993801	color=(199,233,180)
7	63	64	-3.7867710217725	color=(199,233,180)
7	64	65	-4.1639776790625	color=(199,233,180)
7	65	66	-0.8954346436	color=(65,182,196)
7	66	67	-2.9390445373975	color=(127,205,187)
7	67	68	-2.2073412848375	color=(127,205,187)
7	68	69	-6.34820215562325	color=(237,248,177)
7	69	70	-5.65374867473175	color=(237,248,177)
7	70	71	-2.53081856830175	color=(127,205,187)
7	71	72	-5.952465524851	color=(237,248,177)
7	72	73	-3.9198312843825	color=(199,233,180)
7	73	74	-3.99222384321575	color=(199,233,180)
7	74	75	-1.4520720506	color=(127,205,187)
7	75	76	-1.55550565434	color=(127,205,187)
7	76	77	-4.998162484827	color=(199,233,180)
7	77	78	-4.31545479053675	color=(199,233,180)
7	78	79	-2.0401946923425	color=(127,205,187)
7	79	80	-4.0345092361135	color=(199,233,180)
7	80	81	-2.400076174305	color=(127,205,187)
7	81	82	-4.0690713301275	color=(199,233,180)
7	82	83	-2.16834204076	color=(127,205,187)
7	83	84	-1.7426893545425	color=(127,205,187)
7	84	85	-5.70551907220975	color=(237,248,177)
7	85	86	-6.10110005325468	color=(237,248,177)
7	86	87	-3.929110610797	color=(199,233,180)
7	87	88	-3.195294285838	color=(127,205,187)
7	88	89	-3.1734140823475	color=(127,205,187)
7	89	90	-1.84485867938	color=(127,205,187)
7	90	91	-4.1575605324025	color=(199,233,180)
7	91	92	-2.076901570045	color=(127,205,187)
7	92	93	-7.55348925251	color=(237,248,177)
7	93	94	-2.99049231356525	color=(127,205,187)
7	94	95	-3.082218176346	color=(127,205,187)
7	95	96	-2.637366431075	color=(127,205,187)
7	96	97	-4.68543363035675	color=(199,233,180)
7	97	98	-2.50333126275025	color=(127,205,187)
7	98	99	-5.55998036047275	color=(199,233,180)
7	99	100	-3.7096706176325	color=(199,233,180)
7	100	101	-1.88806184576525	color=(127,205,187)
7	101	102	-4.55073619757	color=(199,233,180)
7	102	103	-2.27725640173	color=(127,205,187)
7	103	104	-3.58622927795	color=(199,233,180)
7	104	105	-1.541508998375	color=(127,205,187)
7	105	106	-3.39775244552	color=(199,233,180)
7	106	107	-4.6542031531305	color=(199,233,180)
7	107	108	-2.439544571245	color=(127,205,187)
7	108	109	-2.055120895365	color=(127,205,187)
7	109	110	-4.01759338414675	color=(199,233,180)
7	110	111	-1.727565234345	color=(127,205,187)
7	111	112	-4.1929984863175	color=(199,233,180)
7	112	113	-2.0869369907275	color=(127,205,187)
7	113	114	-2.131540742829	color=(127,205,187)
7	114	115	-3.0996990596575	color=(127,205,187)
7	115	116	-2.54704728445527	color=(127,205,187)
7	116	117	-4.3206685838525	color=(199,233,180)
7	117	118	-4.7118057957475	color=(199,233,180)
7	118	119	-3.641290065847	color=(199,233,180)
7	119	120	-1.87419474968275	color=(127,205,187)
7	120	121	-2.221567267263	color=(127,205,187)
7	121	122	-1.94196520894375	color=(127,205,187)
7	122	123	-2.4603305320735	color=(127,205,187)
7	123	124	-4.46628870958875	color=(199,233,180)
7	124	125	-3.58578332403975	color=(199,233,180)
7	125	126	-4.11351276370125	color=(199,233,180)
7	126	127	-5.260057206733	color=(199,233,180)
7	127	128	-4.378817707926	color=(199,233,180)
7	128	129	-6.60844801705125	color=(237,248,177)
7	129	130	-4.4979729298715	color=(199,233,180)
7	130	131	-2.888308115349	color=(127,205,187)
7	131	132	-1.525879081245	color=(127,205,187)
7	132	133	-4.31244399719	color=(199,233,180)
7	133	134	-4.9333779452375	color=(199,233,180)
7	134	135	-5.368245	color=(199,233,180)
7	135	136	-2.939477	color=(127,205,187)
7	136	137	-5.916717	color=(237,248,177)
7	137	138	-2.139541	color=(127,205,187)
7	138	139	-3.513076	color=(199,233,180)
7	139	140	-3.206195	color=(127,205,187)
7	140	141	-4.410703	color=(199,233,180)
7	141	142	-2.570351	color=(127,205,187)
7	142	143	-3.955122	color=(199,233,180)
7	143	144	-2.382199	color=(127,205,187)
7	144	145	-2.907665	color=(127,205,187)
7	145	146	-2.311711	color=(127,205,187)
7	146	147	-3.969817	color=(199,233,180)
7	147	148	-5.604792	color=(237,248,177)
7	148	149	-5.104265	color=(199,233,180)
7	149	150	-1.930252	color=(127,205,187)
7	150	151	-3.959595	color=(199,233,180)
7	151	152	-1.744979	color=(127,205,187)
7	152	153	-3.513455	color=(199,233,180)
7	153	154	-3.66433	color=(199,233,180)
7	154	155	-5.266843	color=(199,233,180)
7	155	156	-4.319211	color=(199,233,180)
7	156	157	-4.802555	color=(199,233,180)
7	157	158	-6.225535	color=(237,248,177)
7	158	159	-4.250778	color=(199,233,180)
7	159	160	-5.472012	color=(199,233,180)
7	160	161	-1.9022	color=(127,205,187)
7	161	162	-3.163692	color=(127,205,187)
7	162	163	-5.909812	color=(237,248,177)
7	163	164	-5.74425	color=(237,248,177)
7	164	165	-4.639848	color=(199,233,180)
7	165	166	-5.967012	color=(237,248,177)
7	166	167	-2.534241	color=(127,205,187)
7	167	168	-3.312358	color=(127,205,187)
7	168	169	-3.480707	color=(199,233,180)
7	169	170	-3.531773	color=(199,233,180)
7	170	171	-5.958499	color=(237,248,177)
7	171	172	-5.12842	color=(199,233,180)
7	172	173	-4.934127	color=(199,233,180)
7	173	174	-1.852041	color=(127,205,187)
7	174	175	-2.342165	color=(127,205,187)
7	175	176	-2.368693	color=(127,205,187)
7	176	177	-7.059309	color=(237,248,177)
7	177	178	-1.943039	color=(127,205,187)
7	178	179	-4.684885	color=(199,233,180)
7	179	180	-1.988872	color=(127,205,187)
7	180	181	-2.228952	color=(127,205,187)
7	181	182	-6.613001	color=(237,248,177)
7	182	183	-2.921995	color=(127,205,187)
7	183	184	-2.187917	color=(127,205,187)
7	184	185	-4.617926	color=(199,233,180)
7	185	186	-1.69931	color=(127,205,187)
7	186	187	-6.279803	color=(237,248,177)
7	187	188	-1.916192	color=(127,205,187)
7	188	189	-2.432543	color=(127,205,187)
7	189	190	-1.278446	color=(127,205,187)
7	190	191	-4.342382	color=(199,233,180)
7	191	192	-4.286117	color=(199,233,180)
7	192	193	-2.681554	color=(127,205,187)
7	193	194	-3.725049	color=(199,233,180)
7	194	195	-3.113973	color=(127,205,187)
7	195	196	-1.923035	color=(127,205,187)
7	196	197	-3.904642	color=(199,233,180)
7	197	198	-4.716825	color=(199,233,180)
