"Spores" "Haustoria" "X2dpi" "X5dpi" ""
"PCA_SD_00044" -0.988724657912499 1.5265207723375 0.189825606337502 -0.7276217207625 1
"PCA_SD_00231" -0.223033012825001 1.216267742675 -0.600891685724999 -0.392343044124999 1
"PCA_SD_00267" -0.755467272033 0.688361688592 0.106292936577 -0.039187353136 1
"PCA_SD_02120" -1.0130439677615 0.6711672660415 0.4599753494075 -0.1180986476875 1
"PCA_SD_02096" -1.555379598505 1.779866591885 0.355170394815 -0.579657388195 1
"PCA_SD_00908" -2.56325273970175 3.01513744367725 -0.99436128142275 0.54247657744725 1
"PCA_SD_00866" -1.03004199526 1.59931678186 -0.76697183117 0.19769704457 1
"PCA_SD_00860" -2.08155290609675 0.69888005005225 1.28156382308225 0.10110903296225 1
"PCA_SD_00497" -2.0912753010675 0.0579747772225012 1.3480548193225 0.685245704522501 1
"PCA_SD_00547" -1.63980327546675 3.21990767613325 0.42634879833025 -2.00645319899675 1
"PCA_SD_00525" -0.6341276121025 0.824153738327501 0.100095087087501 -0.290121213312499 1
"PCA_SD_01038" -1.9889158248365 1.3169259387555 -0.1859615871245 0.8579514732055 1
"PCA_SD_01033" -2.778480781 1.91450818727 0.58502947458 0.27894311915 1
"PCA_SD_02528" -0.95017546637 3.31512465147 -0.95276250888 -1.41218667622 1
"PCA_SD_01183" 0.396509222250001 0.840697378750001 -1.42236916009 0.18516255909 1
"PCA_SD_01168" -1.78560180599275 0.0411074921542496 -0.0584534027557502 1.80294771659425 1
"PCA_SD_01208" -0.4863950454475 -0.2598917577175 1.1298404213425 -0.3835536181775 1
"PCA_SD_01091" -1.36331588556 2.53794599151 -0.73634552805 -0.438284577900001 1
"PCA_SD_01094" -1.062586956525 3.292721399565 -0.183383731815 -2.046750711225 1
"PCA_SD_01198" -2.2633295937 2.91740551629 -0.61109152233 -0.0429844002599999 1
"PCA_SD_00769" -0.881662081475 1.488928019925 0.0352800891250009 -0.642546027574999 1
"PCA_SD_00641" -0.781828720635 1.015117528765 -0.0167658105249995 -0.216522997605 1
"PCA_SD_00645" -1.455168239845 2.995140225375 -1.138063319535 -0.401908665995 1
"PCA_SD_00646" -2.963667331118 1.842481004156 1.075691865596 0.0454944613659998 1
"PCA_SD_00734" -1.4931371824 1.1717728808 0.4094101593 -0.0880458576999992 1
"PCA_SD_00706" -0.0615547149774995 1.6902700114025 -3.9739009616875 2.3451856652625 1
"PCA_SD_00779" -0.215450276932499 0.9925418841575 -0.422604966382499 -0.3544866408425 1
"PCA_SD_01372" -0.7638344651825 0.0990931393375005 0.6598777354275 0.00486359041750095 1
"PCA_SD_01439" -2.2437833846925 2.6533879674575 -1.2643081908525 0.8547036080875 1
"PCA_SD_01438" -2.549767041065 0.904282306205 1.561969798315 0.0835149365449999 1
"PCA_SD_01478" -1.760798721557 2.674714760153 0.110342123368 -1.024258161964 1
"PCA_SD_01663" -1.20004285768475 -0.25722523935175 0.81443320375325 0.64283489328325 1
"PCA_SD_01765" -0.9314588376025 2.3991649393075 -0.3259988757725 -1.1417072259325 1
"PCA_SD_01885" -2.17923520270475 2.66392483710825 0.18589629057825 -0.67058592498175 1
"PCA_SD_01859" -1.04650675755 0.60732591475 0.43566960495 0.00351123785000063 1
"PCA_SD_01567" -1.486980716575 0.773256107925 0.657845516925001 0.0558790917250001 1
"PCA_SD_01576" -1.46919130911 1.2865974085 -1.1265332358 1.30912713641 1
"PCA_SD_01527" -1.6976141825975 1.1739900201325 -0.249697316967501 0.7733214794325 1
"PCA_SD_01526" -2.35217516271 0.72597781025 0.36063871944 1.26555863302 1
"PCA_SD_01533" -1.6530099236525 0.9468984699775 0.0855883431975002 0.6205231104775 1
"PCA_SD_02208" -0.88701461402775 1.21228723511825 0.01089450541825 -0.33616712650875 1
"PCA_SD_02272" -1.6005305687475 -0.2929878203875 -0.00922689797749987 1.9027452871125 1
"PCA_SD_02001" -1.52150583118 1.80988651936 0.139543811959999 -0.42792450014 1
"PCA_SD_01984" -1.66616991215 1.44277898406 2.3032592384 -2.07986831031 1
"PCA_SD_01908" -2.31783330406075 2.74537397251925 -0.27742336345775 -0.15011730500075 1
"PCA_SD_02669" -2.146524932465 0.242804336565 0.559005855095 1.344714740805 1
"PCA_SD_02691" -1.0917984714255 -0.1202114342315 0.5958358508085 0.6161740548485 1
"PCA_SD_02826" -0.660125760608 1.299424287546 -0.171637709105 -0.467660817833 1
"PCA_SD_03443" -1.28921103486 0.6160326764 0.9751064451 -0.30192808664 1
"PCA_SD_02871" -0.662670949924999 0.887529322675 -0.261686051824999 0.0368276790750013 1
"PCA_SD_04915" -0.7132080420175 1.6429022310725 -0.5105257962475 -0.4191683928075 1
"PCA_SD_04977" -0.91219494038175 2.02862319269025 0.04567881957025 -1.16210707187875 1
"PCA_SD_04962" -2.183670563822 1.109905526104 0.630165081704 0.443599956014 1
"PCA_SD_04089" -2.13211115720575 0.0927945354692501 -0.24831205010275 2.28762867183925 1
"PCA_SD_04385" -1.6456303585825 0.7406673207275 0.598379619427499 0.306583418427499 1
"PCA_SD_02581" -1.07711088929 2.19489384412 -0.90638597024 -0.21139698459 1
"PCA_SD_02385" -1.1774102477225 0.891017681247501 0.287702234207501 -0.00130966773249952 1
"PCA_SD_02350" -1.24467762129775 2.04564016213225 0.24740182857725 -1.04836436941175 1
"PCA_SD_02362" -1.0226181531075 0.8164792789525 -1.0168382702375 1.2229771443925 1
"PCA_SD_02315" -2.10401786494325 1.92181585692775 0.10776009344775 0.07444191456775 1
"PCA_SD_02322" -1.82087619090575 1.07971593088425 1.47333915444425 -0.73217889442275 1
"PCA_SD_02373" -1.62710263537275 2.30987298528125 0.21707603965125 -0.89984638955975 1
"PCA_SD_06023" -1.1163116748875 2.1366243107425 -0.4238122594375 -0.5965003764175 1
"PCA_SD_07376" -1.4385507481275 2.0101634199225 -0.0657954970075005 -0.5058171747875 1
"PCA_SD_06296" -0.89413097075 2.75550004525 -0.8751419589 -0.9862271156 1
"PCA_SD_03771" -1.23364152664013 0.734971722949875 0.820483929739875 -0.321814126049625 1
"PCA_SD_03758" -0.320169208689999 1.44866178445 -1.58812384593 0.45963127017 1
"PCA_SD_03518" -0.784061372185 1.001610062695 0.00494746609499863 -0.222496156605001 1
"PCA_SD_07065" -0.884594972925 3.086276609145 -2.023686482475 -0.177995153745 1
"PCA_SD_06253" -0.456708305725 1.744498740275 -0.396971907725 -0.890818526824999 1
"PCA_SD_03076" -2.0818668193725 3.0050980909475 0.5742913211075 -1.4975225926825 1
"PCA_SD_04001" -2.36792545134975 0.70505733251325 -1.15863099434675 2.82149911318325 1
"PCA_SD_04027" 0.0289431248424998 1.9466596816425 -1.6986706803175 -0.2769321261675 1
"PCA_SD_04021" -1.984117115 2.79660997384 -0.391723528989999 -0.42076932985 1
"PCA_SD_03992" -2.09538778355 2.24437342595 -0.0320030125499997 -0.11698262985 1
"PCA_SD_04590" -1.765351413255 2.894995268935 -0.0123231533749997 -1.117320702305 1
"PCA_SD_06933" -2.23147063040825 2.43475805736175 -0.24718184862525 0.0438944216717501 1
"PCA_SD_09127" -2.0176645859925 2.0496422645375 -0.2029751249625 0.1709974464175 1
"PCA_SD_07125" -1.300204838818 2.550176627839 0.564885941419 -1.81485773044 1
"PCA_SD_07111" -1.473081089968 0.115319387376 0.540555950566 0.817205752026 1
"PCA_SD_11482" -2.5704287392 2.67630070656 -0.4788921779 0.37302021054 1
"PCA_SD_04500" -2.64879880436 2.16912665348 -0.18966591518 0.66933806606 1
"PCA_SD_04480" -1.08191762477 0.326115004389999 0.650973784289999 0.10482883609 1
"PCA_SD_03854" -0.8745288966375 -0.5983664788975 1.2566788997225 0.2162164758125 1
"PCA_SD_03838" -0.5968913376575 1.4626946041525 -0.236001678007501 -0.629801588487501 1
"PCA_SD_04867" -0.91212813598 0.960204830419999 -0.14193591407 0.0938592196299997 1
"PCA_SD_04874" -1.79984875955725 2.09267576605575 -0.42499062280425 0.13216361630575 1
"PCA_SD_05791" -2.0799681504425 2.8211026169475 -0.4920933543825 -0.249041112122501 1
"PCA_SD_05817" -1.82480339852875 2.82168479596725 -0.33119780822975 -0.66568358920875 1
"PCA_SD_05772" -2.48703470138775 1.90226372208925 0.77698760640925 -0.19221662711075 1
"PCA_SD_09401" -1.86745366091 3.72146081306 -0.674187540409999 -1.17981961174 1
"PCA_SD_09388" -1.3522885317575 2.9427342097325 -0.4019734925175 -1.1884721854575 1
"PCA_SD_08261" -1.8393750641425 3.8156424980175 -0.8873800392825 -1.0888873945925 1
"PCA_SD_06790" 0.26015405029 1.66387639389 -1.6758791735 -0.24815127068 1
"PCA_SD_07508" -0.562588722847501 0.990914996472499 0.105791011272499 -0.534117284897501 1
"PCA_SD_06133" -1.298981743665 1.056805347855 -0.0845817045449984 0.326758100355001 1
"PCA_SD_06109" -2.09173036195725 2.31839220524575 0.20199014613575 -0.42865198942425 1
"PCA_SD_06120" -0.538977756175 1.197387039895 0.393267623795 -1.051676907515 1
"PCA_SD_07020" -0.7505700165825 0.486804518787499 0.0431375726075007 0.2206279251875 1
"PCA_SD_06096" -0.611337747469999 1.41468315733 -0.0884397417199985 -0.71490566814 1
"PCA_SD_06081" -1.28114332313 0.119002633209999 -2.55835565868 3.7204963486 1
"PCA_SD_07269" -1.9788865704025 0.752806623167499 0.411125012867499 0.814954934367499 1
"PCA_SD_08510" -0.102599236337499 1.7651256187625 -0.4016966652375 -1.2608297171875 1
"PCA_SD_08512" -1.129338825875 1.809885529925 -0.212932031775001 -0.467614672275001 1
"PCA_SD_05281" -1.347534361335 1.761685764265 0.462637955615 -0.876789358545 1
"PCA_SD_04638" -0.7050479956225 3.1564227846975 -1.6898624247025 -0.7615123643725 1
"PCA_SD_04627" 0.682115992565 1.760005554965 -1.983392816515 -0.458728731015 1
"PCA_SD_06373" -1.196843156975 0.511095202325 0.00704618182500028 0.678701772825001 1
"PCA_SD_06358" -2.00326735101925 0.72191348922975 -0.94460682746025 2.22596068924975 1
"PCA_SD_07715" 0.8191865654 1.56418707828 -2.49053975989 0.10716611621 1
"PCA_SD_10100" -1.47001455526775 2.83867397883225 0.35715433526325 -1.72581375882775 1
"PCA_SD_05529" -0.582749427196 0.00619880600199996 -0.223585320768 0.800135941962 1
"PCA_SD_05554" -2.7285572628975 0.921379572892501 -1.1926545841375 2.9998322741425 1
"PCA_SD_05679" -3.36710676480935 1.43560853848645 -0.89725934860355 2.82875757492645 1
"PCA_SD_05688" -2.3323719958575 2.5022625045125 -1.1503476252675 0.9804571166125 1
"PCA_SD_05406" -1.35950155032 1.31583552433 -2.67235458132 2.71602060731 1
"PCA_SD_05398" -1.7663468815 0.9904895734 -0.0820035255000002 0.8578608336 1
"PCA_SD_08872" -0.89582963734 2.16901915383 -0.84882529754 -0.42436421895 1
"PCA_SD_10869" -1.31928875863 1.7284790042 -1.50452394043 1.09533369486 1
"PCA_SD_06593" -1.458172751885 1.932367747685 -1.399322949215 0.925127953415 1
"PCA_SD_06591" -1.903847314205 0.401071329035 -0.106436144765 1.609212129935 1
"PCA_SD_06625" -1.81473257772725 2.23562196009275 0.78504459362275 -1.20593397598825 1
"PCA_SD_07799" -0.771511933255 2.447478412445 -1.350232323435 -0.325734155755 1
"PCA_SD_07774" -1.10250904715 2.77305522285 -1.23718841825 -0.433357757449999 1
"PCA_SD_08853" -1.74674065292475 1.61652714157825 -0.75817980117175 0.88839331251825 1
"PCA_SD_08825" -1.1896809905815 1.1947358959635 0.0307269342295 -0.0357818396115001 1
"PCA_SD_08824" -1.9580194129325 3.2505859900475 -0.6702701910025 -0.6222963861125 1
"PCA_SD_10397" -0.597831514839 0.530046595569 0.122800569911 -0.055015650641 1
"PCA_SD_07309" -2.64254914013575 2.03755165083525 -0.22081456852475 0.82581205782525 1
"PCA_SD_07277" -0.5795892864605 -0.2741215752185 -0.2218899999555 1.0756008616345 1
"PCA_SD_08544" -1.028196831279 1.270502190953 0.0319453494729998 -0.274250709147 1
"PCA_SD_12280" -1.7729955045 1.4373198974 0.7628481963 -0.4271725892 1
"PCA_SD_07847" -1.9734185237045 2.3875491051855 -0.0660931694394999 -0.3480374120415 1
"PCA_SD_07877" -1.4972532942675 1.9670843699125 -0.4221340481875 -0.0476970274575002 1
"PCA_SD_07903" -1.79308695795025 2.56413163030475 -0.33228037393925 -0.43876429841525 1
"PCA_SD_09620" -0.13007464941 1.43821128364 -3.16410692059 1.85597028636 1
"PCA_SD_07696" -1.8887314675925 0.3863409568475 -2.7167643779525 4.2191548886975 1
"PCA_SD_07666" -0.158124925272499 1.7197632353975 -0.5600620477625 -1.0015762623625 1
"PCA_SD_08029" -0.973692722427501 -0.6067050407075 0.9380214129325 0.6423763502025 1
"PCA_SD_04989" -0.721647036512499 1.0408604668775 -0.0380091892224996 -0.281204241142499 1
"PCA_SD_05034" -1.275254423265 2.495441974595 -1.408712688865 0.188525137535 1
"PCA_SD_05360" 0.380708125217501 1.2941274897475 -2.0079689725725 0.3331333576075 1
"PCA_SD_05348" -1.118714929911 1.492277779206 0.175833470802 -0.549396320097 1
"PCA_SD_07622" -2.090528461001 2.449902450327 -1.346550598673 0.987176609347 1
"PCA_SD_07621" -0.155370569742501 1.0946794688575 -0.428076778062501 -0.5112321210525 1
"PCA_SD_08925" -1.163682611957 -0.458290619167 0.555027183007 1.066946048117 1
"PCA_SD_08424" -2.53950113665 0.967181594649999 0.958772930949999 0.613546611049999 1
"PCA_SD_12571" -1.733572671564 1.676416063573 0.687389450543 -0.630232842552 1
"PCA_SD_10779" -0.732281590125 1.677549620575 -0.412665276924999 -0.532602753525 1
"PCA_SD_10360" -1.482588489915 1.721630623045 0.169746518065 -0.408788651195001 1
"PCA_SD_10029" -1.8024757608825 0.00158472321749992 1.0028275668575 0.7980634708075 1
"PCA_SD_05723" -1.7616198589525 0.7161678314475 -0.00436771949250003 1.0498197469975 1
"PCA_SD_05737" -1.495364505975 0.200844599625 1.191337264325 0.103182642025001 1
"PCA_SD_11312" -2.2372754957475 0.5824258914025 1.2676669430425 0.3871826613025 1
"PCA_SD_11290" -1.48400366217 2.80026124536 -1.01829727941 -0.29796030378 1
"PCA_SD_11286" -0.71720715800165 0.75540332271335 0.15810980303635 -0.19630596774805 1
"PCA_SD_12204" -0.616175622475 1.360884686605 -0.368135168444999 -0.376573895684999 1
"PCA_SD_10654" -1.07899676896575 1.12158675295525 -0.63563593618475 0.59304595219525 1
"PCA_SD_09906" -1.6423375668425 3.9571959900075 -1.3303052180125 -0.9845532051525 1
"PCA_SD_11154" -1.6342341373805 1.4021947844645 0.6637022478945 -0.4316628949785 1
"PCA_SD_13926" -1.8748273236775 2.8211920130625 -1.0387754731875 0.0924107838024995 1
"PCA_SD_16343" -0.563509744699999 -0.597144034699999 1.7879620274 -0.627308247999999 1
"PCA_SD_06659" -1.4122774780325 1.9723489101675 -0.1105454788225 -0.4495259533125 1
"PCA_SD_10176" -1.454396931566 1.117790813721 1.237921647181 -0.901315529336 1
"PCA_SD_08696" -0.88119003860875 0.54934628029425 0.13513400472325 0.19670975359125 1
"PCA_SD_08697" -1.5915199563825 -0.3405394249845 0.6512403548285 1.2808190265385 1
"PCA_SD_18642" -1.18475333861475 0.0836444820022499 0.02972709709225 1.07138175952025 1
"PCA_SD_12080" -1.473157912145 1.676867559415 0.444644625415 -0.648354272685001 1
"PCA_SD_10420" -0.843075520885 2.959902958385 -1.004257135865 -1.112570301635 1
"PCA_SD_13805" -3.2050352329875 0.983894300562499 1.6071563305625 0.6139846018625 1
"PCA_SD_12686" -1.843867645875 1.457196831125 0.284190070425 0.102480744325 1
"PCA_SD_12695" -1.3584051526625 0.7432014553775 -0.7292054958625 1.3444091931475 1
"PCA_SD_15690" -1.7355434808525 1.2613925075175 0.0898428352674987 0.3843081380675 1
"PCA_SD_18868" -2.3731331001375 2.1766171997725 -0.4443885874475 0.6409044878125 1
"PCA_SD_12711" -2.25763520455 2.39505395337 -0.69089643093 0.55347768211 1
"PCA_SD_13979" -0.904738633530025 -0.399183356379025 1.05383774631298 0.250084243596075 1
"PCA_SD_13677" -1.8748822081625 2.7553068530875 0.8567023706375 -1.7371270155625 1
"PCA_SD_08590" -2.3925207563825 2.2212622258575 0.0895580187874998 0.0817005117375 1
"PCA_SD_11249" -1.55419684754075 0.93616146629025 -0.54378843304975 1.16182381430025 1
"PCA_SD_13004" -1.0057194623275 -0.9251648162875 1.4500712913225 0.4808129872925 1
"PCA_SD_16165" -1.91841017748793 1.32404264205597 0.069963839605975 0.524403695825975 1
"PCA_SD_14241" -2.203693066734 0.589916702988 -0.512709704392 2.126486068138 1
"PCA_SD_12660" -1.440263431285 -0.0173908462150001 1.153704203325 0.303950074175 1
"PCA_SD_12640" -1.6343241778575 0.5861806784425 0.2563475720025 0.7917959274125 1
"PCA_SD_11979" -1.9204393013575 1.5666729026925 0.6231734563625 -0.269407057697499 1
"PCA_SD_11994" -1.4948856332525 1.2524702262275 -1.0606157943025 1.3030312013275 1
"PCA_SD_12927" -1.675440911735 3.077270029165 -0.662065463175 -0.739763654254999 1
"PCA_SD_09801" -1.1123011730275 0.1111947316325 0.178684829162501 0.822421612232501 1
"PCA_SD_10594" -1.69353433591125 -0.34848380149725 -0.01211807325125 2.05413621065975 1
"PCA_SD_13315" -2.95126995631775 1.96957217123925 -0.43195258944075 1.41365037451925 1
"PCA_SD_13074" -2.8373484719225 1.5656396516075 1.1417344476075 0.129974372707499 1
"PCA_SD_14471" -2.09875725177475 1.44144192655825 -0.37864554023175 1.03596086544825 1
"PCA_SD_14470" -0.634629329405 -0.556352651445 1.348756431775 -0.157774450924999 1
"PCA_SD_12337" -1.317648884158 1.110819213383 -0.084933732688 0.291763403463 1
"PCA_SD_20558" -1.65732013673 -0.54084196567 1.39169389175 0.80646821065 1
"PCA_SD_12506" -0.8759919195175 0.1162254927525 -0.1081752973375 0.8679417241025 1
"PCA_SD_09530" -1.55790330755457 2.55948516588242 -0.071561799780575 -0.930020058547275 1
"PCA_SD_13147" -1.7060201635805 1.7530493920865 -0.2710653571225 0.2240361286165 1
"PCA_SD_12475" -1.623850475925 2.225591653875 -0.183019537775 -0.418721640175 1
"PCA_SD_13944" -1.95867826909075 1.37787774497025 -0.83273129386975 1.41353181799025 1
"PCA_SD_13893" -2.38848045306675 1.12907636527225 0.18315913745225 1.07624495034225 1
"PCA_SD_14331" -1.4893852238975 3.0694234653625 -2.2161742325975 0.6361359911325 1
"PCA_SD_14188" -2.3982488914045 2.2288874535055 -0.3466232777365 0.5159847156355 1
"PCA_SD_22167" -0.42746344822 -0.603202518640001 1.34132034354 -0.310654376680001 1
"PCA_SD_10894" -2.1633370812675 2.7105649747625 0.0182797160124997 -0.5655076095075 1
"PCA_SD_17046" -1.01911498203325 0.87700254199575 -0.00598397036824994 0.14809641040575 1
"PCA_SD_19108" -0.996732235035001 0.648276964174999 -0.376108308815001 0.724563579674999 1
"PCA_SD_16014" -1.89993450066 1.06876353875 -0.5919164673 1.42308742921 1
"PCA_SD_14865" -0.4082951347525 -0.3245982757125 1.2339602397475 -0.5010668292825 1
"PCA_SD_22009" -0.30231998469 1.32674079214 -0.83448479518 -0.18993601227 1
"PCA_SD_15946" -2.770999851245 1.795831106165 -1.594285903395 2.569454648475 1
"PCA_SD_13386" -2.27848098045625 2.14609469944875 -0.40829938600125 0.54068566700875 1
"PCA_SD_15144" -1.476268508915 1.880592526455 -0.277092617745 -0.127231399795 1
"PCA_SD_20840" -1.6316141328775 1.7737919852225 1.3040248835625 -1.4462027359075 1
"PCA_SD_21278" -0.57559966243 1.46012895598 -0.44824505668 -0.43628423687 1
"PCA_SD_17747" -1.372718907182 2.570647804458 0.379041392876 -1.576970290152 1
"PCA_SD_17416" -2.549200391247 1.984000988606 1.349438860296 -0.784239457655 1
"PCA_SD_15761" -0.866949088167 0.034823362553 0.023064560899 0.809061164715 1
"PCA_SD_16744" -1.1482794155 1.2695004681 0.1249300909 -0.246151143500001 1
"PCA_SD_16752" -1.62885860472925 1.34573770529975 0.0863978808297499 0.19672301859975 1
"PCA_SD_15983" -1.7954539497425 1.7908386610875 -1.4572976048325 1.4619128934875 1
"PCA_SD_15976" -1.79717232580575 3.16378688330525 0.74463542491525 -2.11124998241475 1
"PCA_SD_18734" -1.522435686047 1.376016474029 -0.754548850011 0.900968062029 1
"PCA_SD_18403" -1.97657888519 2.58668281045 0.55012671384 -1.1602306391 1
"PCA_SD_10923" -1.7872179054125 -0.6047152008525 2.4030341672275 -0.0111010609625 1
"PCA_SD_16237" 0.417068411525 1.484918647625 -1.523339444165 -0.378647614985 1
"PCA_SD_18631" -0.5234548172325 1.0591730487175 -1.4199429556225 0.8842247241375 1
"PCA_SD_19463" -0.90871703118255 3.27653073953245 -0.65492454467755 -1.71288916367235 1
"PCA_SD_17843" -1.394078229965 1.513433909055 -0.291478407545 0.172122728455001 1
"PCA_SD_18415" -2.00943362434375 2.53234826743125 -0.51471706935875 -0.00819757372875007 1
"PCA_SD_22445" -1.08539543951 0.0363305409499999 0.21879951091 0.83026538765 1
"PCA_SD_17475" -0.96313114002025 0.66290606400675 -0.48028959757325 0.78051467358675 1
"PCA_SD_20236" -2.7103431222025 0.8486475829075 1.4265708954075 0.4351246438875 1
"PCA_SD_18344" -1.755753426485 0.992197610355 0.543432611805 0.220123204325 1
"PCA_SD_24046" -2.9525929700275 1.2238602624825 0.5507415501125 1.1779911574325 1
"PCA_SD_22612" -0.977979020399999 2.070383207 0.0279361935000004 -1.1203403801 1
"PCA_SD_22613" -1.5723516683375 1.6190047939325 -1.4280487985375 1.3813956729425 1
"PCA_SD_18747" -1.3179020641875 0.9417710614025 -1.0687099035375 1.4448409063225 1
"PCA_SD_16287" -1.8566230942575 2.3617062452525 0.3621983167225 -0.8672814677175 1
"PCA_SD_20688" -2.02077871592675 2.14218664012225 -1.10501910964775 0.98361118545225 1
"PCA_SD_18824" -0.9888099458075 0.6488590138025 0.142240458422501 0.1977104735825 1
"PCA_SD_23961" -1.244683689026 1.044244551832 0.153865691612 0.0465734455819999 1
"PCA_SD_21236" -2.49440790184425 2.96493728063475 -0.79693711924525 0.32640774045475 1
"PCA_SD_26163" -1.202007356595 2.266948611495 -1.474303568325 0.409362313425 1
"PCA_SD_20183" -1.0167212667735 1.3687224697485 0.2299435362605 -0.5819447392355 1
"PCA_SD_25697" -1.47735668864892 3.21661641957497 -0.424673134645025 -1.31458659628103 1
"PCA_SD_21837" -2.38251436556 1.88319442441 0.60467479371 -0.10535485256 1
"PCA_SD_23361" -1.5507921181 -0.05913059458 0.0838149339800003 1.5261077787 1
"PCA_SD_23796" -0.50648141664 1.1864071206 -1.40118151815 0.72125581419 1
"PCA_SD_22459" -1.1198883705474 -1.0164110196442 1.6096738141358 0.5266255760558 1
"PCA_SD_24986" -1.09931316591725 0.80449698049675 0.12343348125675 0.17138270416375 1
"PCA_SD_00581" 0.931758127964999 1.930238609575 -1.541468299875 -1.320528437665 2
"PCA_SD_00308" 4.1425868467075 -0.9235474320625 -1.1384991073225 -2.0805403073225 2
"PCA_SD_01003" 2.7734505738325 0.7312921675825 -1.4779861610275 -2.0267565803875 2
"PCA_SD_00991" 0.456317220953075 1.77712686262307 -0.548544663856925 -1.68489941971922 2
"PCA_SD_02452" 2.4602220806475 0.3358854753575 -1.8060928567325 -0.9900146992725 2
"PCA_SD_02432" 2.515361277985 1.564796404505 0.824986927605 -4.905144610095 2
"PCA_SD_01226" 2.0580906047275 1.4617617297475 1.0314333644375 -4.5512856989125 2
"PCA_SD_01138" 1.58216639024635 -0.43094357534405 0.14661210170335 -1.29783491660565 2
"PCA_SD_01686" 3.7310298708725 -0.7557412463275 -1.6089760956675 -1.3663125288775 2
"PCA_SD_01746" 1.81518225528 1.73694915377 -0.41513908128 -3.13699232777 2
"PCA_SD_01745" 3.280711500855 2.006238809625 -0.108942001165 -5.178008309315 2
"PCA_SD_02172" 2.0266508282175 -0.105180082352501 -1.1366498783325 -0.784820867532501 2
"PCA_SD_02288" 3.369643155265 1.313250896555 0.817963970065001 -5.500858021885 2
"PCA_SD_02797" 2.156561712215 1.822085944315 -1.954668587825 -2.023979068705 2
"PCA_SD_02921" 2.48333659268 -0.81236351894 -0.18897406322 -1.48199901052 2
"PCA_SD_04302" 2.3093538257675 -0.4330398832325 -0.5126741582325 -1.3636397843025 2
"PCA_SD_02540" 2.544606324175 -0.610057953025001 -0.796246944825 -1.138301426325 2
"PCA_SD_02567" 3.210173816195 0.859919216985 -3.020100977875 -1.049992055305 2
"PCA_SD_08127" 3.32467294009 -0.11466477751 -0.84903430015 -2.36097386243 2
"PCA_SD_07379" 2.4218471959225 1.1486064936225 -2.5354259283775 -1.0350277611675 2
"PCA_SD_04157" 2.97929912976 1.85724470626 0.729746438799999 -5.56629027482 2
"PCA_SD_03470" 1.9887474662725 1.2675772590725 -1.8260201497475 -1.4303045755975 2
"PCA_SD_03458" 2.677929097565 -0.401190108515 -1.256254476225 -1.020484512825 2
"PCA_SD_03502" 2.186349196855 1.716833735355 -2.928914459735 -0.974268472475 2
"PCA_SD_04019" 1.2012487202025 0.1554166593825 -0.5321207824275 -0.8245445971575 2
"PCA_SD_04591" 1.6031696132425 1.2102183616725 -0.934548225767499 -1.8788397491475 2
"PCA_SD_05136" 2.47887386579 1.21763203849 0.67265807295 -4.36916397723 2
"PCA_SD_05144" 1.1873115738775 0.5912970683775 -0.764097603822501 -1.0145110384325 2
"PCA_SD_03869" 3.1918917642675 1.4671678156275 -2.7733054548625 -1.8857541250325 2
"PCA_SD_09552" 3.0293559919225 -0.4548197714975 -1.0503746925575 -1.5241615278675 2
"PCA_SD_04823" 2.79815242443425 0.47181630994425 -0.71767187021575 -2.55229686416275 2
"PCA_SD_06463" 3.3005150955225 1.6286362670925 1.0477137768225 -5.9768651394375 2
"PCA_SD_06105" 2.74152013249375 0.62682926341375 0.19173761738375 -3.56008701329125 2
"PCA_SD_08495" 0.680582466445 1.077090306435 -1.009173634045 -0.748499138835 2
"PCA_SD_08490" 2.024935098325 0.0963626061749996 -0.684053844025 -1.437243860475 2
"PCA_SD_05272" 2.8052007438225 1.1375787167225 -0.4663024644275 -3.4764769961175 2
"PCA_SD_07184" 1.09490697882 0.01901677598 0.57945774574 -1.69338150054 2
"PCA_SD_08882" 1.60360345774 1.30543751706 -0.43551915688 -2.47352181792 2
"PCA_SD_10879" 2.884540561195 1.343895859895 0.300762776594999 -4.529199197685 2
"PCA_SD_10878" 2.588440800085 1.118350672685 0.480158763284999 -4.186950236055 2
"PCA_SD_06583" 3.488352203175 -1.712786224295 -0.0196762690050001 -1.755889709875 2
"PCA_SD_07322" 1.615890535975 0.949955822954999 -0.353893287735001 -2.211953071195 2
"PCA_SD_07321" 1.4498417813475 0.835178993887499 -0.3786794104425 -1.9063413647925 2
"PCA_SD_07880" 2.5900905792075 1.8721167215775 -0.6831577698225 -3.7790495309625 2
"PCA_SD_09613" 2.26132361247 1.39384501895 -0.41793002086 -3.23723861056 2
"PCA_SD_10687" 2.659124552345 0.0860750722450003 -0.712560620954999 -2.032639003635 2
"PCA_SD_10676" 0.2647482439025 3.2061881875625 -1.5294437742175 -1.9414926572475 2
"PCA_SD_09673" 3.0824311866375 0.8358981063375 -1.7811319149225 -2.1371973780525 2
"PCA_SD_15709" 1.9692512491825 1.4579492644725 -1.2887124849675 -2.1384880286875 2
"PCA_SD_15703" 1.331430169125 0.682766434955 0.485730740075 -2.499927344155 2
"PCA_SD_15698" 1.8757652382765 2.0572629650965 0.704405543026501 -4.6374337463995 2
"PCA_SD_15697" 0.790812000074 1.435149035474 0.0603976351380001 -2.286358670686 2
"PCA_SD_11224" 0.2279015679775 2.3608518211575 -0.6136254138725 -1.9751279752625 2
"PCA_SD_15320" 2.25270799496 1.56161720553 -1.88532373974 -1.92900146075 2
"PCA_SD_09819" 1.688578706925 0.0969192426250007 -0.808379765674999 -0.977118183875 2
"PCA_SD_10615" 1.4606920989375 2.1104967575575 -1.1257514110825 -2.4454374454125 2
"PCA_SD_13294" 2.3851726948105 0.3702018486505 -0.4262417860595 -2.3291327574015 2
"PCA_SD_13033" 3.688555357205 0.222478792255 -1.940569736165 -1.970464413295 2
"PCA_SD_17994" 4.25726696519425 2.75407885486425 -0.48902691682575 -6.52231890323275 2
"PCA_SD_13160" 1.91150774091975 2.62769142773975 -1.56326520970025 -2.97593395895925 2
"PCA_SD_14911" 2.92945669766 0.0527138307900001 -0.93782677779 -2.04434375066 2
"PCA_SD_12412" 3.47401455913 -0.66565800753 -1.25766917146 -1.55068738014 2
"PCA_SD_14646" 0.326132767317501 2.5235872951175 -1.0910973253425 -1.7586227370925 2
"PCA_SD_11063" 0.54146933681 2.03449229974 -0.62033288202 -1.95562875453 2
"PCA_SD_16055" 2.3812079939925 0.6269947201825 -2.0388065792075 -0.9693961349675 2
"PCA_SD_18257" 2.7901357044975 0.9706224862675 -0.632945472212501 -3.1278127185525 2
"PCA_SD_18256" 3.2639560706775 1.7062095054275 0.0209505294775001 -4.9911161055825 2
"PCA_SD_18401" 1.5744710126375 -0.2702595135825 -0.2367547565125 -1.0674567425425 2
"PCA_SD_15995" 2.525998396545 2.009696223055 -0.268290333794999 -4.267404285805 2
"PCA_SD_23304" 2.841885176394 -0.909662351628 0.567320491224 -2.49954331599 2
"PCA_SD_17464" 2.9945240654125 0.2487357067525 0.495028220182499 -3.7382879923475 2
"PCA_SD_20872" 3.177141149975 -0.140515742424999 -2.068812903935 -0.967812503614999 2
"PCA_SD_23081" 0.558916314 1.42122992996 -0.48047456779 -1.49967167617 2
"PCA_SD_18819" 2.5019788955 1.14513549556 -2.35650636022 -1.29060803084 2
"PCA_SD_25782" 2.1772272809675 1.5944975478375 -1.1250756489525 -2.6466491798525 2
"PCA_SD_22455" 0.55403938981775 2.05234234356775 -0.99918529880225 -1.60719643458325 2
"PCA_SD_25687" 1.71838421231725 1.18221287159725 0.90111780940725 -3.80171489332175 2
"PCA_SD_25683" 1.77789997739075 2.14630128512075 1.29205078867075 -5.21625205118225 2
"PCA_SD_00149" 4.518806645135 -0.993056032735001 -3.321084640305 -0.204665972095 3
"PCA_SD_00178" 5.6278902795925 -1.1722532375475 -2.3682095027175 -2.0874275393275 3
"PCA_SD_00103" 6.65039775306 -0.843784047510001 -2.67407309129 -3.13254061426 3
"PCA_SD_01340" 8.80610064268 0.113097382289999 -2.17745880339 -6.74173922158 3
"PCA_SD_01339" 6.8591528497 -1.45114939897 -3.63760658508 -1.77039686565 3
"PCA_SD_02736" 6.0857798902225 -2.5398311079875 -2.1016422192775 -1.4443065629575 3
"PCA_SD_02772" 7.015703726395 0.544297925275 -2.948983413135 -4.611018238535 3
"PCA_SD_04215" 7.1904578832425 0.385362543642501 -3.1460333416475 -4.4297870852375 3
"PCA_SD_02853" 7.17488749281 0.619242714669999 -2.85945830267 -4.93467190481 3
"PCA_SD_03294" 5.562142723205 0.225262710405 -3.523034132515 -2.264371301095 3
"PCA_SD_03290" 6.8403892755725 1.4519868132925 -2.9641809916175 -5.3281950972475 3
"PCA_SD_03284" 5.2413768891425 0.5243551589425 -4.2014535737775 -1.5642784743075 3
"PCA_SD_03289" 6.7270478766475 1.4802763118675 -3.5318671711525 -4.6754570173625 3
"PCA_SD_03747" 6.0998186169375 -0.9212812107125 -3.5284054398525 -1.6501319663725 3
"PCA_SD_03739" 7.06703747969 0.157877007129999 -3.05313447575 -4.17178001107 3
"PCA_SD_07075" 4.8348958210315 1.0846515796915 -2.1499445854985 -3.7696028152245 3
"PCA_SD_06797" 5.97804087443 0.94074140913 -1.97924743697 -4.93953484659 3
"PCA_SD_07718" 6.5705528118875 0.342373978227501 -3.7908862183825 -3.1220405717325 3
"PCA_SD_08885" 5.5834037122 -0.83462363684 -2.59045351543 -2.15832655993 3
"PCA_SD_08874" 4.537862822345 0.780969807335 -1.869257705345 -3.449574924335 3
"PCA_SD_10870" 5.7171122114475 0.00511440816749964 -3.8608378613325 -1.8613887582825 3
"PCA_SD_07798" 7.3219231132775 1.2808537561875 -3.1585385446925 -5.4442383247725 3
"PCA_SD_08851" 6.25212499113 -2.53955690484 -3.7683846652 0.05581657891 3
"PCA_SD_08557" 6.871399909465 -1.387218131255 -2.645153098155 -2.839028680055 3
"PCA_SD_07825" 6.770125838005 0.515224366995001 -2.544485266915 -4.740864938085 3
"PCA_SD_09611" 7.885147869735 1.056738615835 -3.450163759015 -5.491722726555 3
"PCA_SD_05317" 4.0002562687625 1.6152664372525 -3.9301816071075 -1.6853410989075 3
"PCA_SD_05720" 5.4972971925325 0.5940949990025 -2.1946099199475 -3.8967822715875 3
"PCA_SD_10689" 6.25606589184 1.17691493951 -3.55013659588 -3.88284423547 3
"PCA_SD_11130" 6.8304968666175 0.8407422651775 -4.1895164507025 -3.4817226810925 3
"PCA_SD_11343" 6.725538723825 0.821411787055 -4.405747270665 -3.141203240215 3
"PCA_SD_06444" 7.0102681690925 -0.9213594718475 -2.7859764152675 -3.3029322819775 3
"PCA_SD_12676" 5.24453882101 1.28596146652 -2.76137849294 -3.76912179459 3
"PCA_SD_11247" 8.31068638289775 0.134455795297749 -2.98509962590225 -5.46004255229325 3
"PCA_SD_14258" 4.04047618961 0.743561108210001 -5.57798673073 0.793949432909999 3
"PCA_SD_12925" 6.222301909905 -1.368314530565 -3.481151456755 -1.372835922585 3
"PCA_SD_15041" 7.3108216471275 1.0727760451275 -3.4209502403225 -4.9626474519325 3
"PCA_SD_13291" 6.29180761255 0.28511294682 -1.62256317261 -4.95435738676 3
"PCA_SD_12341" 6.2238087560875 -0.2749444195825 -3.7125531591925 -2.2363111773125 3
"PCA_SD_14956" 5.9711947304775 -1.0597153185625 -2.7043333683825 -2.2071460435325 3
"PCA_SD_13818" 6.2431534717175 0.2743001613175 -3.8085181150325 -2.7089355180025 3
"PCA_SD_13819" 7.0778340647575 0.634045586297501 -3.7326143878225 -3.9792652632325 3
"PCA_SD_14892" 5.9255395589575 -0.914600461892501 -3.8201625367725 -1.1907765602925 3
"PCA_SD_21688" 6.98897974164 0.80032559134 -4.74481770383 -3.04448762915 3
"PCA_SD_21687" 6.70295561749 0.76835788549 -4.11576336161 -3.35555014137 3
"PCA_SD_15649" 7.54720609148 1.01420202008 -2.99674920666 -5.5646589049 3
"PCA_SD_17040" 5.5787525474325 0.5012905124825 -2.8086812104975 -3.2713618494175 3
"PCA_SD_13662" 5.3461092221275 1.7655880197975 -2.1388421940425 -4.9728550478825 3
"PCA_SD_21270" 5.076095176685 1.092581810185 -2.148477429415 -4.020199557455 3
"PCA_SD_21351" 8.33563091297 0.80912565534 -3.56306084306 -5.58169572525 3
"PCA_SD_10919" 6.4487871433205 -0.3773531671795 -2.0612909387295 -4.0101430374115 3
"PCA_SD_17842" 4.8167116728875 -0.9537317952625 -1.8979064907725 -1.9650733868525 3
"PCA_SD_17844" 6.10086151816 -0.49744328552 -3.36172866153 -2.24168957111 3
"PCA_SD_17456" 4.9978393726475 -2.3754212237025 -2.2370732992525 -0.3853448496925 3
"PCA_SD_25177" 4.1240918407525 0.1809380402525 -2.5534684966075 -1.7515613843975 3
"PCA_SD_00079" -6.110886334959 4.587403312673 1.026099856543 0.497383165743 4
"PCA_SD_00232" -6.9230920272705 5.7958220561235 0.4497788843135 0.677491086833499 4
"PCA_SD_02041" -7.24941251064925 4.00496811536975 1.77613574603975 1.46830864923975 4
"PCA_SD_00393" -5.336341744154 3.914272170818 1.567143451278 -0.145073877942 4
"PCA_SD_01130" -8.3628703581245 5.2234934965115 3.3614175633115 -0.2220407016985 4
"PCA_SD_00743" -5.58685029440825 3.88726403334275 0.98242260535275 0.71716365571275 4
"PCA_SD_01817" -5.86100688055725 3.88730909285575 1.88198176141575 0.0917160262857504 4
"PCA_SD_01832" -6.82040909088025 4.44630766845675 1.83290716430675 0.54119425811675 4
"PCA_SD_01355" -6.22128011040925 4.62562852464975 1.39360070766975 0.20205087808975 4
"PCA_SD_01301" -9.25703166946015 6.14384481697005 2.61231608897005 0.50087076352005 4
"PCA_SD_01329" -6.40955506377825 4.55102390277275 1.70843965508275 0.15009150592275 4
"PCA_SD_01286" -6.1695359603125 5.5002393991275 -0.1220445595825 0.7913411207675 4
"PCA_SD_01566" -7.38194926782 5.84484355614 1.77286824174 -0.235762530060001 4
"PCA_SD_01573" -7.71848428262175 3.97019615549725 2.09450965459725 1.65377847252725 4
"PCA_SD_01575" -8.4757077892749 5.0351939109683 2.1209874454683 1.3195264328383 4
"PCA_SD_01556" -9.13525825083542 6.20911205937847 2.62634861677848 0.299797574678475 4
"PCA_SD_02648" -5.45849175659625 4.11104478257875 1.68335579367875 -0.33590881966125 4
"PCA_SD_02664" -5.9275229685485 4.3279234716295 1.0725731384495 0.527026358469501 4
"PCA_SD_02673" -6.89481837795275 5.15159461543425 2.15900519496425 -0.41578143244575 4
"PCA_SD_02816" -5.64500413827475 5.62273843202825 1.43751747728825 -1.41525177104175 4
"PCA_SD_03164" -5.77641422666 3.02773289889 1.9248762991 0.82380502867 4
"PCA_SD_03400" -6.42801339876 4.45903018546 1.71710806527 0.25187514803 4
"PCA_SD_04280" -5.14897416210875 5.13178989068625 0.57513886765625 -0.55795459623375 4
"PCA_SD_02895" -6.42125362016425 4.65307596116475 0.31314929120475 1.45502836779475 4
"PCA_SD_03307" -8.52839332710795 7.56938950162265 0.46776661078265 0.49123721470265 4
"PCA_SD_03292" -5.7829925865875 4.7082769781825 1.1816132085325 -0.106897600127501 4
"PCA_SD_03310" -7.1625562911365 5.2793720741155 2.1703555819055 -0.287171364884499 4
"PCA_SD_03551" -5.710598964471 5.967177191177 0.204267788627 -0.460846015333 4
"PCA_SD_04359" -5.3732746938025 3.9100858382675 2.2979035704275 -0.8347147148925 4
"PCA_SD_04053" -11.2507569700457 5.70399117111525 2.91488507381525 2.63188072511525 4
"PCA_SD_04056" -9.73839048536 6.23086017712 2.23512583682 1.27240447142 4
"PCA_SD_04099" -7.2962774472035 4.8605043147345 2.3459450049345 0.0898281275345001 4
"PCA_SD_08102" -6.8598312625065 4.8789403665155 1.5014509963755 0.4794398996155 4
"PCA_SD_08133" -7.21733685044475 5.41667096290825 2.34633888940825 -0.545673001871751 4
"PCA_SD_08117" -6.735309090313 5.258246520561 0.887318885221 0.589743684531 4
"PCA_SD_06014" -6.65614222909222 5.47486161285407 1.73158589683408 -0.550305280595924 4
"PCA_SD_03640" -5.67704956312775 4.57252960618925 0.35099141906925 0.75352853786925 4
"PCA_SD_03734" -7.28663636168625 4.46744096727875 2.03368457548875 0.785510818918749 4
"PCA_SD_04212" -7.7398482207435 5.8569723831445 1.6134057310245 0.2694701065745 4
"PCA_SD_03092" -5.9491242028175 4.7390662580725 0.2245192797825 0.9855386649625 4
"PCA_SD_03085" -5.434627678309 4.215912450363 1.408879669383 -0.190164441436999 4
"PCA_SD_04014" -5.943261450504 2.977492913838 1.537222475098 1.428546061568 4
"PCA_SD_04558" -5.89786242414875 3.89966114066625 1.66486133384625 0.33333994963625 4
"PCA_SD_04554" -6.64578445733425 5.21115042111475 0.74872195544475 0.68591208077475 4
"PCA_SD_04557" -5.726471025749 4.500658324433 0.455271998333 0.770540702982999 4
"PCA_SD_04543" -8.667497727968 6.274508944856 1.691577843056 0.701410940056 4
"PCA_SD_05855" -9.0744555891425 6.5623663184475 1.5698443693475 0.942244901347498 4
"PCA_SD_05867" -6.5998786979635 4.0449734568845 2.1569328034445 0.3979724376345 4
"PCA_SD_03891" -5.49325313782 5.13518919311 0.85948851981 -0.5014245751 4
"PCA_SD_09543" -6.58931409288145 5.06673520751715 1.10598888727715 0.41658999808715 4
"PCA_SD_06471" -6.81528179974075 4.87077740428025 1.12647573288025 0.81802866258025 4
"PCA_SD_09394" -6.7084593379725 2.8946306763475 2.8324304156475 0.9813982459775 4
"PCA_SD_08040" -6.907150345956 4.566856470682 2.070159534952 0.270134340322 4
"PCA_SD_06058" -6.705956354335 4.388167676715 1.946106614615 0.371682063005 4
"PCA_SD_05278" -5.4545508284155 4.7278823506585 1.5308658079985 -0.8041973302415 4
"PCA_SD_06399" -6.0642069026825 5.3394746715175 0.0129241483375004 0.711808082827501 4
"PCA_SD_05522" -5.67803595974025 6.19086000136675 -1.69277697712325 1.17995293549675 4
"PCA_SD_05524" -5.4208505121525 5.8572507414375 -0.9004901151925 0.464089885907501 4
"PCA_SD_05389" -7.4269471730265 5.7730483925355 1.2728949545255 0.381003825965499 4
"PCA_SD_05379" -6.37713181169375 4.87000640994125 1.41838969628125 0.0887357054712501 4
"PCA_SD_08897" -6.17002812672217 4.76871785966406 2.13743185129406 -0.736121584235943 4
"PCA_SD_06608" -7.7264195147525 5.2637950479975 1.7937254539375 0.668899012817501 4
"PCA_SD_08351" -5.76166121231725 4.52677895622575 0.13316779568575 1.10171446040575 4
"PCA_SD_06800" -8.738682715028 6.088830353856 2.076298527456 0.573553833716 4
"PCA_SD_10725" -7.40383922561025 5.90378011696675 0.812496700326751 0.687562408316751 4
"PCA_SD_08004" -5.97110028248382 4.64003197718128 0.952992910461275 0.378075394841275 4
"PCA_SD_07636" -6.196112327125 4.722143515255 1.341991006665 0.131977805205 4
"PCA_SD_07630" -7.1710629616385 5.2974184958695 1.2710717888595 0.6025726769095 4
"PCA_SD_07628" -6.55516875251045 4.90036068974015 1.64854287273015 0.0062651900401498 4
"PCA_SD_08434" -6.71900970632015 5.13532623197005 0.84228616985005 0.74139730450005 4
"PCA_SD_11717" -6.76964157069475 4.68370512147825 1.80994962687825 0.27598682233825 4
"PCA_SD_09847" -7.182594933892 5.459749092364 1.268794068454 0.454051773073999 4
"PCA_SD_09846" -7.26445462023875 4.92759929920625 1.70297099827625 0.63388432275625 4
"PCA_SD_10573" -7.1783768213959 5.5504929688153 -0.4318498270847 2.0597336796653 4
"PCA_SD_10564" -6.2365765799415 5.0965624483205 1.8690253452905 -0.7290112136695 4
"PCA_SD_11294" -8.67741940374082 6.05398262913027 1.96747766153027 0.655959113080275 4
"PCA_SD_09910" -6.36601754779225 3.83642017175075 1.72499424566075 0.80460313038075 4
"PCA_SD_15364" -5.282223507875 5.035609503715 0.331516833385001 -0.0849028292249994 4
"PCA_SD_06670" -7.52565579921425 5.35996723335475 2.20039027275475 -0.03470170689525 4
"PCA_SD_06446" -5.933361740141 5.438426459567 -0.406024465523 0.900959746097 4
"PCA_SD_12121" -5.5101923668895 4.5690919969765 1.1932415874065 -0.2521412174935 4
"PCA_SD_18013" -5.76360124340912 4.13495054796638 1.32927430687637 0.299376388566375 4
"PCA_SD_11232" -6.81499756117575 1.82229934909525 3.46658500843525 1.52611320364525 4
"PCA_SD_14755" -6.50290358613695 5.16401396129565 1.13288313462565 0.20600649021565 4
"PCA_SD_15171" -7.05008340185525 5.24675443813175 1.73063275417175 0.0726962095517507 4
"PCA_SD_15024" -6.39924996457725 4.45725214334575 1.82958806299575 0.11240975823575 4
"PCA_SD_13086" -7.47513388742175 5.74741896532725 1.94372755896725 -0.21601263687275 4
"PCA_SD_13858" -5.58110559077275 4.07600242838425 1.80617240241425 -0.30106924002575 4
"PCA_SD_14089" -6.24342265822125 4.40499725488375 1.64970794887375 0.188717454463751 4
"PCA_SD_13034" -5.87153160728875 4.79622995196625 0.214223489926249 0.86107816539625 4
"PCA_SD_20098" -5.76430197884175 3.77130665829725 2.79114902743725 -0.79815370689275 4
"PCA_SD_12471" -6.89963527989875 4.56535575201625 1.55697354271625 0.77730598516625 4
"PCA_SD_12470" -6.64628429207175 4.71845447469725 0.93849156000725 0.98933825736725 4
"PCA_SD_13966" -6.47782024562 4.31635825039 1.90298982669 0.258472168539999 4
"PCA_SD_13969" -5.957475069486 4.135192994202 1.174376563792 0.647905511492 4
"PCA_SD_15428" -5.245055226081 4.306492070517 4.310545395577 -3.371982240013 4
"PCA_SD_18556" -5.769446269087 4.203599413589 1.991859345869 -0.426012490371 4
"PCA_SD_18442" -8.534146891155 5.460382510685 2.891469627785 0.182294752684999 4
"PCA_SD_17425" -5.806127356675 5.123486057435 1.258554853895 -0.575913554654999 4
"PCA_SD_15778" -6.01995861936875 5.34362535915625 -0.18695001389375 0.863283274106251 4
"PCA_SD_15968" -5.795867974416 3.772380453572 1.603784273602 0.419703247241999 4
"PCA_SD_20379" -5.28539634346825 4.08936063600275 1.79369926210275 -0.597663554637249 4
"PCA_SD_19461" -6.783053863492 4.270731746734 -0.304672690126 2.816994806884 4
"PCA_SD_19152" -7.515686520021 6.381595115587 3.173733035787 -2.039641631353 4
"PCA_SD_20087" -7.75820598650275 4.49547877006425 3.00063289426425 0.26209432217425 4
"PCA_SD_25978" -5.7787308420825 3.8169970837975 2.4659809076075 -0.5042471493225 4
"PCA_SD_26143" -6.28919589374625 4.48384454687875 1.61937129498875 0.18598005187875 4
"PCA_SD_23798" -7.4016259344775 6.5532053570125 0.787033257052499 0.0613873204124999 4
"PCA_SD_23676" -6.6904577134275 4.9105220687225 1.0429424943125 0.7369931503925 4
"PCA_SD_26609" -5.84105131933525 4.18234479529175 1.47079966285175 0.18790686119175 4
"PCA_SD_26610" -6.65741493337465 4.53947655425155 1.49742616024155 0.62051221888155 4
"PCA_SD_00262" -5.012852804561 3.325679653177 1.138777247037 0.548395904347 5
"PCA_SD_00244" -4.73191088083875 3.25607800251625 1.37368322542625 0.10214965289625 5
"PCA_SD_00249" -4.2013583188325 3.5084601542475 0.1669752573975 0.5259229071875 5
"PCA_SD_02142" -3.04204310044 3.64338909518 -0.6984574109 0.09711141616 5
"PCA_SD_02106" -3.7832684008575 3.4656073767625 0.8924855723425 -0.574824548247499 5
"PCA_SD_00549" -5.3347156931535 3.9879066842445 -0.2491151736855 1.5959241825945 5
"PCA_SD_00521" -3.540464621553 3.573893205501 -0.782831909839 0.749403325891 5
"PCA_SD_00321" -2.58002985651 4.23504485243 -1.5557667105 -0.0992482854199999 5
"PCA_SD_00736" -2.77747379169 2.9593393253 -1.46842647257 1.28656093896 5
"PCA_SD_00626" -4.64946996852325 2.41983218812775 1.72226783784775 0.50736994254775 5
"PCA_SD_00759" -4.3818225772475 4.0577944650525 1.2161610964925 -0.8921329842975 5
"PCA_SD_00742" -3.9709856794725 2.1725986312575 0.6245650025575 1.1738220456575 5
"PCA_SD_01511" -3.21947894348425 2.69233023412575 2.44421253338575 -1.91706382402725 5
"PCA_SD_01489" -5.1806841774405 3.2622736175935 1.5609431471135 0.3574674127335 5
"PCA_SD_01474" -3.5045266427375 4.3719216476225 -0.9841781922875 0.1167831874025 5
"PCA_SD_01751" -5.118221633938 3.857250099306 1.461504097436 -0.200532562804 5
"PCA_SD_01868" -3.146598613435 2.788554665725 0.087556872715 0.270487074995 5
"PCA_SD_01875" -3.91966318661175 4.78321666274725 -0.0460124343527504 -0.81754104178275 5
"PCA_SD_01345" -3.31080265892 3.41854735967 -0.85713996428 0.74939526353 5
"PCA_SD_01254" -3.42950718803375 1.94062346211125 0.93299855762125 0.55588516830125 5
"PCA_SD_01565" -3.87113592426 3.44191755646 1.4580610775 -1.0288427097 5
"PCA_SD_01608" -3.7499984910075 3.3188779016325 0.5041769582225 -0.0730563688475003 5
"PCA_SD_01631" -4.94865708644475 3.99715970760825 0.794422374698249 0.15707500413825 5
"PCA_SD_01630" -4.46758688534775 4.06500699260925 1.18149043980925 -0.77891054707075 5
"PCA_SD_01523" -3.990776222051 4.258803548667 0.293700991907 -0.561728318523 5
"PCA_SD_01550" -4.563609723703 4.163308016281 -0.331221746549 0.731523453971 5
"PCA_SD_02279" -2.419259060556 3.164776271452 -0.167951357278 -0.577565853618 5
"PCA_SD_02234" -4.77559733123325 1.59547661152775 2.28371683340775 0.89640388629775 5
"PCA_SD_02663" -4.35914483733275 2.94486063739425 0.77579554856425 0.63848865137425 5
"PCA_SD_05057" -5.07379685239375 4.74105438228125 -0.976282594288751 1.30902506440125 5
"PCA_SD_02770" -5.2570912814615 3.3855770450505 1.5874592869005 0.2840549495105 5
"PCA_SD_02769" -5.053499147551 3.713226074767 0.699383677567001 0.640889395217 5
"PCA_SD_02760" -5.70911074422 2.86498863236 0.157871094499999 2.68625101736 5
"PCA_SD_02822" -3.9126134339425 4.2095171161575 0.4284055308075 -0.7253092130225 5
"PCA_SD_02756" -5.00347380776975 3.90381355243325 0.46801088669325 0.63164936864325 5
"PCA_SD_02837" -2.4134222406275 3.8723404391025 0.0769517401625013 -1.5358699386375 5
"PCA_SD_03213" -3.2080715143975 3.1300602765325 0.4813813246625 -0.4033700867975 5
"PCA_SD_03447" -4.3222988397575 3.9193258749925 0.8889193073625 -0.4859463425975 5
"PCA_SD_04271" -4.8144630242005 4.0944017645635 0.851723309063501 -0.1316620494265 5
"PCA_SD_02952" -4.0197593860495 5.8570966888365 -1.1272857797335 -0.7100515230535 5
"PCA_SD_03589" -4.771793964666 6.509964210852 -0.671144900658 -1.067025345528 5
"PCA_SD_04086" -3.1803741764175 3.7761462812225 0.1008018753525 -0.6965739801575 5
"PCA_SD_04131" -4.4614504560875 6.8803316518525 -0.3470485496375 -2.0718326461275 5
"PCA_SD_08173" -3.542363352645 4.768064633415 -0.368480655035 -0.857220625735 5
"PCA_SD_04447" -2.663083152985 3.570826101215 0.532329573435 -1.440072521665 5
"PCA_SD_04441" -5.3429047677815 2.9367970593805 1.7347666661305 0.6713410422705 5
"PCA_SD_04421" -5.401912556143 4.106167606531 0.486956113591 0.808788836021 5
"PCA_SD_02299" -4.2369110622675 5.0510645774225 -0.8172688212975 0.0031153061425 5
"PCA_SD_06020" -4.643113964226 4.253344938822 0.815707921542 -0.425938896138 5
"PCA_SD_03708" -4.98765776245885 5.00228937550295 0.61015176340295 -0.62478337644705 5
"PCA_SD_03698" -5.17500983135575 4.71593953119525 0.118327416755251 0.34074288340525 5
"PCA_SD_07409" -2.40708330455725 3.32417936048575 -0.69125508134425 -0.22584097458425 5
"PCA_SD_05438" -3.7059517656875 3.4636083747325 0.3967790699725 -0.1544356790175 5
"PCA_SD_04172" -2.32828574136 3.56701376154 0.21982750853 -1.45855552871 5
"PCA_SD_07080" -5.0865565384875 1.8425922868825 2.3739371012125 0.8700271503925 5
"PCA_SD_06238" -4.99164497222 5.79239519401 -0.0739610368000001 -0.72678918499 5
"PCA_SD_03140" -4.689567144155 1.527941959775 2.593214865525 0.568410318855 5
"PCA_SD_03067" -4.36184469067812 4.20153080407938 -0.454099402310625 0.614413288909375 5
"PCA_SD_03105" -3.590090440635 4.893794488965 -1.058055877205 -0.245648171125 5
"PCA_SD_06969" -3.1875554428475 3.3608942906525 0.630487135612499 -0.8038259834175 5
"PCA_SD_07143" -2.10970026449 3.46422385172 0.0741339271700001 -1.4286575144 5
"PCA_SD_03832" -4.6733782939815 4.5386057500905 -0.7299999119195 0.864772455810501 5
"PCA_SD_03835" -5.2640891519425 3.7105017689075 0.970489818267501 0.583097564767501 5
"PCA_SD_04869" -3.378184361875 3.604189993515 0.345149768914999 -0.571155400555 5
"PCA_SD_06485" -3.13993709193 3.36658361038 0.14249818824 -0.36914470669 5
"PCA_SD_06484" -3.023814398315 4.043126561515 -0.626396332575 -0.392915830625 5
"PCA_SD_06486" -3.86174236588805 3.75540104470935 0.27244628915935 -0.16610496798065 5
"PCA_SD_05834" -3.755426966215 1.606344936225 2.053255013805 0.0958270161849999 5
"PCA_SD_09359" -4.23432854200325 3.46424134813775 1.65925048986775 -0.88916329600225 5
"PCA_SD_09395" -4.703879794929 4.554749189063 0.948177985372999 -0.799047379507 5
"PCA_SD_11442" -3.4560064156115 2.6375397787805 0.3509712739505 0.4674953628805 5
"PCA_SD_07512" -2.532794148635 3.301283595445 -0.833118965915 0.0646295191049999 5
"PCA_SD_06979" -5.0400024480175 4.6015022335825 0.3282143943125 0.1102858201225 5
"PCA_SD_07022" -3.397876311997 3.024102428819 1.036300866709 -0.662526983531 5
"PCA_SD_08091" -2.8945483413375 2.1964360307925 1.0082383655225 -0.310126054977499 5
"PCA_SD_08096" -4.141224037862 4.418801802774 1.562450167344 -1.840027932256 5
"PCA_SD_04695" -5.26942041086525 3.57233396948175 -2.52087509965825 4.21796154104175 5
"PCA_SD_08471" -4.97194049463225 4.59807488027075 0.94591838174075 -0.57205276737925 5
"PCA_SD_04659" -5.4134293801215 3.8788014893205 1.1619144459405 0.3727134448605 5
"PCA_SD_05607" -4.7524599307875 1.5113435883925 2.9858329820825 0.2552833603125 5
"PCA_SD_12825" -3.4794746936625 2.5942773167675 0.7089167860475 0.1762805908475 5
"PCA_SD_05513" -3.339765661195 4.895609806895 -0.815299465885 -0.740544679815 5
"PCA_SD_05656" -5.2615576596925 3.6883197451775 0.5533853049175 1.0198526095975 5
"PCA_SD_07209" -5.1294548313345 2.1938371705515 2.4615943551715 0.4740233056115 5
"PCA_SD_10142" -4.92795831703525 2.97327605379175 1.90690086821175 0.0477813950317501 5
"PCA_SD_07943" -4.2467304048125 2.1080375731275 -0.00978302635249939 2.1484758580375 5
"PCA_SD_08340" -4.47492756637575 3.78421772990525 -0.77698488413475 1.46769472060525 5
"PCA_SD_08336" -4.62886272822725 3.89634411777575 -0.55127484648425 1.28379345693575 5
"PCA_SD_08359" -3.0338395911125 3.3962862251075 -0.316239431442499 -0.0462072025525 5
"PCA_SD_10391" -2.911828365675 3.943563992845 -0.546979728925 -0.484755898245 5
"PCA_SD_07304" -4.29860964711825 4.39354210136275 0.0132414100027498 -0.10817386424725 5
"PCA_SD_08558" -2.4075578984 3.40323945205 0.34416934339 -1.33985089704 5
"PCA_SD_06812" -4.25831109844 4.80230039312 0.06738904961 -0.611378344289999 5
"PCA_SD_07663" -3.61137005667675 3.87163136583225 0.52882125214225 -0.78908256129775 5
"PCA_SD_04993" -4.01851174204775 2.84871930661925 0.59266720651925 0.57712522890925 5
"PCA_SD_05355" -3.456099631315 3.865790641145 0.122508391975 -0.532199401805 5
"PCA_SD_07618" -3.8008532197725 4.3751634451275 -1.2660183198225 0.6917080944675 5
"PCA_SD_08963" -3.88149935957 3.85303601384 -0.54113677746 0.56960012319 5
"PCA_SD_08423" -3.8368786004875 3.5837588536625 -1.6582820718375 1.9114018186625 5
"PCA_SD_08436" -3.29344548548 3.78943723346 -1.24668551657 0.75069376859 5
"PCA_SD_11733" -3.6635146350225 3.1983615759875 0.9740440119675 -0.5088909529325 5
"PCA_SD_10019" -4.5265399096245 4.4482898090015 -1.8792819967285 1.9575320973515 5
"PCA_SD_05715" -4.61706731880925 4.40561191458975 0.50148876253975 -0.29003335832025 5
"PCA_SD_11292" -4.98703635799 3.8140837047 1.56314864816 -0.390195994870001 5
"PCA_SD_09022" -4.9995210767365 2.1921256485555 1.4736466282655 1.3337487999155 5
"PCA_SD_10264" -2.631968453401 3.640073072847 -0.363653906993 -0.644450712453 5
"PCA_SD_09909" -3.427335005536 2.276017307812 1.446183976482 -0.294866278758 5
"PCA_SD_15353" -4.91067404463375 2.18927769163125 1.16597237982125 1.55542397318125 5
"PCA_SD_11139" -5.0026066659485 5.4674515073495 0.0525659121895004 -0.5174107535905 5
"PCA_SD_16352" -5.26784347396475 2.82713659537825 -0.03105445282175 2.47176133140825 5
"PCA_SD_08708" -4.74272530539275 3.61243850907425 1.42248112174425 -0.29219432542575 5
"PCA_SD_08705" -4.97633002846875 4.82434332516625 0.44952507585625 -0.29753837255375 5
"PCA_SD_06442" -3.5829728559975 3.5269127973325 1.2049492786325 -1.1488892199675 5
"PCA_SD_06434" -3.3786219663825 2.5587980671775 -1.0079862305825 1.8278101297875 5
"PCA_SD_06439" -5.09067459214425 2.68156847941475 0.91185869685475 1.49724741587475 5
"PCA_SD_13712" -4.810532612135 2.244063457085 2.958247187665 -0.391778032615 5
"PCA_SD_13802" -4.9169345457325 4.2234342362575 0.8121616224375 -0.1186613129625 5
"PCA_SD_14439" -4.84080846113625 3.74494394191875 1.70304298893875 -0.60717846972125 5
"PCA_SD_14451" -3.3221017562725 4.6200775713975 0.128933251607499 -1.4269090667325 5
"PCA_SD_08607" -5.93784799360378 2.56904494378126 0.811257312011262 2.55754573781126 5
"PCA_SD_11228" -3.8319254732825 3.3241104892175 -1.3389298920225 1.8467448760875 5
"PCA_SD_16170" -2.6881348068525 2.7230115476975 0.9681755857075 -1.0030523265525 5
"PCA_SD_15323" -4.944317200609 4.476799575583 -0.263083871097 0.730601496123001 5
"PCA_SD_14243" -3.4200218499845 3.1090083588515 -0.3086898784485 0.6197033695815 5
"PCA_SD_12964" -4.7361932407 3.5413389502 1.46188670189 -0.26703241139 5
"PCA_SD_11996" -4.319140744526 2.112762632332 0.621697056352 1.584681055842 5
"PCA_SD_15172" -4.3911752749985 2.0291747404995 1.2272637808195 1.1347367536795 5
"PCA_SD_15166" -4.954237353012 3.645420980244 -0.109452795856 1.418269168624 5
"PCA_SD_14298" -4.03304877373625 3.21377549364875 1.20896944576875 -0.38969616568125 5
"PCA_SD_17899" -3.0989717540925 4.7053616802775 -0.6206066895825 -0.9857832366025 5
"PCA_SD_13865" -5.78226443738205 2.32227141857735 1.52841242175735 1.93158059704735 5
"PCA_SD_20564" -2.54583168292 3.04815572929 0.68388313045 -1.18620717682 5
"PCA_SD_15883" -3.25528339861075 4.66905245534025 -1.30174526228975 -0.11202379443975 5
"PCA_SD_10293" -4.864246860928 3.440642713946 1.433871617076 -0.010267470094 5
"PCA_SD_15549" -3.4369330463025 4.3262502830875 -0.9614081124025 0.0720908756175 5
"PCA_SD_13807" -5.0564160302925 1.4253708677875 2.9046221455075 0.7264230169975 5
"PCA_SD_13816" -3.7638657995975 3.2540701537225 -0.3222576140275 0.832053259902501 5
"PCA_SD_12476" -2.7727238334175 3.0216333300125 -0.0847921067474999 -0.164117389847501 5
"PCA_SD_13342" -4.1475866644975 3.8909754945525 1.0853310240725 -0.8287198541275 5
"PCA_SD_14650" -3.892778217189 2.644869363553 1.332791634783 -0.0848827811469999 5
"PCA_SD_17950" -4.23388731859275 3.18889478991425 0.49778224617425 0.54721028250425 5
"PCA_SD_14198" -5.10161468211207 5.17437409518403 -0.988609637555975 0.915850224484025 5
"PCA_SD_14191" -2.6333475219325 3.3036060191975 -0.3633592325925 -0.3068992646725 5
"PCA_SD_18701" -5.017605788792 5.467406951024 -1.530543617326 1.080742455094 5
"PCA_SD_11064" -3.75014187099 3.00047532458 1.08667028859 -0.33700374218 5
"PCA_SD_22954" -4.34869848221 2.73634669552 1.21637949541 0.395972291280001 5
"PCA_SD_13540" -4.312821820185 1.844823760845 2.667237710155 -0.199239650815001 5
"PCA_SD_20448" -3.78307748220675 4.34793326034225 -0.96314694598775 0.39829116785225 5
"PCA_SD_23979" -3.950713563675 4.760590211175 -1.383151181565 0.573274534065 5
"PCA_SD_17756" -4.46994417969 4.72651190578 0.25789493933 -0.51446266542 5
"PCA_SD_19782" -3.628935927381 2.404314983497 -0.217245876243 1.441866820127 5
"PCA_SD_16321" -3.71341258133 3.05583963693 0.903857326 -0.246284381600001 5
"PCA_SD_16330" -4.71956134066 4.2101427621 0.95324195958 -0.44382338102 5
"PCA_SD_16471" -2.51269949194025 3.86039332834975 -0.15704164946425 -1.19065218694525 5
"PCA_SD_16479" -5.31127444519625 4.58381367488875 0.26415648733875 0.46330428296875 5
"PCA_SD_17408" -3.4908682058925 4.0066592698575 0.6057073140775 -1.1214983780425 5
"PCA_SD_18895" -3.066028700025 2.640900413735 0.618314499925 -0.193186213635 5
"PCA_SD_18894" -2.46522256255325 4.94514345798775 -1.70060612828225 -0.77931476715225 5
"PCA_SD_15591" -3.3348218945425 3.5264620078275 -0.9195385533925 0.7278984401075 5
"PCA_SD_10938" -3.1839266684525 4.1694418416575 -0.7350716600025 -0.2504435132025 5
"PCA_SD_15786" -4.132833642297 1.855894819859 -0.477465576121 2.754404398559 5
"PCA_SD_18569" -3.86336834961975 2.92751818369325 -1.39892119475675 2.33477136068325 5
"PCA_SD_18175" -3.13876957544 3.20395425057 0.0619101844499998 -0.12709485958 5
"PCA_SD_19597" -4.96677703825625 2.97976793489875 2.08517218088875 -0.0981630775312494 5
"PCA_SD_19824" -4.8904818431975 4.1095120294025 1.2525446989025 -0.4715748851075 5
"PCA_SD_23000" -4.362899239564 3.504738289698 -0.957755558172 1.815916508038 5
"PCA_SD_18822" -3.65068467908625 2.73004296478875 0.94277183845875 -0.0221301241612499 5
"PCA_SD_25526" -3.920486614245 2.027727828835 1.728310908985 0.164447876425 5
"PCA_SD_18857" -4.8574226394775 5.0791734149925 -0.0224049290875001 -0.1993458464275 5
"PCA_SD_25699" -5.04603088445 4.33760732184 0.4320010272 0.27642253541 5
"PCA_SD_25723" -3.3735324745575 1.8934157221525 1.0028407675525 0.477275984852501 5
"PCA_SD_26590" -4.819506797854 2.882156648128 1.988409679948 -0.0510595302219996 5
"PCA_SD_25061" -5.4011640473395 4.1468453674465 -0.7288425828935 1.9831612627865 5
"PCA_SD_00153" 4.486321697765 -2.251231087385 -1.905348645415 -0.329741964965 6
"PCA_SD_02152" 1.53177543324 -1.01415232625 -0.50528418865 -0.0123389183400011 6
"PCA_SD_00887" 2.472247770893 -1.036118661239 -0.624236723237 -0.811892386417 6
"PCA_SD_00890" 1.256437464365 -0.0765039776250003 -0.341203922375 -0.838729564364999 6
"PCA_SD_00844" 0.5307755129275 -2.2207788360525 0.374650318847499 1.3153530042775 6
"PCA_SD_00491" 2.7971666375075 -2.3871663043425 -2.2339161184025 1.8239157852375 6
"PCA_SD_00561" 0.886144860315 -0.748164673415 -1.019375833425 0.881395646525 6
"PCA_SD_00419" 1.547838723905 -1.043139611095 -0.585873921795 0.0811748089850006 6
"PCA_SD_00401" 4.2415521170975 -1.5391795492625 -3.9456867832325 1.2433142153975 6
"PCA_SD_01031" 1.6398010249425 -0.696514722727501 -2.3603496694875 1.4170633672725 6
"PCA_SD_01008" 1.0521530433 0.0172124905000004 -0.785433609499998 -0.283931924299999 6
"PCA_SD_00985" 2.354717691425 -0.434270747585 -1.425320205125 -0.495126738714999 6
"PCA_SD_02503" 0.2765302368975 -2.1907053790225 -0.4862893002725 2.4004644423975 6
"PCA_SD_01087" 2.3664001197875 -2.2324447562725 0.3396194397875 -0.473574803302501 6
"PCA_SD_01214" 1.2365864229475 -2.7616945979725 1.9433103887275 -0.418202213702499 6
"PCA_SD_01216" -0.1679891291375 -2.6056799089175 2.5251296224925 0.248539415562501 6
"PCA_SD_01687" 0.26248551728455 -0.86023629250865 -0.06903668216045 0.66678745738455 6
"PCA_SD_01661" 3.8276722834075 -2.7386155941925 0.3328023869575 -1.4218590761725 6
"PCA_SD_01901" 1.51967281012 -0.53698733765 -0.751623877690001 -0.23106159478 6
"PCA_SD_01902" 1.4293667700675 -1.9544784268625 1.0370657214175 -0.5119540646225 6
"PCA_SD_01871" 0.96133837895825 -3.57154908966475 -1.99130595383175 4.60151666453825 6
"PCA_SD_01847" -0.9332591499 -0.91507832709 -1.0732614959 2.92159897289 6
"PCA_SD_01341" 0.38557997705 -1.27414117692 -1.04804116373 1.9366023636 6
"PCA_SD_01251" 3.4816324687225 -2.0786676362075 0.0781365335624997 -1.4811013660775 6
"PCA_SD_01582" 3.534633281166 -2.347011518288 -0.554278828024 -0.633342934854 6
"PCA_SD_02281" -0.582789735385 -1.880001158605 -1.478750865115 3.941541759105 6
"PCA_SD_02192" -0.1571085543375 -0.8808202772275 -0.7147343557375 1.7526631873025 6
"PCA_SD_01918" 2.3428088014075 -2.2877601162325 -0.341935010992499 0.2868863258175 6
"PCA_SD_02738" 4.7409274027345 -3.0816860062235 -1.4141711667555 -0.2450702297555 6
"PCA_SD_02654" 0.677054304125001 -1.037769300275 0.385605732725001 -0.0248907365749993 6
"PCA_SD_02977" 2.8594958574775 -2.5792817195425 -2.1906734779125 1.9104593399775 6
"PCA_SD_02996" 1.0065192092425 -1.4445930555275 -1.0234607072575 1.4615345535425 6
"PCA_SD_02995" 1.0974753693 0.595579763699998 -1.4532841827 -0.239770950300001 6
"PCA_SD_02984" 1.0721625815425 -1.8366902366175 -0.1046120047375 0.8691396598125 6
"PCA_SD_02985" 1.643986997625 -0.772056384875 -0.418906568075 -0.453024044675001 6
"PCA_SD_05075" 0.9880858998525 0.2805412816825 -1.0302963755175 -0.2383308060175 6
"PCA_SD_02796" 0.724797914074999 0.327393294275 -0.818729217825 -0.233461990525001 6
"PCA_SD_02752" -0.510823764575 -2.424097442335 2.024247821625 0.910673385285 6
"PCA_SD_03228" 1.58984445544 -2.20887327356 -0.64211567522 1.26114449334 6
"PCA_SD_03184" 1.155951045 -0.2442339259 -0.432732190999999 -0.478984928099999 6
"PCA_SD_04288" -0.855497017348 -1.320513302783 0.182331057914 1.993679262217 6
"PCA_SD_02913" 0.9830755251475 0.1035799677475 -0.9206456046225 -0.1660098882725 6
"PCA_SD_02851" 0.86502147765 0.39103344135 -1.00937826105 -0.246676657949999 6
"PCA_SD_02926" 1.0516058579825 0.266297189282501 -0.8790150581475 -0.4388879891175 6
"PCA_SD_03318" -0.255581070914999 -2.259017445995 -1.380831779735 3.895430296645 6
"PCA_SD_04942" 1.4713208056075 -3.1722783636225 1.3989743195075 0.3019832385075 6
"PCA_SD_04944" 3.9021371207175 -3.5433702746425 -3.0201261796925 2.6613593336175 6
"PCA_SD_04096" 0.870197320685 -2.929266275075 1.436070677895 0.622998276495 6
"PCA_SD_02573" 3.086871596505 -2.743788792025 -0.947948147345 0.604865342865 6
"PCA_SD_02631" 1.02977078697 -0.54551981345 -2.76205202416 2.27780105064 6
"PCA_SD_02623" 0.8258733072075 -2.8918851440325 1.1725792343475 0.8934326024775 6
"PCA_SD_02355" 2.75484444549425 -3.18697488510275 -0.48910580223575 0.92123624184425 6
"PCA_SD_02343" 3.306021588262 -3.155646556006 -0.383584122538 0.233209090282 6
"PCA_SD_03969" 2.59331865202 -1.07820919022 -2.71865669226 1.20354723046 6
"PCA_SD_03921" 1.5369409802975 -1.6703958089625 -1.1254758474225 1.2589306760875 6
"PCA_SD_05995" 2.2886762132 -0.3668248854 -1.4319902309 -0.4898610969 6
"PCA_SD_07384" 0.82237027054 -1.36967514365 0.1534430866 0.39386178651 6
"PCA_SD_07393" 0.6024191718725 -1.7612142331175 -0.462796131547499 1.6215911927925 6
"PCA_SD_06311" 1.3097809638875 -0.0631111232024999 -0.968005908032501 -0.2786639326525 6
"PCA_SD_03795" -0.258953548715 -1.723884906435 -0.274978652524999 2.257817107675 6
"PCA_SD_04210" 2.004925315315 -0.364683950064999 -1.478011844715 -0.162229520535 6
"PCA_SD_04168" 1.1525962079375 -0.740964605812501 -0.0366141076224995 -0.375017494502501 6
"PCA_SD_04146" 4.971435907595 -3.579560095335 -2.177836092535 0.785960280275 6
"PCA_SD_03488" 0.9353699155 -1.45325178364 -0.99194786827 1.50982973641 6
"PCA_SD_03489" 0.227710136687501 -0.933045644022499 -1.0574473040525 1.7627828113875 6
"PCA_SD_08640" 0.26373533368 -1.64578988884 1.26587880797 0.11617574719 6
"PCA_SD_04571" -0.5497904586425 -2.0999759072525 -1.7746680714525 4.4244344373475 6
"PCA_SD_09134" 1.4456949245225 1.2151841490225 -3.1690602710175 0.508181197472499 6
"PCA_SD_09157" 3.660753837935 -5.227200050965 -2.972237489005 4.538683702035 6
"PCA_SD_07132" 0.4654980504125 -0.6869463592375 1.6279546641425 -1.4065063553175 6
"PCA_SD_05131" -0.258596263035 -1.282065373735 1.583927256465 -0.0432656196950001 6
"PCA_SD_05174" 1.2254762532475 -0.5172935162625 -1.2282467829325 0.5200640459475 6
"PCA_SD_04485" 1.3813788740275 -0.7712657753025 -0.0357629863725002 -0.5743501123525 6
"PCA_SD_04478" 3.0482451059875 -2.3550648406625 -0.2371561383125 -0.456024127012499 6
"PCA_SD_04479" 3.606677584115 -2.605364121045 -1.090666717285 0.0893532542150002 6
"PCA_SD_03884" 1.21176049847 -0.0449850073900002 -1.44130453268 0.274529041600001 6
"PCA_SD_09570" 1.08429083971475 -1.37859781945425 -0.21065912107525 0.50496610081475 6
"PCA_SD_06473" -0.2424011692575 -0.0172544152974998 -0.7720095648275 1.0316651493825 6
"PCA_SD_09355" 0.99709702108 0.21614905237 -0.69139605278 -0.521850020670001 6
"PCA_SD_08269" -0.3663334409625 -0.3749832849725 -2.3638884283125 3.1052051542475 6
"PCA_SD_06128" 0.6778534185305 -1.1286066455135 -0.0109783816575 0.4617316086405 6
"PCA_SD_08058" -0.6847841686925 -1.5909523839225 0.7419214184875 1.5338151341275 6
"PCA_SD_04684" 2.6992996630175 -2.0336293877025 -1.6552182533525 0.9895479780375 6
"PCA_SD_04697" -1.07088708462552 -0.813847863136425 -0.00503160788652501 1.88976655564847 6
"PCA_SD_06895" 1.967802497025 -0.150526683055 -1.191897404535 -0.625378409435001 6
"PCA_SD_05292" -0.6367619800025 -2.4299772083425 1.4515558096875 1.6151833786575 6
"PCA_SD_05252" 2.8142352043375 -0.5101145200925 -3.2279937335225 0.9238730492775 6
"PCA_SD_05265" 2.59238945953 -2.79345483678 -0.184328403629999 0.385393780880001 6
"PCA_SD_06384" 3.882707205055 -2.575299369455 0.0435735624750002 -1.350981398075 6
"PCA_SD_07724" 3.32458102138725 -1.76937298092175 -0.27426206667275 -1.28094597379275 6
"PCA_SD_11955" 0.58413123247 0.361710663119999 -1.18560765428 0.23976575869 6
"PCA_SD_05408" 0.916259463942501 -3.7640001276475 1.1125421452425 1.7351985184625 6
"PCA_SD_05401" 1.8504119616525 -2.6106394151275 0.316081004692499 0.444146448782499 6
"PCA_SD_05407" 0.7065050876175 0.5192667382975 -1.2728841754425 0.0471123495274997 6
"PCA_SD_09982" -0.4835005737725 -0.2010346663625 -2.1865991935725 2.8711344337075 6
"PCA_SD_08870" 1.53932900085 -1.90548552705 0.34101711455 0.0251394116500006 6
"PCA_SD_10853" 1.3279721106275 -0.853248216762499 -0.6888547006425 0.214130806777501 6
"PCA_SD_06581" 1.6623047625325 -3.5441171736975 1.3722922351325 0.509520176032501 6
"PCA_SD_10770" 2.9421995502375 -1.9725504295225 -2.3065518214425 1.3369027007275 6
"PCA_SD_09322" -0.1488993536025 -1.5346262882325 -1.1629525011825 2.8464781430175 6
"PCA_SD_07777" 4.8710874428325 -2.9462691012275 -2.7622071257975 0.8373887841925 6
"PCA_SD_08847" 0.5597377376525 0.4676665241825 -2.0438709532375 1.0164666914025 6
"PCA_SD_07313" -0.0986202947021251 -1.85744254569363 0.0527765652878749 1.90328627510787 6
"PCA_SD_06828" 2.6460234733775 -0.604927531662501 -2.0671206048925 0.0260246631775001 6
"PCA_SD_07893" 1.75845009937 -0.7983355179 -0.481749138310001 -0.47836544316 6
"PCA_SD_07916" 1.8743984716 -1.0980297639 -0.162089227300001 -0.6142794804 6
"PCA_SD_09612" 0.63990512037125 -0.78381312589375 -0.21206298204875 0.35597098757125 6
"PCA_SD_07654" 1.59028595165 -0.86395705864 -1.70621923109 0.97989033808 6
"PCA_SD_08002" 1.0928729370425 -0.7009713094875 -0.3442260533075 -0.0476755742474992 6
"PCA_SD_07992" 4.0596960138175 -1.7475178937525 -2.2348191776725 -0.0773589423925003 6
"PCA_SD_05039" 1.1627659096775 1.0736369097775 -3.5735974026325 1.3371945831775 6
"PCA_SD_08956" 2.4059380794125 -2.4280867116375 -1.0756966535875 1.0978452858125 6
"PCA_SD_08948" 1.1176117619925 -0.103022601407499 -0.5978893453475 -0.4166998152375 6
"PCA_SD_11530" 1.8582308152125 -2.7804464839075 -2.0709600691775 2.9931757378725 6
"PCA_SD_10355" 1.062698180755 -2.121637330775 -0.415673390815 1.474612540835 6
"PCA_SD_10577" 0.0247919345755701 -1.72756897818671 -0.55597376347443 2.25875080708557 6
"PCA_SD_19206" 0.472701728105 -0.0748984237549992 -0.924154584625 0.526351280275001 6
"PCA_SD_10032" 1.25760057193 -0.0185385624399999 -1.12178237047 -0.117279639020001 6
"PCA_SD_10016" -0.97875681620425 -0.99959006451425 0.30200185027275 1.67634503044575 6
"PCA_SD_05729" 1.491157189395 -0.684403248455 -0.852657544415 0.0459036034750002 6
"PCA_SD_05728" -0.3355051974975 -1.9700974986775 1.4035438994725 0.9020587967025 6
"PCA_SD_05722" 4.1100357200275 -1.8229943334325 -2.2509885690225 -0.0360528175725001 6
"PCA_SD_05734" 1.36069434728 -2.42336779871 -1.66720576185 2.72987921328 6
"PCA_SD_05731" 4.0176624643375 -2.2190674235125 -3.3413535643025 1.5427585234775 6
"PCA_SD_05757" 1.039822222925 -0.349327621375 -0.230694775274999 -0.459799826274999 6
"PCA_SD_09051" 0.33420749382 -1.23351085815 0.35526565597 0.54403770836 6
"PCA_SD_09898" 0.9275553492125 -0.2107163933075 -0.4367421273375 -0.2800968285675 6
"PCA_SD_11121" 1.224406198675 -1.066272530225 -0.443436273225 0.285302604775 6
"PCA_SD_11144" 1.0897461854025 -0.5035254030975 -0.325823678167499 -0.2603971041375 6
"PCA_SD_06645" 1.4119520268 -1.55693827872 0.93950091166 -0.794514659740001 6
"PCA_SD_10184" 1.191255622715 -1.032686447185 -0.701492984675 0.542923809145 6
"PCA_SD_13237" 1.24550110823175 -1.21582849554525 -0.46541626477825 0.43574365209175 6
"PCA_SD_13705" 0.1033889074135 -3.0619762570105 3.3470852510335 -0.3884979014365 6
"PCA_SD_10421" 4.357843768815 -4.861670016265 -1.257469576365 1.761295823815 6
"PCA_SD_10451" 0.6335045181331 -1.1240525540593 0.4416273548931 0.0489206810331 6
"PCA_SD_11670" 1.036819240675 -1.644515747625 0.402650423975 0.205046082974999 6
"PCA_SD_11677" 0.35333938816 -0.39412904342 -2.32869548847 2.36948514373 6
"PCA_SD_16305" -0.16119214104 -3.51388381094 2.47531215898 1.199763793 6
"PCA_SD_13801" 2.5826026549125 -0.7051620946475 -1.7837804345675 -0.0936601256974994 6
"PCA_SD_12097" 0.4188657379125 0.4713561207725 -1.6071265651975 0.7169047065125 6
"PCA_SD_14452" 1.4128383173625 -0.622880102307501 -0.243717695697502 -0.5462405193575 6
"PCA_SD_15696" -0.458471157182501 -1.2251806423725 -0.0821309059324999 1.7657827054875 6
"PCA_SD_13117" 2.3984429792575 -0.648886048102501 -1.1190002974225 -0.630556633732501 6
"PCA_SD_10206" 1.2616443818725 0.257694823842501 -1.5021140208475 -0.0172251848674989 6
"PCA_SD_12703" 0.512396163695 -0.542950631265001 -3.040910380495 3.071464848065 6
"PCA_SD_13988" 2.285235355401 -2.787814865413 -0.806450259569 1.309029769581 6
"PCA_SD_08614" 0.0273802718274991 -0.9342507327125 1.5326157933075 -0.6257453324225 6
"PCA_SD_08592" 2.53668016335 -2.36030335018 -0.18970377774 0.01332696457 6
"PCA_SD_11230" 0.6569346718525 -2.7185403535075 1.0391850644025 1.0224206172525 6
"PCA_SD_11226" 0.73823345007 1.16038319141 -2.85329734451 0.95468070303 6
"PCA_SD_12993" 1.0290361119675 -1.3985514821825 0.213763857417501 0.1557515127975 6
"PCA_SD_12954" 1.080845439375 0.0636834489750004 -0.635620351025 -0.508908537325 6
"PCA_SD_12976" 0.0396302624900002 -0.71685578422 -1.61269925841 2.28992478014 6
"PCA_SD_11969" 1.2009791713125 -0.9265532776675 -0.3511706448775 0.0767447512324999 6
"PCA_SD_17905" 1.55554204847275 -0.89521963355025 0.29051291874475 -0.95083533366725 6
"PCA_SD_15019" 2.64004814870225 -4.37172049571675 -1.57668302022775 3.30835536724225 6
"PCA_SD_10320" 0.50931044100475 -0.57696173564025 -0.0568266801192501 0.12447797475475 6
"PCA_SD_15740" -0.87012378588775 -1.17257764909775 0.67171068427325 1.37099075071225 6
"PCA_SD_14420" 1.70288821901 -0.0531377951100001 -1.89058241611 0.24083199221 6
"PCA_SD_13027" 1.5085967128625 0.0594808406825003 -0.994817921627501 -0.5732596319175 6
"PCA_SD_17993" -0.395696918715 -1.312114828595 1.256051970875 0.451759776435001 6
"PCA_SD_15543" 3.6330763418175 -2.4659655564925 -2.7695637678725 1.6024529825475 6
"PCA_SD_13150" 0.9688452182375 -0.2931329344425 -1.1246111987025 0.4488989149075 6
"PCA_SD_14912" 1.9636843762225 -1.4937507178475 -0.2664561743475 -0.2034774840275 6
"PCA_SD_13359" 1.957705541705 -1.528148189565 -2.013051502505 1.583494150365 6
"PCA_SD_14656" 1.51147235797 -0.0292238506999998 -0.90648517861 -0.57576332866 6
"PCA_SD_14343" 0.90175688074 0.29608191292 -0.83133084121 -0.36650795245 6
"PCA_SD_17389" 1.1376816848125 1.1918336534125 -3.2937473912375 0.9642320530125 6
"PCA_SD_15658" 1.23564272805 -3.60687876062 2.03068674165 0.34054929092 6
"PCA_SD_15653" 1.25269154930515 -1.29625591429545 -0.24610829486485 0.28967265985515 6
"PCA_SD_10901" 0.9790301454825 0.7436291210325 -1.6466300771175 -0.0760291893975 6
"PCA_SD_13651" 2.0034093345625 -0.123354923087501 -3.0934950315975 1.2134406201225 6
"PCA_SD_15951" 2.779541575155 -2.000021363935 -0.921541676775 0.142021465555001 6
"PCA_SD_13392" -0.0773789640225 -0.6290951761925 -1.1190405109125 1.8255146511275 6
"PCA_SD_19160" 2.4345215123575 -3.1464781963825 0.2135189361675 0.4984377478575 6
"PCA_SD_19794" 2.002601883405 -2.443240992525 -2.332880938085 2.773520047205 6
"PCA_SD_16461" 1.84094481545025 -1.17223704109075 -0.71023163528975 0.04152386093025 6
"PCA_SD_16729" 0.840209380222499 -2.4297980945675 2.0003220529225 -0.410733338577501 6
"PCA_SD_15782" 0.406873194272501 -2.6938183256175 1.5874656272225 0.6994795041225 6
"PCA_SD_15575" 2.819620223625 -3.288510020015 1.589948790085 -1.121058993695 6
"PCA_SD_20471" 0.8015765446775 0.0949723335675001 -1.8239824747425 0.9274335964975 6
"PCA_SD_16242" -0.309079675635 -1.673902225735 2.169150366135 -0.186168464765 6
"PCA_SD_20066" 0.8605108984925 0.2106671335725 -0.372324051767501 -0.698853980297502 6
"PCA_SD_18412" 1.08218169812 -2.4121652153 0.00970980314999892 1.32027371403 6
"PCA_SD_20801" -0.107683719905001 -2.732322503425 2.175586053995 0.664420169334999 6
"PCA_SD_17454" 1.9746952783525 0.483415629992501 -2.3556509784375 -0.1024599299075 6
"PCA_SD_19146" 1.74067824152 -1.11185255684 -1.44800585196 0.81918016728 6
"PCA_SD_19512" 1.03218945479 -1.71496402452 -2.48045029916 3.16322486889 6
"PCA_SD_19511" 0.00930212437825007 -2.13806076218475 0.78327261425825 1.34548602354825 6
"PCA_SD_24205" 0.00833267487499967 -2.105421068915 2.168984451235 -0.0718960571950005 6
"PCA_SD_20681" 1.0822234876045 -0.8273307189575 0.1660165568445 -0.4209093254915 6
"PCA_SD_22939" 1.1240749597665 -0.1933716286835 -0.1766002239245 -0.7541031071585 6
"PCA_SD_20713" 1.8302201638225 -1.3825755790975 -2.0894709527875 1.6418263680625 6
"PCA_SD_17913" -0.5941703520525 -0.4987716432225 -0.5298760644525 1.6228180597275 6
"PCA_SD_26221" 1.188821549125 -1.254703566575 0.367665664424999 -0.301783646975 6
"PCA_SD_26256" 0.587157859491175 -1.25110515846352 0.443332838191175 0.220614460781175 6
"PCA_SD_25551" 1.77734958058 -2.06244156324 0.48205258026 -0.1969605976 6
"PCA_SD_00101" -5.307272611497 -0.937737302871 2.875524043359 3.369485871009 7
"PCA_SD_00060" -3.6374164245075 -1.4203382842775 2.8723171591825 2.1854375496025 7
"PCA_SD_00062" -3.39048192368 -0.0354168375699997 2.43494418838 0.99095457287 7
"PCA_SD_00059" -3.320759921585 -0.458529092205 2.513165373905 1.266123639885 7
"PCA_SD_00828" -3.258569674575 -1.744918939275 3.367632604305 1.635856009545 7
"PCA_SD_00823" -2.3358418418875 -1.7329490640175 1.8419122486725 2.2268786572325 7
"PCA_SD_00825" -5.70816998888875 -0.10744273146375 3.89259895133625 1.92301376901625 7
"PCA_SD_00898" -3.548166261685 0.0392852848950005 1.065985134795 2.442895841995 7
"PCA_SD_00495" -4.39574579771735 -1.74674467232755 -0.99475047538755 7.13724094543245 7
"PCA_SD_00483" -4.21611323212075 -2.39607707891975 4.30578230039025 2.30640801065025 7
"PCA_SD_00421" -4.6518854338055 -2.6122236398915 4.6470862615785 2.6170228121185 7
"PCA_SD_00385" -4.76467354249825 -1.08448808895725 -0.299075259107251 6.14823689056275 7
"PCA_SD_00356" -2.497286772525 -2.521146719425 3.564350735275 1.454082756675 7
"PCA_SD_00950" -2.99511676844 0.25191197429 2.26907516924 0.47412962491 7
"PCA_SD_02534" -5.00895948241725 0.34426541871575 3.34727595920575 1.31741810449575 7
"PCA_SD_01120" -5.31723332215975 -0.91100650952675 4.25702436088325 1.97121547080325 7
"PCA_SD_01158" -1.68114223136825 -1.74328343600825 0.27293779776475 3.15148786961175 7
"PCA_SD_01218" -4.87294986747925 -1.48893702715025 4.30614196120975 2.05574493341975 7
"PCA_SD_01212" -4.39027866156 -1.08208318464 3.79314740153 1.67921444467 7
"PCA_SD_01206" -1.5752903511025 -1.8510984321725 2.8905383852375 0.5358503980375 7
"PCA_SD_00730" -5.214635270785 -1.748740591245 4.457673712195 2.505702149835 7
"PCA_SD_00732" -5.5017709052925 -1.9767454279825 4.7038146698275 2.7747016634475 7
"PCA_SD_00656" -4.29748555864625 -3.58452095439125 0.0159021736637506 7.86610433937375 7
"PCA_SD_00688" -5.42079221668 -2.01506062478 4.55638572122 2.87946712024 7
"PCA_SD_01403" -2.0058575392775 -2.5060937759475 3.5755964197625 0.9363548954625 7
"PCA_SD_01691" -2.698688886311 -0.742526922513 -1.206736336683 4.647952145507 7
"PCA_SD_01709" -2.381633566378 -0.435389417684 0.712332600476 2.104690383586 7
"PCA_SD_01707" -1.80050357346875 -1.11257826123375 1.61086854639125 1.30221328831125 7
"PCA_SD_01247" -1.38090690966825 -1.23103145065025 -0.0293573219772501 2.64129568229575 7
"PCA_SD_01294" -5.64393622481 -0.787770886170001 4.1754949327 2.25621217828 7
"PCA_SD_01562" -4.722860185575 0.394955034625 3.344175341095 0.983729809855 7
"PCA_SD_01613" -7.091181665491 -0.329902478503 4.666949495207 2.754134648787 7
"PCA_SD_01612" -5.6624986874465 -0.3689772590345 3.9745701972255 2.0569057492555 7
"PCA_SD_02267" -4.3757670328535 0.3784224543845 3.1355109405645 0.8618336379045 7
"PCA_SD_02226" -1.22205838753775 -2.79636607257675 -1.09037339956775 5.10879785968225 7
"PCA_SD_02245" -3.7569288009375 -2.7280414599275 4.3755202338825 2.1094500269825 7
"PCA_SD_02238" -4.25709136776525 -2.74569397058825 0.385225947641751 6.61755939071175 7
"PCA_SD_02239" -4.3053986155125 -4.4369904452825 1.5213463124775 7.2210427483175 7
"PCA_SD_01990" -1.67963421077375 -0.66516857565875 0.40240268125625 1.94240010517625 7
"PCA_SD_01975" -1.40898751664625 -1.45340357922625 0.29430359099875 2.56808750487375 7
"PCA_SD_01924" -4.24139249427725 -0.01705912744425 3.17904451567575 1.07940710604575 7
"PCA_SD_02741" -4.2170473151675 0.7629858996625 2.2960689561825 1.1579924593225 7
"PCA_SD_02989" -2.0116822681325 -2.9233187183725 -1.3097586434725 6.2447596299775 7
"PCA_SD_03384" -5.63215987684 -1.13940720467 4.54045769096 2.23110939055 7
"PCA_SD_03391" -2.6386111477 -2.5868093322 3.8744621509 1.350958329 7
"PCA_SD_04234" -1.9477332414475 -2.0330618008975 2.8944702433425 1.0863247990025 7
"PCA_SD_04229" -2.50375128248525 -1.70040751960425 3.06321637238475 1.14094242970475 7
"PCA_SD_03334" -3.270551914255 -1.970525994125 1.922354654215 3.318723254165 7
"PCA_SD_03628" -4.83953484842075 -0.52765027437975 3.22273818668025 2.14444693612025 7
"PCA_SD_03629" -4.4921732950555 0.0195111199885001 2.7573403999185 1.7153217751485 7
"PCA_SD_04940" -4.7936967489675 0.6202351324725 3.1107567884225 1.0627048280725 7
"PCA_SD_04349" -3.41195005121525 -0.31165475124825 1.72277291654175 2.00083188592175 7
"PCA_SD_04341" -2.968019364916 -3.084150788666 -0.410290842822 6.462460996404 7
"PCA_SD_04305" -5.11766374606 -2.41961795128 4.70780116937 2.82948052797 7
"PCA_SD_04303" -4.0879101911325 -2.2258637989625 4.0482061716975 2.2655678183975 7
"PCA_SD_04126" -4.976721404059 -0.723376202267001 3.876849089303 1.823248517023 7
"PCA_SD_08187" -4.91629381440575 1.75688698157525 -0.14879973893475 3.30820657176525 7
"PCA_SD_04435" -4.0525858479625 -0.9375210802325 -1.2862118253525 6.2763187535475 7
"PCA_SD_02617" -5.22865891898075 1.65231090460025 -1.02420324808975 4.60055126247025 7
"PCA_SD_02334" -5.11715731367975 -0.35314001016675 3.67504777674325 1.79524954710325 7
"PCA_SD_02319" -3.45927880534375 -3.58861597362075 0.26493167331725 6.78296310564725 7
"PCA_SD_03904" -3.44123110105775 -3.30477371537075 0.15632934617925 6.58967547024925 7
"PCA_SD_03902" -4.57251993801 -0.244290313310001 -0.3596603919 5.17647064322 7
"PCA_SD_03917" -3.7867710217725 -0.822993312272501 3.3003521405675 1.3094121934775 7
"PCA_SD_08130" -4.1639776790625 1.2921608701575 0.4549031139475 2.4169136949575 7
"PCA_SD_06024" -0.8954346436 -2.37168498732 2.07416344197 1.19295618895 7
"PCA_SD_03768" -2.9390445373975 -0.1043269107575 1.4540212185625 1.5893502295925 7
"PCA_SD_04143" -2.2073412848375 -0.4359789192275 1.2626841393725 1.3806360646925 7
"PCA_SD_04192" -6.34820215562325 2.43149842158775 -1.58212774002225 5.49883147405775 7
"PCA_SD_08641" -5.65374867473175 0.95503400446725 3.02736280599725 1.67135186426725 7
"PCA_SD_04775" -2.53081856830175 -1.17453638651675 3.32337687725925 0.38197807755925 7
"PCA_SD_04796" -5.952465524851 0.430272899317 -0.717944506433 6.240137131967 7
"PCA_SD_07078" -3.9198312843825 0.3236100502975 1.3368653030675 2.2593559310175 7
"PCA_SD_07086" -3.99222384321575 -1.92138404087275 -0.20072342463575 6.11433130872425 7
"PCA_SD_06231" -1.4520720506 -2.6354848252 3.28866816725 0.798888708550001 7
"PCA_SD_03090" -1.55550565434 -0.48856805969 -1.45666922796 3.50074294199 7
"PCA_SD_03068" -4.998162484827 0.845637570279 3.041223790619 1.111301123929 7
"PCA_SD_04009" -4.31545479053675 -1.48174632831775 3.82853729847225 1.96866382038225 7
"PCA_SD_07149" -2.0401946923425 -2.1261538175525 2.1087595861975 2.0575889236975 7
"PCA_SD_07106" -4.0345092361135 -1.0702002158355 3.5281281356245 1.5765813163245 7
"PCA_SD_04506" -2.400076174305 -1.632867997175 2.665248654315 1.367695517165 7
"PCA_SD_04504" -4.0690713301275 -1.5109194510575 3.7507593729425 1.8292314082425 7
"PCA_SD_04487" -2.16834204076 -1.33537960411 2.06552012255 1.43820152232 7
"PCA_SD_03822" -1.7426893545425 -1.0351209008225 2.0551868051075 0.722623450257499 7
"PCA_SD_03888" -5.70551907220975 -0.20679903119675 3.93311683760325 1.97920126580325 7
"PCA_SD_03855" -6.10110005325468 -0.0269301555317751 4.26100930509822 1.86702090368822 7
"PCA_SD_09549" -3.929110610797 0.211323339989 0.663764758909 3.054022511899 7
"PCA_SD_04871" -3.195294285838 0.210868804806 2.149735312976 0.834690168056 7
"PCA_SD_06470" -3.1734140823475 -0.1763493438975 2.7549485976725 0.594814828572501 7
"PCA_SD_06503" -1.84485867938 -1.06203158024 -1.91832345398 4.8252137136 7
"PCA_SD_05823" -4.1575605324025 0.288371803757499 -1.9027372888825 5.7719260175275 7
"PCA_SD_05824" -2.076901570045 -0.171111155555 -2.391569515135 4.639582240735 7
"PCA_SD_09379" -7.55348925251 -0.91895673219 0.544621631850001 7.92782435285 7
"PCA_SD_11426" -2.99049231356525 -0.00152275499824972 -2.09214689631825 5.08416196488175 7
"PCA_SD_06119" -3.082218176346 -0.536037868938 2.809442042902 0.808814002382 7
"PCA_SD_04727" -2.637366431075 -1.658754227755 3.183354599295 1.112766059535 7
"PCA_SD_04722" -4.68543363035675 -2.61612279293775 -0.0421931360377501 7.34374955933225 7
"PCA_SD_04720" -2.50333126275025 -3.48762501984925 3.56278714284975 2.42816913974975 7
"PCA_SD_07220" -5.55998036047275 0.23629552705425 3.86194984190425 1.46173499151425 7
"PCA_SD_06884" -3.7096706176325 0.3341103095075 2.5341284819675 0.841431826157501 7
"PCA_SD_05578" -1.88806184576525 -0.62672878964725 -0.34539714655725 2.86018778196975 7
"PCA_SD_11946" -4.55073619757 -1.60194186605 -1.34697302169 7.49965108531 7
"PCA_SD_11933" -2.27725640173 -2.62955869281 2.55449566497 2.35231942957 7
"PCA_SD_10073" -3.58622927795 0.30726476362 2.5937973818 0.68516713253 7
"PCA_SD_05509" -1.541508998375 -3.205248460675 3.909373118325 0.837384340725 7
"PCA_SD_05516" -3.39775244552 -1.54774021462 2.76582394902 2.17966871112 7
"PCA_SD_05403" -4.6542031531305 0.5773839723535 0.3113141131535 3.7655050676235 7
"PCA_SD_05410" -2.439544571245 -2.925975830065 3.149890286255 2.215630115055 7
"PCA_SD_10124" -2.055120895365 -0.878471762545 2.268920862675 0.664671795235 7
"PCA_SD_11855" -4.01759338414675 -0.70286260359775 -0.86481368918775 5.58526967693225 7
"PCA_SD_07929" -1.727565234345 -2.519739399385 3.476872950455 0.770431683275 7
"PCA_SD_06605" -4.1929984863175 0.7439894155225 -1.5849993905675 5.0340084613625 7
"PCA_SD_06588" -2.0869369907275 -0.6639951156275 1.4461314781025 1.3048006282525 7
"PCA_SD_07353" -2.131540742829 -1.651065188189 -0.310289179926 4.092895110944 7
"PCA_SD_09321" -3.0996990596575 -3.2167557816175 0.3544588706725 5.9619959706025 7
"PCA_SD_10375" -2.54704728445527 -2.82562333389157 0.776814198208425 4.59585642013842 7
"PCA_SD_11755" -4.3206685838525 -3.1538956532425 0.3076380729375 7.1669261641575 7
"PCA_SD_07922" -4.7118057957475 -1.4347691174875 0.6671927264725 5.4793821867625 7
"PCA_SD_07892" -3.641290065847 -0.351195652361 3.318797625679 0.673688092529 7
"PCA_SD_08772" -1.87419474968275 -1.94828763178275 0.23350730355825 3.58897507790725 7
"PCA_SD_08006" -2.221567267263 -0.0354120565189999 0.060991620901 2.195987702881 7
"PCA_SD_08027" -1.94196520894375 -2.05679354555675 1.81538054467525 2.18337820982525 7
"PCA_SD_05330" -2.4603305320735 0.3813041404145 -1.3788900986355 3.4579164902945 7
"PCA_SD_07641" -4.46628870958875 -0.19894102188375 2.97133810159625 1.69389162987625 7
"PCA_SD_07631" -3.58578332403975 -0.21161318396675 -2.01347246910675 5.81086897711325 7
"PCA_SD_10361" -4.11351276370125 0.60669143683375 2.52408323822375 0.98273808864375 7
"PCA_SD_09449" -5.260057206733 -0.251205360479 3.773588157861 1.737674409351 7
"PCA_SD_09451" -4.378817707926 -0.296811382338 3.097963445662 1.577665644602 7
"PCA_SD_09456" -6.60844801705125 0.53933306628375 3.98544150701375 2.08367344375375 7
"PCA_SD_09455" -4.4979729298715 -0.5892919512895 3.3132482251505 1.7740166560105 7
"PCA_SD_11783" -2.888308115349 -1.975052011667 2.882904489993 1.980455637023 7
"PCA_SD_11778" -1.525879081245 -2.916624482085 3.310552470055 1.131951093275 7
"PCA_SD_11784" -4.31244399719 -2.11780698759 3.45675311188 2.9734978729 7
"PCA_SD_05725" -4.9333779452375 -1.5307301321075 0.364791909702499 6.0993161676425 7
"PCA_SD_12192" -5.368245 0.4328369 3.452616 1.482793 7
"PCA_SD_10686" -2.939477 -0.4887921 1.781266 1.647003 7
"PCA_SD_10659" -5.916717 -1.825977 4.901945 2.840749 7
"PCA_SD_10672" -2.139541 -0.5403401 1.640062 1.039819 7
"PCA_SD_10662" -3.513076 -1.458564 2.356475 2.615165 7
"PCA_SD_09422" -3.206195 0.5272656 -0.6646183 3.343547 7
"PCA_SD_09421" -4.410703 0.6989759 2.369183 1.342545 7
"PCA_SD_11134" -2.570351 -0.7691263 1.335949 2.003528 7
"PCA_SD_06633" -3.955122 0.543915 2.340786 1.070422 7
"PCA_SD_15273" -2.382199 -2.161585 3.231895 1.311888 7
"PCA_SD_15267" -2.907665 -0.9636295 -0.5009624 4.372257 7
"PCA_SD_06457" -2.311711 -0.9534931 2.236685 1.028519 7
"PCA_SD_13703" -3.969817 -2.129993 4.196232 1.903578 7
"PCA_SD_10455" -5.604792 -0.3856262 4.111431 1.878987 7
"PCA_SD_10454" -5.104265 -1.521819 4.54678 2.079304 7
"PCA_SD_10456" -1.930252 -1.194946 3.199884 -0.07468601 7
"PCA_SD_10453" -3.959595 -1.323776 3.952236 1.331134 7
"PCA_SD_11668" -1.744979 -2.717451 2.444696 2.017735 7
"PCA_SD_11687" -3.513455 -0.6307629 1.697685 2.446534 7
"PCA_SD_16304" -3.66433 -0.9331915 -1.090363 5.687884 7
"PCA_SD_15692" -5.266843 -1.245158 4.010208 2.501792 7
"PCA_SD_13127" -4.319211 -2.354603 0.2820281 6.391786 7
"PCA_SD_10214" -4.802555 -0.6826814 2.884645 2.600592 7
"PCA_SD_08585" -6.225535 1.106978 3.678494 1.440063 7
"PCA_SD_08581" -4.250778 0.18363 2.999743 1.067405 7
"PCA_SD_08604" -5.472012 1.307765 3.364694 0.799554 7
"PCA_SD_08601" -1.9022 -2.064207 3.049214 0.9171925 7
"PCA_SD_14257" -3.163692 -1.396944 -1.041891 5.602528 7
"PCA_SD_14746" -5.909812 -0.02227213 3.900426 2.031659 7
"PCA_SD_09824" -5.74425 0.6895079 3.483114 1.571629 7
"PCA_SD_13308" -4.639848 1.441664 -1.445395 4.64358 7
"PCA_SD_11607" -5.967012 0.2564279 3.571917 2.138667 7
"PCA_SD_14478" -2.534241 -2.687935 3.66879 1.553385 7
"PCA_SD_14108" -3.312358 -4.612226 0.001057008 7.923527 7
"PCA_SD_12905" -3.480707 -3.986494 0.4026313 7.06457 7
"PCA_SD_13955" -3.531773 0.2578029 -0.6739685 3.947938 7
"PCA_SD_13344" -5.958499 -1.708279 0.8227548 6.844023 7
"PCA_SD_13345" -5.12842 0.1183846 3.626682 1.383353 7
"PCA_SD_17533" -4.934127 -0.4578099 3.637317 1.754619 7
"PCA_SD_20330" -1.852041 -3.052003 2.592368 2.311676 7
"PCA_SD_13206" -2.342165 -1.652689 0.9189555 3.075899 7
"PCA_SD_15437" -2.368693 -1.268983 2.402559 1.235117 7
"PCA_SD_17402" -7.059309 -0.5973942 0.1309308 7.525772 7
"PCA_SD_13656" -1.943039 -1.031866 -1.587025 4.56193 7
"PCA_SD_11070" -4.684885 0.5876269 -1.551393 5.648652 7
"PCA_SD_13518" -1.988872 -1.217152 2.422931 0.7830935 7
"PCA_SD_14854" -2.228952 -2.305909 3.633833 0.901028 7
"PCA_SD_14860" -6.613001 -0.8567121 4.293605 3.176108 7
"PCA_SD_14861" -2.921995 -2.344461 3.523524 1.742932 7
"PCA_SD_15949" -2.187917 -3.384881 -0.3955083 5.968306 7
"PCA_SD_15783" -4.617926 -1.037253 -0.2435221 5.898701 7
"PCA_SD_15576" -1.69931 -1.291829 -0.9081625 3.899301 7
"PCA_SD_16746" -6.279803 -0.1705405 -0.4917853 6.942129 7
"PCA_SD_15977" -1.916192 -2.008767 -0.3235628 4.248521 7
"PCA_SD_14614" -2.432543 -2.16469 3.393227 1.204007 7
"PCA_SD_16251" -1.278446 -2.725565 2.622751 1.38126 7
"PCA_SD_19465" -4.342382 1.673701 -0.9039855 3.572666 7
"PCA_SD_22448" -4.286117 0.8270214 2.517572 0.9415242 7
"PCA_SD_18345" -2.681554 -2.792693 -0.179189 5.653436 7
"PCA_SD_25199" -3.725049 -0.305666 3.079312 0.9514034 7
"PCA_SD_17087" -3.113973 1.008627 -1.695856 3.801202 7
"PCA_SD_22940" -1.923035 -1.132262 2.906822 0.1484754 7
"PCA_SD_20883" -3.904642 -3.175264 1.976151 5.103755 7
"PCA_SD_20887" -4.716825 -0.2245081 3.544501 1.396832 7
