1	0	1	-1.502118806884	color=(127,205,187)
1	1	2	-1.989884587066	color=(127,205,187)
1	2	3	-2.389724940402	color=(127,205,187)
1	3	4	-2.4646517488092	color=(127,205,187)
1	4	5	-1.87514505305696	color=(127,205,187)
1	5	6	-3.620269009284	color=(199,233,180)
1	6	7	-1.32510353754668	color=(127,205,187)
1	7	8	-2.8213499921112	color=(127,205,187)
1	8	9	-1.89233692986	color=(127,205,187)
1	9	10	-3.6764437264464	color=(199,233,180)
1	10	11	-1.07236122029434	color=(65,182,196)
1	11	12	-3.8704069144336	color=(199,233,180)
1	12	13	-1.19409889156368	color=(127,205,187)
1	13	14	-2.020300486472	color=(127,205,187)
1	14	15	-1.740881719446	color=(127,205,187)
1	15	16	-2.2477207209428	color=(127,205,187)
1	16	17	-2.318794002352	color=(127,205,187)
1	17	18	-2.494813864482	color=(127,205,187)
1	18	19	-3.090002287366	color=(127,205,187)
1	19	20	-2.2793616407764	color=(127,205,187)
1	20	21	-5.47938741033	color=(199,233,180)
1	21	22	-3.2005199703044	color=(127,205,187)
1	22	23	-2.204579977042	color=(127,205,187)
1	23	24	-4.391094363156	color=(199,233,180)
1	24	25	-4.023508558072	color=(199,233,180)
1	25	26	-2.3760776931146	color=(127,205,187)
1	26	27	-1.4252451668276	color=(127,205,187)
1	27	28	-4.317359911916	color=(199,233,180)
1	28	29	-2.2157607001492	color=(127,205,187)
1	29	30	-0.7154564129638	color=(65,182,196)
1	30	31	-4.914086838938	color=(199,233,180)
1	31	32	-1.292737424996	color=(127,205,187)
1	32	33	-4.1876402595956	color=(199,233,180)
1	33	34	-2.2254663600554	color=(127,205,187)
1	34	35	-2.722034666666	color=(127,205,187)
1	35	36	-2.0701925242836	color=(127,205,187)
1	36	37	-3.181957371786	color=(127,205,187)
1	37	38	-6.14055718924	color=(237,248,177)
1	38	39	-3.0383160614	color=(127,205,187)
1	39	40	-5.399679610512	color=(199,233,180)
1	40	41	-2.9694753490558	color=(127,205,187)
1	41	42	-1.421962902486	color=(127,205,187)
1	42	43	-3.3498702024372	color=(199,233,180)
1	43	44	-4.753574629764	color=(199,233,180)
1	44	45	-2.769413912452	color=(127,205,187)
1	45	46	-1.0025211027338	color=(65,182,196)
1	46	47	-3.160400070134	color=(127,205,187)
1	47	48	-3.541436234456	color=(199,233,180)
1	48	49	-1.51944987422	color=(127,205,187)
1	49	50	-2.6222396583658	color=(127,205,187)
1	50	51	-2.879940730128	color=(127,205,187)
1	51	52	-3.7825932137444	color=(199,233,180)
1	52	53	-1.9544196196396	color=(127,205,187)
1	53	54	-1.14568329474928	color=(127,205,187)
1	54	55	-3.362190320236	color=(199,233,180)
1	55	56	-2.3640751436392	color=(127,205,187)
1	56	57	-1.4447039229	color=(127,205,187)
1	57	58	-3.599839471078	color=(199,233,180)
1	58	59	-3.072920180376	color=(127,205,187)
1	59	60	-2.0698749589	color=(127,205,187)
1	60	61	-3.482906821624	color=(199,233,180)
1	61	62	-1.096935017473	color=(65,182,196)
1	62	63	-1.60157171397989	color=(127,205,187)
1	63	64	-1.509014888328	color=(127,205,187)
1	64	65	-1.87226233436	color=(127,205,187)
1	65	66	-2.290182259964	color=(127,205,187)
1	66	67	-2.19221826792	color=(127,205,187)
1	67	68	-2.993184536702	color=(127,205,187)
1	68	69	-3.010383995116	color=(127,205,187)
1	69	70	-2.6967914808038	color=(127,205,187)
1	70	71	-2.154973678688	color=(127,205,187)
1	71	72	-2.7391203976196	color=(127,205,187)
1	72	73	-2.9007894536946	color=(127,205,187)
1	73	74	-3.397460885386	color=(199,233,180)
1	74	75	-2.3434110598348	color=(127,205,187)
1	75	76	-4.72879975483	color=(199,233,180)
1	76	77	-5.474214250664	color=(199,233,180)
1	77	78	-0.659729193228	color=(65,182,196)
1	78	79	-3.0848490540475	color=(127,205,187)
1	79	80	-2.654701718464	color=(127,205,187)
1	80	81	-1.08724166206798	color=(65,182,196)
1	81	82	-3.265560676104	color=(127,205,187)
1	82	83	-1.9757109579062	color=(127,205,187)
1	83	84	-3.0038392454006	color=(127,205,187)
1	84	85	-3.47146487094	color=(199,233,180)
1	85	86	-2.8469235005234	color=(127,205,187)
1	86	87	-1.95871092433154	color=(127,205,187)
1	87	88	-2.3564165441716	color=(127,205,187)
1	88	89	-1.19419996512	color=(127,205,187)
1	89	90	-3.39549734061	color=(199,233,180)
1	90	91	-3.368700064488	color=(199,233,180)
1	91	92	-1.739221673934	color=(127,205,187)
1	92	93	-4.348000233168	color=(199,233,180)
1	93	94	-1.6766873446464	color=(127,205,187)
1	94	95	-4.19483324971	color=(199,233,180)
1	95	96	-2.304271845792	color=(127,205,187)
1	96	97	-0.7838384933608	color=(65,182,196)
1	97	98	-2.2834389253264	color=(127,205,187)
1	98	99	-1.926198026552	color=(127,205,187)
1	99	100	-3.0225170964428	color=(127,205,187)
1	100	101	-1.900412285092	color=(127,205,187)
1	101	102	-3.8902274550584	color=(199,233,180)
1	102	103	-2.47582529335708	color=(127,205,187)
1	103	104	-2.189738045124	color=(127,205,187)
1	104	105	-1.757760135478	color=(127,205,187)
1	105	106	-2.6569282467264	color=(127,205,187)
1	106	107	-2.2597173371298	color=(127,205,187)
1	107	108	-2.017018446759	color=(127,205,187)
1	108	109	-1.802820278786	color=(127,205,187)
1	109	110	-1.97134571744369	color=(127,205,187)
1	110	111	-0.998463997348	color=(65,182,196)
1	111	112	-1.52147885181908	color=(127,205,187)
1	112	113	-3.003664217416	color=(127,205,187)
1	113	114	-1.89054170977238	color=(127,205,187)
1	114	115	-1.8772191704564	color=(127,205,187)
1	115	116	-2.397071077034	color=(127,205,187)
1	116	117	-2.0347641995686	color=(127,205,187)
1	117	118	-1.39954586167857	color=(127,205,187)
1	118	119	-1.035494634368	color=(65,182,196)
1	119	120	-3.045581503672	color=(127,205,187)
1	120	121	-3.4323365450704	color=(199,233,180)
1	121	122	-3.401455138782	color=(199,233,180)
1	122	123	-1.1785118674794	color=(127,205,187)
1	123	124	-2.773369824502	color=(127,205,187)
1	124	125	-2.3334226469376	color=(127,205,187)
1	125	126	-2.551577707372	color=(127,205,187)
1	126	127	-2.78087521624916	color=(127,205,187)
1	127	128	-4.258992568594	color=(199,233,180)
1	128	129	-1.52164348696	color=(127,205,187)
1	129	130	-4.07295575901	color=(199,233,180)
1	130	131	-2.9478861732752	color=(127,205,187)
1	131	132	-2.717954817987	color=(127,205,187)
1	132	133	-2.248430748582	color=(127,205,187)
1	133	134	-3.25833868077	color=(127,205,187)
1	134	135	-2.5238683100706	color=(127,205,187)
1	135	136	-2.5843445986088	color=(127,205,187)
1	136	137	-1.30127625644322	color=(127,205,187)
1	137	138	-3.111594985106	color=(127,205,187)
1	138	139	-2.2060048204074	color=(127,205,187)
1	139	140	-4.054750834576	color=(199,233,180)
1	140	141	-3.3298766589832	color=(127,205,187)
1	141	142	-1.5584455020096	color=(127,205,187)
1	142	143	-3.6702675178416	color=(199,233,180)
1	143	144	-1.87689162600144	color=(127,205,187)
1	144	145	-1.962105785704	color=(127,205,187)
1	145	146	-2.98841613075546	color=(127,205,187)
1	146	147	-3.24430374531	color=(127,205,187)
1	147	148	-1.73286919747	color=(127,205,187)
2	0	1	-0.993399152268	color=(65,182,196)
2	1	2	-0.5873787293222	color=(65,182,196)
2	2	3	1.9105757864276	color=(29,145,192)
2	3	4	1.2286945694772	color=(29,145,192)
2	4	5	1.717300820522	color=(29,145,192)
2	5	6	1.71777800299	color=(29,145,192)
2	6	7	1.235222212304	color=(29,145,192)
2	7	8	-1.104316934262	color=(65,182,196)
2	8	9	2.065536517817	color=(29,145,192)
2	9	10	2.15657749425	color=(29,145,192)
2	10	11	0.956340549204	color=(65,182,196)
2	11	12	1.1570452175828	color=(29,145,192)
2	12	13	1.584136757156	color=(29,145,192)
2	13	14	0.346405820918	color=(65,182,196)
2	14	15	-0.4287605362716	color=(65,182,196)
2	15	16	1.101893592898	color=(29,145,192)
2	16	17	0.572013960146	color=(65,182,196)
2	17	18	1.282086414788	color=(29,145,192)
2	18	19	1.506250410198	color=(29,145,192)
2	19	20	1.1395545092512	color=(29,145,192)
2	20	21	-0.8185357347076	color=(65,182,196)
2	21	22	-0.640999788644001	color=(65,182,196)
2	22	23	0.23930429393	color=(65,182,196)
2	23	24	0.798265447876	color=(65,182,196)
2	24	25	-1.265166396649	color=(127,205,187)
2	25	26	1.0599107465148	color=(65,182,196)
2	26	27	0.068142238551	color=(65,182,196)
2	27	28	2.1037411931238	color=(29,145,192)
2	28	29	-1.44781654762736	color=(127,205,187)
2	29	30	-0.6205316802648	color=(65,182,196)
2	30	31	0.7861815286454	color=(65,182,196)
2	31	32	1.5861867207914	color=(29,145,192)
2	32	33	1.3256792907554	color=(29,145,192)
2	33	34	1.2952622987152	color=(29,145,192)
2	34	35	1.1088748094152	color=(29,145,192)
2	35	36	-3.7391636261532	color=(199,233,180)
2	36	37	0.1084880812668	color=(65,182,196)
2	37	38	-1.2821989293126	color=(127,205,187)
2	38	39	1.694142668644	color=(29,145,192)
2	39	40	-0.2839402329152	color=(65,182,196)
2	40	41	-0.503893873171	color=(65,182,196)
2	41	42	1.284271570226	color=(29,145,192)
2	42	43	-0.3521660196066	color=(65,182,196)
2	43	44	-0.0478796148234001	color=(65,182,196)
2	44	45	-0.24023070439464	color=(65,182,196)
2	45	46	0.135391392292	color=(65,182,196)
2	46	47	-2.6430450212964	color=(127,205,187)
2	47	48	1.8168361266374	color=(29,145,192)
2	48	49	1.235987410674	color=(29,145,192)
2	49	50	-1.6669626943104	color=(127,205,187)
2	50	51	-0.51827356274762	color=(65,182,196)
2	51	52	-0.5787510261264	color=(65,182,196)
2	52	53	-1.79524930712366	color=(127,205,187)
2	53	54	1.289158960736	color=(29,145,192)
2	54	55	0.834220618282001	color=(65,182,196)
2	55	56	1.7941356261126	color=(29,145,192)
2	56	57	0.972144703714	color=(65,182,196)
2	57	58	0.8672981107194	color=(65,182,196)
2	58	59	0.0159774012228	color=(65,182,196)
2	59	60	2.095705427186	color=(29,145,192)
2	60	61	0.931266766164001	color=(65,182,196)
2	61	62	-3.0955580167618	color=(127,205,187)
2	62	63	0.908950393425799	color=(65,182,196)
2	63	64	-0.0870772773499999	color=(65,182,196)
2	64	65	0.4360728935906	color=(65,182,196)
2	65	66	-1.3214744161808	color=(127,205,187)
2	66	67	0.6661879682442	color=(65,182,196)
2	67	68	0.16142202785	color=(65,182,196)
2	68	69	2.071186332048	color=(29,145,192)
2	69	70	1.498458894431	color=(29,145,192)
2	70	71	-0.253605058054	color=(65,182,196)
2	71	72	1.7149488125604	color=(29,145,192)
2	72	73	1.4592988591	color=(29,145,192)
2	73	74	-1.56294278367904	color=(127,205,187)
2	74	75	0.498270771872	color=(65,182,196)
2	75	76	1.871073261746	color=(29,145,192)
2	76	77	1.8605605064	color=(29,145,192)
2	77	78	1.971936081062	color=(29,145,192)
2	78	79	-0.704202333160001	color=(65,182,196)
2	79	80	-1.42744030799388	color=(127,205,187)
2	80	81	1.443142828676	color=(29,145,192)
2	81	82	-0.69144019940212	color=(65,182,196)
2	82	83	0.00280333521400067	color=(65,182,196)
2	83	84	0.9830058952176	color=(65,182,196)
2	84	85	0.2729434100306	color=(65,182,196)
2	85	86	1.681243426534	color=(29,145,192)
2	86	87	0.92483211722688	color=(65,182,196)
2	87	88	-1.65357316232692	color=(127,205,187)
2	88	89	-1.35866138850864	color=(127,205,187)
2	89	90	0.126927066884	color=(65,182,196)
2	90	91	1.1670196625974	color=(29,145,192)
2	91	92	-1.8897544334404	color=(127,205,187)
2	92	93	-0.8240638780324	color=(65,182,196)
2	93	94	-0.0647707431257998	color=(65,182,196)
2	94	95	1.253386376938	color=(29,145,192)
2	95	96	-0.269000684634	color=(65,182,196)
2	96	97	-0.6150708865888	color=(65,182,196)
2	97	98	1.008611261884	color=(65,182,196)
2	98	99	-0.5632816156424	color=(65,182,196)
2	99	100	1.699812534012	color=(29,145,192)
2	100	101	1.39428714514	color=(29,145,192)
2	101	102	0.0381597586	color=(65,182,196)
2	102	103	-0.7863928425886	color=(65,182,196)
2	103	104	1.959087735506	color=(29,145,192)
2	104	105	0.59186136407	color=(65,182,196)
2	105	106	1.91068857293	color=(29,145,192)
2	106	107	-1.77822732681108	color=(127,205,187)
2	107	108	0.0542794202779997	color=(65,182,196)
2	108	109	0.829010148104	color=(65,182,196)
2	109	110	-1.300511169474	color=(127,205,187)
2	110	111	0.1773945249658	color=(65,182,196)
2	111	112	-0.3643783383024	color=(65,182,196)
2	112	113	1.584864873911	color=(29,145,192)
2	113	114	1.2603887869602	color=(29,145,192)
2	114	115	-2.4867947140218	color=(127,205,187)
2	115	116	0.1146281955532	color=(65,182,196)
2	116	117	1.304263162506	color=(29,145,192)
2	117	118	2.06417902540358	color=(29,145,192)
2	118	119	1.1111385824866	color=(29,145,192)
2	119	120	-0.4585104290372	color=(65,182,196)
2	120	121	1.5371972359678	color=(29,145,192)
2	121	122	1.9252346705798	color=(29,145,192)
2	122	123	2.015866695514	color=(29,145,192)
2	123	124	1.7254578773624	color=(29,145,192)
2	124	125	-1.60462134798664	color=(127,205,187)
2	125	126	0.0950773602572	color=(65,182,196)
2	126	127	-1.3081557852056	color=(127,205,187)
2	127	128	0.9390270169866	color=(65,182,196)
2	128	129	0.1315864039814	color=(65,182,196)
2	129	130	-0.793301754558	color=(65,182,196)
2	130	131	-0.275672813996	color=(65,182,196)
2	131	132	-0.985930057206	color=(65,182,196)
2	132	133	2.226734768832	color=(29,145,192)
2	133	134	1.282870414396	color=(29,145,192)
2	134	135	1.275730579008	color=(29,145,192)
2	135	136	1.44387042874	color=(29,145,192)
2	136	137	0.831063211944	color=(65,182,196)
2	137	138	-1.104051365622	color=(65,182,196)
2	138	139	-0.725194234880001	color=(65,182,196)
2	139	140	1.707419687395	color=(29,145,192)
2	140	141	1.084162132016	color=(65,182,196)
2	141	142	1.665243766716	color=(29,145,192)
2	142	143	-0.04601257819	color=(65,182,196)
2	143	144	1.4400545770876	color=(29,145,192)
2	144	145	0.0580060810359999	color=(65,182,196)
2	145	146	2.07425074134	color=(29,145,192)
2	146	147	0.62144946609208	color=(65,182,196)
2	147	148	0.3512048225236	color=(65,182,196)
2	148	149	-0.1554053706828	color=(65,182,196)
2	149	150	-0.50086568541	color=(65,182,196)
2	150	151	-1.104799939326	color=(65,182,196)
2	151	152	1.5352182417784	color=(29,145,192)
2	152	153	1.5771822427152	color=(29,145,192)
2	153	154	0.6512739326396	color=(65,182,196)
2	154	155	-3.116127110346	color=(127,205,187)
2	155	156	-2.7984308182034	color=(127,205,187)
2	156	157	-0.0515298021884001	color=(65,182,196)
2	157	158	-2.236073327056	color=(127,205,187)
2	158	159	0.0968899017160005	color=(65,182,196)
2	159	160	0.633607906457	color=(65,182,196)
2	160	161	1.826393616879	color=(29,145,192)
2	161	162	-1.503346499598	color=(127,205,187)
2	162	163	0.6036843731746	color=(65,182,196)
2	163	164	0.779927394798	color=(65,182,196)
2	164	165	-0.3582839215406	color=(65,182,196)
2	165	166	-1.3861129655104	color=(127,205,187)
2	166	167	1.485531760122	color=(29,145,192)
2	167	168	-1.3177801404604	color=(127,205,187)
2	168	169	0.54332899146	color=(65,182,196)
2	169	170	0.547417622726	color=(65,182,196)
2	170	171	-0.2159298648624	color=(65,182,196)
2	171	172	-2.2506710694168	color=(127,205,187)
2	172	173	1.4866230327586	color=(29,145,192)
2	173	174	-0.6089714174792	color=(65,182,196)
2	174	175	-1.956900354711	color=(127,205,187)
2	175	176	1.39915529627	color=(29,145,192)
2	176	177	-1.10297049171618	color=(65,182,196)
2	177	178	-0.115443963013	color=(65,182,196)
2	178	179	-0.21118505575	color=(65,182,196)
2	179	180	0.0908859750179998	color=(65,182,196)
2	180	181	-1.114674574453	color=(65,182,196)
2	181	182	1.08238207552	color=(65,182,196)
2	182	183	2.060359994556	color=(29,145,192)
2	183	184	-0.5174277349311	color=(65,182,196)
2	184	185	-2.02554583285768	color=(127,205,187)
2	185	186	1.266247215328	color=(29,145,192)
2	186	187	-0.570445032470001	color=(65,182,196)
2	187	188	-0.3078339801336	color=(65,182,196)
2	188	189	0.605414030404	color=(65,182,196)
2	189	190	-0.10972267810466	color=(65,182,196)
2	190	191	0.1105427775922	color=(65,182,196)
2	191	192	1.513662276262	color=(29,145,192)
2	192	193	0.536121224528	color=(65,182,196)
2	193	194	-0.770238304216	color=(65,182,196)
2	194	195	1.7724452314446	color=(29,145,192)
2	195	196	-0.60153177320202	color=(65,182,196)
2	196	197	-0.1038598581716	color=(65,182,196)
2	197	198	1.9487724085534	color=(29,145,192)
2	198	199	1.1179292388222	color=(29,145,192)
2	199	200	0.1577744081606	color=(65,182,196)
2	200	201	0.86775516383	color=(65,182,196)
2	201	202	-1.0000455905072	color=(65,182,196)
2	202	203	0.5300679182034	color=(65,182,196)
2	203	204	0.36627899454	color=(65,182,196)
2	204	205	1.081505990364	color=(65,182,196)
2	205	206	-0.683526748912	color=(65,182,196)
2	206	207	-1.77087556029842	color=(127,205,187)
2	207	208	1.26567871463	color=(29,145,192)
2	208	209	-1.6131997410208	color=(127,205,187)
2	209	210	0.6223149418272	color=(65,182,196)
2	210	211	0.4254958613984	color=(65,182,196)
2	211	212	1.352820630084	color=(29,145,192)
2	212	213	-0.143830064408	color=(65,182,196)
2	213	214	1.3308626386164	color=(29,145,192)
2	214	215	2.075976372274	color=(29,145,192)
2	215	216	0.42095346455148	color=(65,182,196)
2	216	217	-1.211770273779	color=(127,205,187)
2	217	218	1.3205104960764	color=(29,145,192)
2	218	219	0.2412103506886	color=(65,182,196)
2	219	220	0.990817912084001	color=(65,182,196)
2	220	221	-0.375100609354	color=(65,182,196)
2	221	222	1.8983948548604	color=(29,145,192)
2	222	223	0.221061137977999	color=(65,182,196)
2	223	224	-3.0020271096922	color=(127,205,187)
2	224	225	-1.0652276090798	color=(65,182,196)
2	225	226	1.6645235473588	color=(29,145,192)
2	226	227	-0.2542285157446	color=(65,182,196)
2	227	228	0.361943149958	color=(65,182,196)
2	228	229	-1.1290791553184	color=(127,205,187)
2	229	230	0.18882998059	color=(65,182,196)
2	230	231	0.6468781566338	color=(65,182,196)
2	231	232	0.566701494371999	color=(65,182,196)
2	232	233	0.0403860338220001	color=(65,182,196)
2	233	234	-2.222085129602	color=(127,205,187)
2	234	235	0.9342472180578	color=(65,182,196)
2	235	236	0.1091905083064	color=(65,182,196)
2	236	237	-0.807380026174	color=(65,182,196)
2	237	238	-0.8224464710346	color=(65,182,196)
2	238	239	-1.1086659482552	color=(65,182,196)
2	239	240	-0.2821060806492	color=(65,182,196)
2	240	241	-0.3610208142112	color=(65,182,196)
2	241	242	-0.3393494696808	color=(65,182,196)
2	242	243	0.569122760314	color=(65,182,196)
2	243	244	-0.35583917214	color=(65,182,196)
2	244	245	0.7740372789934	color=(65,182,196)
2	245	246	2.2549504065842	color=(29,145,192)
2	246	247	-2.00938409248604	color=(127,205,187)
2	247	248	-1.4480128571954	color=(127,205,187)
2	248	249	1.1953934581572	color=(29,145,192)
2	249	250	0.4128408332248	color=(65,182,196)
2	250	251	0.887038223534	color=(65,182,196)
2	251	252	0.991497942946	color=(65,182,196)
2	252	253	1.4408006408526	color=(29,145,192)
2	253	254	0.8588359384456	color=(65,182,196)
2	254	255	-0.6084279686894	color=(65,182,196)
2	255	256	0.6203166778078	color=(65,182,196)
2	256	257	-2.5179532776885	color=(127,205,187)
2	257	258	-0.231533759007	color=(65,182,196)
2	258	259	0.35303486324044	color=(65,182,196)
2	259	260	-0.1267878777502	color=(65,182,196)
2	260	261	0.495109427838	color=(65,182,196)
2	261	262	2.37760988125	color=(29,145,192)
2	262	263	2.952747001504	color=(29,145,192)
2	263	264	-2.410089928392	color=(127,205,187)
2	264	265	-0.645798164948	color=(65,182,196)
2	265	266	-1.799318215064	color=(127,205,187)
2	266	267	0.220778179208001	color=(65,182,196)
2	267	268	1.5583484336506	color=(29,145,192)
2	268	269	1.3971178683608	color=(29,145,192)
2	269	270	0.3238117362534	color=(65,182,196)
2	270	271	0.91856315268494	color=(65,182,196)
2	271	272	-0.9315559866188	color=(65,182,196)
2	272	273	0.9633474352484	color=(65,182,196)
2	273	274	0.1768808218472	color=(65,182,196)
3	0	1	1.11764453783616	color=(29,145,192)
3	1	2	2.05161687658	color=(29,145,192)
3	2	3	2.67293673413	color=(29,145,192)
3	3	4	1.034080550824	color=(65,182,196)
3	4	5	1.537968474208	color=(29,145,192)
3	5	6	2.552443952994	color=(29,145,192)
3	6	7	3.763425661958	color=(34,94,168)
3	7	8	-0.566239005972	color=(65,182,196)
3	8	9	0.816649425794	color=(65,182,196)
3	9	10	1.997209238588	color=(29,145,192)
3	10	11	3.8236971734896	color=(34,94,168)
3	11	12	0.0615712680359994	color=(65,182,196)
3	12	13	-1.299249642054	color=(127,205,187)
3	13	14	-0.537515117746	color=(65,182,196)
3	14	15	-0.5055488193028	color=(65,182,196)
3	15	16	0.915671742681	color=(65,182,196)
3	16	17	-0.3038147240626	color=(65,182,196)
3	17	18	1.8246974535578	color=(29,145,192)
3	18	19	1.12222291119	color=(29,145,192)
3	19	20	1.362717863508	color=(29,145,192)
3	20	21	1.139414549675	color=(29,145,192)
3	21	22	2.571967355102	color=(29,145,192)
3	22	23	1.086146218048	color=(65,182,196)
3	23	24	2.8508218247064	color=(29,145,192)
3	24	25	1.6627596715604	color=(29,145,192)
3	25	26	0.919535000694	color=(65,182,196)
3	26	27	1.016165407592	color=(65,182,196)
3	27	28	0.4630123718	color=(65,182,196)
3	28	29	-2.0164407256	color=(127,205,187)
3	29	30	0.0262845440354003	color=(65,182,196)
3	30	31	-0.9585220937574	color=(65,182,196)
3	31	32	1.6625287607172	color=(29,145,192)
3	32	33	2.441310471874	color=(29,145,192)
3	33	34	1.571457454328	color=(29,145,192)
3	34	35	1.0372416019354	color=(65,182,196)
3	35	36	0.4128570325154	color=(65,182,196)
3	36	37	2.5687879162976	color=(29,145,192)
3	37	38	4.422055253384	color=(34,94,168)
3	38	39	5.363093409152	color=(34,94,168)
3	39	40	1.2268226101788	color=(29,145,192)
3	40	41	0.21946614513356	color=(65,182,196)
3	41	42	-1.9304567090054	color=(127,205,187)
3	42	43	1.402063242726	color=(29,145,192)
3	43	44	0.6190870338576	color=(65,182,196)
3	44	45	-0.21487536080838	color=(65,182,196)
3	45	46	-0.755510033892	color=(65,182,196)
3	46	47	-1.7777445222212	color=(127,205,187)
3	47	48	-0.4464851447696	color=(65,182,196)
3	48	49	0.104960123275999	color=(65,182,196)
3	49	50	4.12527074926652	color=(34,94,168)
3	50	51	1.3240454252722	color=(29,145,192)
3	51	52	0.021827040602	color=(65,182,196)
3	52	53	0.6920628128474	color=(65,182,196)
3	53	54	1.540773811648	color=(29,145,192)
3	54	55	1.5276777313344	color=(29,145,192)
3	55	56	2.2483381861468	color=(29,145,192)
3	56	57	3.820896282632	color=(34,94,168)
3	57	58	-0.51892231490858	color=(65,182,196)
3	58	59	3.186577042452	color=(29,145,192)
3	59	60	1.037546481646	color=(65,182,196)
3	60	61	-0.404419905592	color=(65,182,196)
3	61	62	0.60997776023332	color=(65,182,196)
3	62	63	1.5014511682868	color=(29,145,192)
3	63	64	0.245443713118	color=(65,182,196)
3	64	65	0.31026463980934	color=(65,182,196)
3	65	66	0.779276649742	color=(65,182,196)
3	66	67	2.605690999822	color=(29,145,192)
3	67	68	1.036653374888	color=(65,182,196)
3	68	69	1.935232298998	color=(29,145,192)
3	69	70	1.6637794631534	color=(29,145,192)
3	70	71	0.525351114350074	color=(65,182,196)
3	71	72	1.7447090700104	color=(29,145,192)
3	72	73	2.060658286796	color=(29,145,192)
3	73	74	2.331287809484	color=(29,145,192)
3	74	75	1.76045274585072	color=(29,145,192)
3	75	76	2.8115463128316	color=(29,145,192)
3	76	77	2.6324089468772	color=(29,145,192)
3	77	78	-1.8173508494484	color=(127,205,187)
3	78	79	0.6376874308642	color=(65,182,196)
3	79	80	2.086023946306	color=(29,145,192)
3	80	81	1.648440828848	color=(29,145,192)
3	81	82	1.9383052997858	color=(29,145,192)
3	82	83	0.9529536484864	color=(65,182,196)
3	83	84	-0.07953919542	color=(65,182,196)
3	84	85	2.017491669695	color=(29,145,192)
3	85	86	-1.19134461629484	color=(127,205,187)
3	86	87	1.8408472966992	color=(29,145,192)
3	87	88	0.913528417248	color=(65,182,196)
3	88	89	-2.4563260271448	color=(127,205,187)
3	89	90	1.137187764642	color=(29,145,192)
3	90	91	-0.308544177872	color=(65,182,196)
3	91	92	0.60315926807	color=(65,182,196)
3	92	93	-0.1309809702852	color=(65,182,196)
3	93	94	4.74131094761856	color=(34,94,168)
3	94	95	-0.126183522318001	color=(65,182,196)
3	95	96	-0.0951805119996001	color=(65,182,196)
3	96	97	2.940546147618	color=(29,145,192)
3	97	98	0.8867988429474	color=(65,182,196)
3	98	99	-2.9877045751926	color=(127,205,187)
3	99	100	3.6245951162636	color=(34,94,168)
3	100	101	2.5344025574236	color=(29,145,192)
3	101	102	-0.5432130747858	color=(65,182,196)
3	102	103	-0.0863188575300002	color=(65,182,196)
3	103	104	1.095115757556	color=(65,182,196)
3	104	105	-3.041019091105	color=(127,205,187)
3	105	106	-1.5329827340424	color=(127,205,187)
3	106	107	3.372564087512	color=(34,94,168)
3	107	108	3.76638324015	color=(34,94,168)
3	108	109	-0.1304794847342	color=(65,182,196)
3	109	110	3.0422636311374	color=(29,145,192)
3	110	111	4.312355802786	color=(34,94,168)
3	111	112	0.626288770057401	color=(65,182,196)
3	112	113	0.748151886414	color=(65,182,196)
3	113	114	2.1419040044292	color=(29,145,192)
3	114	115	-0.385450375184	color=(65,182,196)
3	115	116	-0.8186894122152	color=(65,182,196)
3	116	117	2.1150605361006	color=(29,145,192)
3	117	118	2.445497316876	color=(29,145,192)
3	118	119	3.6931895399234	color=(34,94,168)
3	119	120	3.9647288430576	color=(34,94,168)
3	120	121	4.239607279482	color=(34,94,168)
3	121	122	0.29544291413	color=(65,182,196)
3	122	123	-2.74486101639	color=(127,205,187)
3	123	124	5.80948310752	color=(37,52,148)
3	124	125	-2.4632247499962	color=(127,205,187)
3	125	126	2.7508954587172	color=(29,145,192)
3	126	127	-1.41792470816716	color=(127,205,187)
3	127	128	1.435536125268	color=(29,145,192)
3	128	129	2.398542242648	color=(29,145,192)
3	129	130	2.3707675310114	color=(29,145,192)
3	130	131	2.4162230875956	color=(29,145,192)
3	131	132	0.726785483344	color=(65,182,196)
3	132	133	0.6547572537036	color=(65,182,196)
3	133	134	-0.5473921684754	color=(65,182,196)
3	134	135	-0.2461694294284	color=(65,182,196)
3	135	136	0.4892804031372	color=(65,182,196)
3	136	137	-0.492370391464999	color=(65,182,196)
3	137	138	-1.7829822251242	color=(127,205,187)
3	138	139	1.0761575941308	color=(65,182,196)
3	139	140	1.759047864108	color=(29,145,192)
3	140	141	1.9192358234598	color=(29,145,192)
3	141	142	1.1663093003154	color=(29,145,192)
3	142	143	4.012956911908	color=(34,94,168)
3	143	144	1.76641664166	color=(29,145,192)
3	144	145	4.8587467672294	color=(34,94,168)
3	145	146	3.9293523064812	color=(34,94,168)
3	146	147	-0.2446413531174	color=(65,182,196)
3	147	148	3.3130357800802	color=(29,145,192)
3	148	149	-0.178178527676	color=(65,182,196)
3	149	150	1.5196448114678	color=(29,145,192)
3	150	151	1.2664808316702	color=(29,145,192)
3	151	152	0.6856334111786	color=(65,182,196)
3	152	153	0.800782802276	color=(65,182,196)
3	153	154	0.955879026874	color=(65,182,196)
3	154	155	2.769052436958	color=(29,145,192)
3	155	156	0.853321123594	color=(65,182,196)
3	156	157	3.077663444892	color=(29,145,192)
3	157	158	2.3252996255664	color=(29,145,192)
3	158	159	1.7736418781346	color=(29,145,192)
3	159	160	0.62870493834	color=(65,182,196)
3	160	161	0.00729577648480007	color=(65,182,196)
3	161	162	2.501886716328	color=(29,145,192)
3	162	163	1.30411079282062	color=(29,145,192)
3	163	164	1.616311292154	color=(29,145,192)
3	164	165	1.219598884764	color=(29,145,192)
3	165	166	0.1536118090208	color=(65,182,196)
3	166	167	1.469506368358	color=(29,145,192)
3	167	168	1.090835421344	color=(65,182,196)
3	168	169	1.04436912447	color=(65,182,196)
3	169	170	2.6528475496	color=(29,145,192)
3	170	171	0.754048971458	color=(65,182,196)
3	171	172	4.1329428706714	color=(34,94,168)
3	172	173	0.4715390577022	color=(65,182,196)
3	173	174	0.1459219169206	color=(65,182,196)
3	174	175	0.162530581907481	color=(65,182,196)
3	175	176	-0.9773879962982	color=(65,182,196)
3	176	177	-0.7342562638242	color=(65,182,196)
3	177	178	4.6756793609692	color=(34,94,168)
3	178	179	0.0594032271374001	color=(65,182,196)
3	179	180	2.354007790252	color=(29,145,192)
3	180	181	3.74004722363	color=(34,94,168)
3	181	182	-2.474497780916	color=(127,205,187)
3	182	183	-0.915909223498001	color=(65,182,196)
3	183	184	1.2884418986344	color=(29,145,192)
3	184	185	1.9232083889372	color=(29,145,192)
3	185	186	-2.47094693135438	color=(127,205,187)
3	186	187	2.3723846232024	color=(29,145,192)
3	187	188	0.9672018418398	color=(65,182,196)
3	188	189	0.194447687148	color=(65,182,196)
3	189	190	0.264164343608	color=(65,182,196)
3	190	191	0.156136148185	color=(65,182,196)
3	191	192	3.780595784886	color=(34,94,168)
3	192	193	0.3834948757962	color=(65,182,196)
3	193	194	2.4807251698506	color=(29,145,192)
3	194	195	2.751260843424	color=(29,145,192)
3	195	196	0.2117734332506	color=(65,182,196)
3	196	197	-0.71277505362586	color=(65,182,196)
3	197	198	3.5868193780394	color=(34,94,168)
3	198	199	0.0702734372619997	color=(65,182,196)
3	199	200	1.93260600666	color=(29,145,192)
3	200	201	2.1853443445802	color=(29,145,192)
3	201	202	-1.2034695260632	color=(127,205,187)
3	202	203	0.521623405728	color=(65,182,196)
3	203	204	1.37957414728858	color=(29,145,192)
3	204	205	4.780088229428	color=(34,94,168)
3	205	206	-0.0727954717976	color=(65,182,196)
3	206	207	-0.726002068174	color=(65,182,196)
3	207	208	3.133078813354	color=(29,145,192)
3	208	209	0.407659710775199	color=(65,182,196)
3	209	210	1.8904910388138	color=(29,145,192)
3	210	211	2.353448079792	color=(29,145,192)
3	211	212	1.044566552326	color=(65,182,196)
3	212	213	1.00852045117	color=(65,182,196)
3	213	214	0.5379366360886	color=(65,182,196)
3	214	215	0.54184159253	color=(65,182,196)
3	215	216	2.275976255118	color=(29,145,192)
3	216	217	1.2403062769508	color=(29,145,192)
3	217	218	-0.1865060288256	color=(65,182,196)
3	218	219	2.622356056264	color=(29,145,192)
3	219	220	0.710789181812	color=(65,182,196)
3	220	221	0.43699703828	color=(65,182,196)
3	221	222	2.4665780321044	color=(29,145,192)
3	222	223	-0.1097235357404	color=(65,182,196)
3	223	224	2.334044322578	color=(29,145,192)
3	224	225	-0.630624023918	color=(65,182,196)
3	225	226	-0.934943717317999	color=(65,182,196)
3	226	227	1.8764721181012	color=(29,145,192)
4	0	1	-0.1809087149	color=(65,182,196)
4	1	2	-0.473092153124	color=(65,182,196)
4	2	3	-0.3671781507932	color=(65,182,196)
4	3	4	-0.333174592025999	color=(65,182,196)
4	4	5	1.140016978235	color=(29,145,192)
4	5	6	-0.728428905075	color=(65,182,196)
4	6	7	-1.310561588832	color=(127,205,187)
4	7	8	-1.02970871790024	color=(65,182,196)
4	8	9	-0.1039792304538	color=(65,182,196)
4	9	10	-0.302514173350001	color=(65,182,196)
4	10	11	-0.697334120639999	color=(65,182,196)
4	11	12	-2.060585676136	color=(127,205,187)
4	12	13	0.14343322416	color=(65,182,196)
4	13	14	-0.1672872970126	color=(65,182,196)
4	14	15	-1.248477202676	color=(127,205,187)
4	15	16	-1.358256545214	color=(127,205,187)
4	16	17	-1.351467199452	color=(127,205,187)
4	17	18	-0.85698880248	color=(65,182,196)
4	18	19	-2.877041439356	color=(127,205,187)
4	19	20	-2.646574770526	color=(127,205,187)
4	20	21	-0.85485831894	color=(65,182,196)
4	21	22	-1.57317268221	color=(127,205,187)
4	22	23	-0.987207046466001	color=(65,182,196)
4	23	24	0.3899520435584	color=(65,182,196)
4	24	25	-2.79395861435	color=(127,205,187)
4	25	26	-0.2057432248538	color=(65,182,196)
4	26	27	-0.921372125884	color=(65,182,196)
4	27	28	-2.860667443738	color=(127,205,187)
4	28	29	-0.398026726496	color=(65,182,196)
4	29	30	-1.447509603194	color=(127,205,187)
4	30	31	-2.1423375198736	color=(127,205,187)
4	31	32	0.571971665486	color=(65,182,196)
4	32	33	-3.149381153496	color=(127,205,187)
4	33	34	-0.909942095829999	color=(65,182,196)
4	34	35	-0.119870654050001	color=(65,182,196)
4	35	36	-1.6284805179632	color=(127,205,187)
4	36	37	-0.8338386907776	color=(65,182,196)
4	37	38	-4.247276805242	color=(199,233,180)
4	38	39	-3.04153708821	color=(127,205,187)
4	39	40	0.222861912521999	color=(65,182,196)
4	40	41	-0.597587039432	color=(65,182,196)
4	41	42	0.726256164640001	color=(65,182,196)
4	42	43	-2.7313832720472	color=(127,205,187)
4	43	44	0.075164778406	color=(65,182,196)
4	44	45	-0.884045165260001	color=(65,182,196)
4	45	46	0.0543239875420003	color=(65,182,196)
4	46	47	-2.9026701220084	color=(127,205,187)
4	47	48	-2.358582477856	color=(127,205,187)
4	48	49	-1.217503355554	color=(127,205,187)
4	49	50	-0.417717473898	color=(65,182,196)
4	50	51	-1.24594358926	color=(127,205,187)
4	51	52	-2.33988471822	color=(127,205,187)
4	52	53	-0.7577548614072	color=(65,182,196)
4	53	54	-2.412127447482	color=(127,205,187)
4	54	55	-0.541458638689999	color=(65,182,196)
4	55	56	0.44820561185	color=(65,182,196)
4	56	57	-1.7958107500772	color=(127,205,187)
4	57	58	-2.1346636711048	color=(127,205,187)
4	58	59	-1.168510039982	color=(127,205,187)
4	59	60	-1.074150613958	color=(65,182,196)
4	60	61	-1.0377572197232	color=(65,182,196)
4	61	62	-2.355512178408	color=(127,205,187)
4	62	63	-1.656465251886	color=(127,205,187)
4	63	64	-1.945302386828	color=(127,205,187)
4	64	65	-4.002140104004	color=(199,233,180)
4	65	66	-0.789189174262001	color=(65,182,196)
4	66	67	-1.641604918606	color=(127,205,187)
4	67	68	-1.10664263280784	color=(65,182,196)
4	68	69	-0.708913024339999	color=(65,182,196)
4	69	70	0.387534921984001	color=(65,182,196)
4	70	71	0.00928277114600018	color=(65,182,196)
4	71	72	-0.0209608109720003	color=(65,182,196)
4	72	73	-4.676391319478	color=(199,233,180)
4	73	74	-0.568631507776	color=(65,182,196)
4	74	75	-0.8923906833148	color=(65,182,196)
4	75	76	-1.884507758069	color=(127,205,187)
4	76	77	-0.8340802094554	color=(65,182,196)
4	77	78	-0.63409566585262	color=(65,182,196)
4	78	79	-1.0228752952	color=(65,182,196)
4	79	80	-0.52007034367001	color=(65,182,196)
4	80	81	-1.711056830694	color=(127,205,187)
4	81	82	-0.651838375178	color=(65,182,196)
4	82	83	-0.214878335079	color=(65,182,196)
4	83	84	-1.017059694748	color=(65,182,196)
4	84	85	-0.356470703026	color=(65,182,196)
4	85	86	-1.601054365188	color=(127,205,187)
4	86	87	-1.142997417692	color=(127,205,187)
4	87	88	-0.5583314860552	color=(65,182,196)
4	88	89	-3.817606533642	color=(199,233,180)
4	89	90	-0.0845795117540007	color=(65,182,196)
4	90	91	-3.7698526457176	color=(199,233,180)
4	91	92	-1.822661404672	color=(127,205,187)
4	92	93	-0.79942613585988	color=(65,182,196)
4	93	94	-1.217165309358	color=(127,205,187)
4	94	95	-0.7068126421044	color=(65,182,196)
4	95	96	-0.973880805532	color=(65,182,196)
4	96	97	-1.417116629432	color=(127,205,187)
4	97	98	-0.0523304625500001	color=(65,182,196)
4	98	99	-1.1306135534646	color=(127,205,187)
4	99	100	-2.201434864446	color=(127,205,187)
4	100	101	-0.534156138903999	color=(65,182,196)
4	101	102	-1.8262398127	color=(127,205,187)
4	102	103	-0.546453364796	color=(65,182,196)
4	103	104	-0.3673613018336	color=(65,182,196)
4	104	105	-2.310144858982	color=(127,205,187)
4	105	106	0.3767786969368	color=(65,182,196)
4	106	107	-0.733270229502	color=(65,182,196)
4	107	108	-0.670845890828	color=(65,182,196)
4	108	109	-0.6112959126984	color=(65,182,196)
4	109	110	1.698291914908	color=(29,145,192)
4	110	111	0.169313080156	color=(65,182,196)
4	111	112	-0.72967426758904	color=(65,182,196)
4	112	113	-1.728267659434	color=(127,205,187)
4	113	114	-0.608228507674001	color=(65,182,196)
4	114	115	-2.161526363792	color=(127,205,187)
4	115	116	-0.706609980424	color=(65,182,196)
4	116	117	-1.529487135339	color=(127,205,187)
4	117	118	0.7257554711	color=(65,182,196)
4	118	119	-1.165330402012	color=(127,205,187)
4	119	120	-0.3649954296996	color=(65,182,196)
4	120	121	-0.128908406900922	color=(65,182,196)
4	121	122	-2.227980813256	color=(127,205,187)
4	122	123	-0.0109106776020003	color=(65,182,196)
4	123	124	-1.651826873122	color=(127,205,187)
4	124	125	0.22929116786296	color=(65,182,196)
4	125	126	-0.69333482774	color=(65,182,196)
4	126	127	-1.094184382872	color=(65,182,196)
4	127	128	-0.21610234213	color=(65,182,196)
4	128	129	-0.197325746568	color=(65,182,196)
4	129	130	-0.34509799032596	color=(65,182,196)
4	130	131	-0.4082150170296	color=(65,182,196)
4	131	132	-0.660018665952	color=(65,182,196)
4	132	133	-0.421374926978	color=(65,182,196)
4	133	134	-1.05882073865356	color=(65,182,196)
4	134	135	-1.82203424197	color=(127,205,187)
4	135	136	0.545539156438	color=(65,182,196)
4	136	137	-0.04615310836262	color=(65,182,196)
4	137	138	0.16478219678628	color=(65,182,196)
4	138	139	-1.3139525975926	color=(127,205,187)
4	139	140	-0.886176660478	color=(65,182,196)
4	140	141	-2.207469550364	color=(127,205,187)
4	141	142	0.307211339486	color=(65,182,196)
4	142	143	-1.282035727206	color=(127,205,187)
4	143	144	-0.599089158226001	color=(65,182,196)
4	144	145	-1.20241061216212	color=(127,205,187)
4	145	146	-2.402476493584	color=(127,205,187)
4	146	147	0.0495263200820002	color=(65,182,196)
4	147	148	-0.3238692436246	color=(65,182,196)
4	148	149	0.31191615724	color=(65,182,196)
4	149	150	-0.8729174495868	color=(65,182,196)
4	150	151	-0.6041713123566	color=(65,182,196)
4	151	152	-1.2382768589312	color=(127,205,187)
4	152	153	-2.30624902692	color=(127,205,187)
4	153	154	0.14032938700274	color=(65,182,196)
4	154	155	-1.311249403274	color=(127,205,187)
4	155	156	-1.583347519212	color=(127,205,187)
4	156	157	-0.50054338786376	color=(65,182,196)
4	157	158	-0.457041607503	color=(65,182,196)
4	158	159	-1.628449850652	color=(127,205,187)
4	159	160	-0.7361116239784	color=(65,182,196)
4	160	161	-1.1647387851884	color=(127,205,187)
4	161	162	-1.691800530874	color=(127,205,187)
4	162	163	-1.671616438334	color=(127,205,187)
4	163	164	-0.710481184874	color=(65,182,196)
4	164	165	-0.28809133651636	color=(65,182,196)
4	165	166	-1.32012288797	color=(127,205,187)
4	166	167	-0.051252773238	color=(65,182,196)
4	167	168	-1.42668134577272	color=(127,205,187)
4	168	169	-1.459684284714	color=(127,205,187)
4	169	170	-0.31355422596	color=(65,182,196)
4	170	171	-0.9929629063174	color=(65,182,196)
4	171	172	-1.969497433534	color=(127,205,187)
4	172	173	0.2381231597056	color=(65,182,196)
4	173	174	-0.14107220697	color=(65,182,196)
4	174	175	-1.9859524550296	color=(127,205,187)
4	175	176	-0.3814262262906	color=(65,182,196)
4	176	177	-0.1326376960922	color=(65,182,196)
4	177	178	-0.68763130693	color=(65,182,196)
4	178	179	-0.815813949305999	color=(65,182,196)
4	179	180	-1.30681075536536	color=(127,205,187)
4	180	181	-0.66420116608	color=(65,182,196)
4	181	182	-0.7816200518336	color=(65,182,196)
4	182	183	-0.39001611119714	color=(65,182,196)
4	183	184	-1.0206320445214	color=(65,182,196)
4	184	185	-1.2991708142858	color=(127,205,187)
4	185	186	-0.00775834318400026	color=(65,182,196)
4	186	187	-1.45306402649	color=(127,205,187)
4	187	188	-0.768138688738	color=(65,182,196)
4	188	189	-1.2545480055008	color=(127,205,187)
4	189	190	-1.35055836684	color=(127,205,187)
4	190	191	0.3975502796212	color=(65,182,196)
4	191	192	-0.986134344876	color=(65,182,196)
4	192	193	-1.323260019218	color=(127,205,187)
4	193	194	-0.823854799899999	color=(65,182,196)
4	194	195	-0.9504050179932	color=(65,182,196)
4	195	196	-1.891131024832	color=(127,205,187)
4	196	197	-0.1811951102156	color=(65,182,196)
4	197	198	-1.324306412922	color=(127,205,187)
4	198	199	-2.076551915716	color=(127,205,187)
4	199	200	-0.935463064628	color=(65,182,196)
4	200	201	-2.376237088552	color=(127,205,187)
4	201	202	0.877243495484	color=(65,182,196)
4	202	203	-0.0998245224819998	color=(65,182,196)
4	203	204	-0.4011223634962	color=(65,182,196)
4	204	205	-0.742788923576	color=(65,182,196)
4	205	206	-0.995268308262	color=(65,182,196)
4	206	207	-0.8284510635852	color=(65,182,196)
4	207	208	-2.7866786553	color=(127,205,187)
4	208	209	-0.420051220494	color=(65,182,196)
4	209	210	-0.3944858534894	color=(65,182,196)
4	210	211	-0.963665123428	color=(65,182,196)
4	211	212	-1.571784702396	color=(127,205,187)
4	212	213	-0.0829082879300014	color=(65,182,196)
4	213	214	-0.4967442506224	color=(65,182,196)
4	214	215	-0.540253305996	color=(65,182,196)
4	215	216	-4.204111865386	color=(199,233,180)
4	216	217	-1.873332432246	color=(127,205,187)
4	217	218	-1.125948218186	color=(127,205,187)
4	218	219	-0.399555108074	color=(65,182,196)
4	219	220	-1.062224341066	color=(65,182,196)
4	220	221	-0.4997675515206	color=(65,182,196)
4	221	222	-1.006888122746	color=(65,182,196)
4	222	223	-1.0177093392202	color=(65,182,196)
4	223	224	-1.372565665162	color=(127,205,187)
4	224	225	-1.9553158260056	color=(127,205,187)
4	225	226	-0.3490149242356	color=(65,182,196)
4	226	227	-0.4753586006025	color=(65,182,196)
4	227	228	-0.293516526313999	color=(65,182,196)
4	228	229	0.509073679474001	color=(65,182,196)
4	229	230	0.533969487499999	color=(65,182,196)
4	230	231	-0.148184097318	color=(65,182,196)
4	231	232	-0.225535515016	color=(65,182,196)
4	232	233	-0.0669718377599997	color=(65,182,196)
4	233	234	-1.642368331944	color=(127,205,187)
4	234	235	-0.0955017793459998	color=(65,182,196)
4	235	236	-1.126891145868	color=(127,205,187)
4	236	237	-0.768764896896	color=(65,182,196)
4	237	238	-4.350225208068	color=(199,233,180)
4	238	239	-1.325837329264	color=(127,205,187)
4	239	240	1.3341704401156	color=(29,145,192)
4	240	241	-3.749006957358	color=(199,233,180)
4	241	242	-2.446448342346	color=(127,205,187)
4	242	243	-0.3720669483958	color=(65,182,196)
4	243	244	-1.6217787448496	color=(127,205,187)
4	244	245	-1.4385812552	color=(127,205,187)
4	245	246	-0.631201055847999	color=(65,182,196)
4	246	247	-1.58497346199	color=(127,205,187)
4	247	248	0.0592615036420003	color=(65,182,196)
4	248	249	-0.2519454141336	color=(65,182,196)
4	249	250	-0.74563541103784	color=(65,182,196)
4	250	251	-0.978414515774	color=(65,182,196)
4	251	252	0.899698923632	color=(65,182,196)
4	252	253	-1.551200996354	color=(127,205,187)
4	253	254	-3.377577212096	color=(199,233,180)
4	254	255	-1.237639596864	color=(127,205,187)
4	255	256	-1.1595722790514	color=(127,205,187)
4	256	257	-1.780206002564	color=(127,205,187)
4	257	258	-0.164066098364001	color=(65,182,196)
4	258	259	-0.1248478978394	color=(65,182,196)
4	259	260	-0.974596086714	color=(65,182,196)
4	260	261	-0.479182642635999	color=(65,182,196)
4	261	262	-0.8031820289908	color=(65,182,196)
4	262	263	-0.7886453825986	color=(65,182,196)
4	263	264	-2.398643271904	color=(127,205,187)
4	264	265	-0.962128241526776	color=(65,182,196)
4	265	266	-0.5702398301958	color=(65,182,196)
4	266	267	-0.16759254274046	color=(65,182,196)
4	267	268	-1.884717840984	color=(127,205,187)
4	268	269	-2.401189110068	color=(127,205,187)
4	269	270	-1.347727276466	color=(127,205,187)
4	270	271	0.13496496987	color=(65,182,196)
4	271	272	-1.782160099702	color=(127,205,187)
4	272	273	-0.34926436759785	color=(65,182,196)
4	273	274	-0.6685574279186	color=(65,182,196)
4	274	275	0.33619774062	color=(65,182,196)
4	275	276	-0.2921413881398	color=(65,182,196)
4	276	277	-0.058537932188	color=(65,182,196)
4	277	278	-0.705943123148434	color=(65,182,196)
5	0	1	-1.49351742012	color=(127,205,187)
5	1	2	0.11763208836246	color=(65,182,196)
5	2	3	0.3157859534984	color=(65,182,196)
5	3	4	0.1895444070398	color=(65,182,196)
5	4	5	-0.7482002050304	color=(65,182,196)
5	5	6	0.24792865613016	color=(65,182,196)
5	6	7	-0.37656464601	color=(65,182,196)
5	7	8	-0.0689129901979992	color=(65,182,196)
5	8	9	-2.3591165580448	color=(127,205,187)
5	9	10	-1.878668419958	color=(127,205,187)
5	10	11	0.25674209081412	color=(65,182,196)
5	11	12	0.3932278270898	color=(65,182,196)
5	12	13	-1.239518874544	color=(127,205,187)
5	13	14	0.31292441407844	color=(65,182,196)
5	14	15	0.440802504376	color=(65,182,196)
5	15	16	-1.410008932778	color=(127,205,187)
5	16	17	0.29552133375	color=(65,182,196)
5	17	18	0.52599633613358	color=(65,182,196)
5	18	19	-1.0446683190746	color=(65,182,196)
5	19	20	-3.091509470746	color=(127,205,187)
5	20	21	0.5902737897	color=(65,182,196)
5	21	22	0.393644520742	color=(65,182,196)
5	22	23	-0.09720099378	color=(65,182,196)
5	23	24	-0.270425213864	color=(65,182,196)
5	24	25	1.7661756915014	color=(29,145,192)
5	25	26	0.1589202398172	color=(65,182,196)
5	26	27	0.00873710090844004	color=(65,182,196)
5	27	28	-3.3537460153	color=(199,233,180)
5	28	29	-1.211418440092	color=(127,205,187)
5	29	30	-1.327002627632	color=(127,205,187)
5	30	31	-3.170852948778	color=(127,205,187)
5	31	32	0.95252427735828	color=(65,182,196)
5	32	33	0.4976347465808	color=(65,182,196)
5	33	34	0.2089777154122	color=(65,182,196)
5	34	35	-6.514840844706	color=(237,248,177)
5	35	36	-0.69144182686	color=(65,182,196)
5	36	37	-0.3443435067188	color=(65,182,196)
5	37	38	-0.994979089236	color=(65,182,196)
5	38	39	-1.138634403394	color=(127,205,187)
5	39	40	-0.130760145998	color=(65,182,196)
5	40	41	0.12112068096532	color=(65,182,196)
5	41	42	-1.956053327996	color=(127,205,187)
5	42	43	-1.08754480838876	color=(65,182,196)
5	43	44	0.503573705946	color=(65,182,196)
5	44	45	-2.0081923451696	color=(127,205,187)
5	45	46	-0.0818768275219997	color=(65,182,196)
5	46	47	-2.96265221988	color=(127,205,187)
5	47	48	-0.22897347822	color=(65,182,196)
5	48	49	0.1642168275194	color=(65,182,196)
5	49	50	-0.0409564864724	color=(65,182,196)
5	50	51	-2.157417798848	color=(127,205,187)
5	51	52	0.285965711020001	color=(65,182,196)
5	52	53	-0.2521133892232	color=(65,182,196)
5	53	54	-0.446135428496	color=(65,182,196)
5	54	55	0.453802119020001	color=(65,182,196)
5	55	56	-2.047453305058	color=(127,205,187)
5	56	57	-1.14459370060174	color=(127,205,187)
5	57	58	0.57924587835	color=(65,182,196)
5	58	59	-0.9618247896258	color=(65,182,196)
5	59	60	0.127951580818	color=(65,182,196)
5	60	61	-1.641512426144	color=(127,205,187)
5	61	62	-0.6033555402486	color=(65,182,196)
5	62	63	-0.0933563480336	color=(65,182,196)
5	63	64	-1.57121933316	color=(127,205,187)
5	64	65	-1.476901123896	color=(127,205,187)
5	65	66	1.1138409242754	color=(29,145,192)
5	66	67	-0.67103906845276	color=(65,182,196)
5	67	68	-1.28059645125312	color=(127,205,187)
5	68	69	-0.317754100914	color=(65,182,196)
5	69	70	-0.523128567202	color=(65,182,196)
5	70	71	-1.139772932984	color=(127,205,187)
5	71	72	-0.883146581508	color=(65,182,196)
5	72	73	-1.235535931354	color=(127,205,187)
5	73	74	-0.0333468380691601	color=(65,182,196)
5	74	75	-1.687975791396	color=(127,205,187)
5	75	76	0.42913068399	color=(65,182,196)
5	76	77	-0.379641216182	color=(65,182,196)
5	77	78	-1.6549253530772	color=(127,205,187)
5	78	79	-1.16974007846928	color=(127,205,187)
5	79	80	-0.140063063854	color=(65,182,196)
5	80	81	-0.874709606564	color=(65,182,196)
5	81	82	-0.2068418068464	color=(65,182,196)
5	82	83	0.1377007402732	color=(65,182,196)
5	83	84	0.30264529878748	color=(65,182,196)
5	84	85	0.485824459087	color=(65,182,196)
5	85	86	-1.1415679588806	color=(127,205,187)
5	86	87	-1.270085820148	color=(127,205,187)
5	87	88	-0.5981110589528	color=(65,182,196)
5	88	89	0.131813581297999	color=(65,182,196)
5	89	90	-0.5251214802508	color=(65,182,196)
5	90	91	-1.427549691144	color=(127,205,187)
5	91	92	-0.412177126	color=(65,182,196)
5	92	93	0.24560698012	color=(65,182,196)
5	93	94	0.155723277688001	color=(65,182,196)
5	94	95	0.0476220656132	color=(65,182,196)
5	95	96	-0.49770209547	color=(65,182,196)
5	96	97	0.409603443093022	color=(65,182,196)
5	97	98	-0.131047850428	color=(65,182,196)
5	98	99	-1.5937136845136	color=(127,205,187)
5	99	100	0.1136931375076	color=(65,182,196)
5	100	101	-1.533879798814	color=(127,205,187)
5	101	102	0.0684756360026	color=(65,182,196)
5	102	103	0.7888660203396	color=(65,182,196)
5	103	104	0.0853244103546	color=(65,182,196)
5	104	105	-1.46699675556	color=(127,205,187)
5	105	106	-0.814322657523999	color=(65,182,196)
5	106	107	-0.60146562585	color=(65,182,196)
5	107	108	0.1960402717142	color=(65,182,196)
5	108	109	0.0591295229339996	color=(65,182,196)
5	109	110	-1.3065369134268	color=(127,205,187)
5	110	111	0.44587587406	color=(65,182,196)
5	111	112	0.3286018171134	color=(65,182,196)
5	112	113	-1.696927726008	color=(127,205,187)
5	113	114	0.3122880494504	color=(65,182,196)
5	114	115	-1.22373315347048	color=(127,205,187)
5	115	116	-0.409315948802	color=(65,182,196)
5	116	117	-2.451477369472	color=(127,205,187)
5	117	118	0.105917613812	color=(65,182,196)
5	118	119	-0.729661935004	color=(65,182,196)
5	119	120	-1.08329310766824	color=(65,182,196)
5	120	121	-0.1809916269934	color=(65,182,196)
5	121	122	-0.942676082163	color=(65,182,196)
5	122	123	-1.528357532078	color=(127,205,187)
5	123	124	0.40958887214	color=(65,182,196)
5	124	125	-0.2272891905928	color=(65,182,196)
5	125	126	0.49967714286	color=(65,182,196)
5	126	127	-1.154764509154	color=(127,205,187)
5	127	128	-0.715046270092001	color=(65,182,196)
5	128	129	-0.6733283335016	color=(65,182,196)
5	129	130	-0.5026307006024	color=(65,182,196)
5	130	131	0.546750015806	color=(65,182,196)
5	131	132	-0.6487830171168	color=(65,182,196)
5	132	133	-1.4995308709306	color=(127,205,187)
5	133	134	-0.377339860912	color=(65,182,196)
5	134	135	-0.0289160388420004	color=(65,182,196)
5	135	136	-1.858780613366	color=(127,205,187)
5	136	137	-1.4682550579232	color=(127,205,187)
5	137	138	-0.157304774272	color=(65,182,196)
5	138	139	-0.4298640570824	color=(65,182,196)
5	139	140	-0.3087534297296	color=(65,182,196)
5	140	141	0.0959650784956	color=(65,182,196)
5	141	142	-0.841646054642	color=(65,182,196)
5	142	143	-1.942744709432	color=(127,205,187)
5	143	144	0.00243617554219999	color=(65,182,196)
5	144	145	-0.904629796346	color=(65,182,196)
5	145	146	-0.5129307623346	color=(65,182,196)
5	146	147	-1.22015777619872	color=(127,205,187)
5	147	148	-0.620414016131999	color=(65,182,196)
5	148	149	0.1539515530265	color=(65,182,196)
5	149	150	0.555318693436	color=(65,182,196)
5	150	151	-2.74005105467	color=(127,205,187)
5	151	152	0.4896097585454	color=(65,182,196)
5	152	153	-0.301704960012	color=(65,182,196)
5	153	154	-1.0967057630376	color=(65,182,196)
5	154	155	0.113108820461999	color=(65,182,196)
5	155	156	0.783624995461	color=(65,182,196)
5	156	157	-1.715087050806	color=(127,205,187)
5	157	158	-2.4986498944356	color=(127,205,187)
5	158	159	-0.680318681218	color=(65,182,196)
5	159	160	-0.854125058048	color=(65,182,196)
5	160	161	0.0218624837974	color=(65,182,196)
5	161	162	-0.784950990744	color=(65,182,196)
5	162	163	-1.248437931226	color=(127,205,187)
5	163	164	-2.3208557443348	color=(127,205,187)
5	164	165	0.156315624794	color=(65,182,196)
5	165	166	-0.3444000273294	color=(65,182,196)
5	166	167	-0.07081953798828	color=(65,182,196)
5	167	168	-0.479403079828	color=(65,182,196)
5	168	169	-2.9183417878536	color=(127,205,187)
5	169	170	-0.4043055348834	color=(65,182,196)
5	170	171	0.10878885498	color=(65,182,196)
5	171	172	0.127490270501999	color=(65,182,196)
5	172	173	-1.704333335612	color=(127,205,187)
5	173	174	-0.232933807352	color=(65,182,196)
5	174	175	-1.324146893862	color=(127,205,187)
5	175	176	-0.71872209057004	color=(65,182,196)
5	176	177	-0.5345713787332	color=(65,182,196)
5	177	178	-0.20287460171856	color=(65,182,196)
5	178	179	0.21440002133004	color=(65,182,196)
5	179	180	-0.858758958668	color=(65,182,196)
5	180	181	-1.432938241558	color=(127,205,187)
5	181	182	-0.896436482793	color=(65,182,196)
5	182	183	-0.123021420580001	color=(65,182,196)
5	183	184	-0.0145597838728	color=(65,182,196)
5	184	185	-1.404046620566	color=(127,205,187)
5	185	186	-0.8444535010494	color=(65,182,196)
5	186	187	-0.383170124146	color=(65,182,196)
5	187	188	-0.2810148230658	color=(65,182,196)
5	188	189	-0.0670119659640003	color=(65,182,196)
5	189	190	-0.7527369264384	color=(65,182,196)
5	190	191	-0.04693873388364	color=(65,182,196)
5	191	192	0.346942065200792	color=(65,182,196)
5	192	193	-0.5696968909102	color=(65,182,196)
5	193	194	0.48984492539	color=(65,182,196)
5	194	195	-2.43595071191	color=(127,205,187)
5	195	196	0.2160884848804	color=(65,182,196)
5	196	197	0.433564722492	color=(65,182,196)
5	197	198	-0.195243149768	color=(65,182,196)
5	198	199	0.512465123184	color=(65,182,196)
5	199	200	-2.866742912336	color=(127,205,187)
5	200	201	-1.507656070192	color=(127,205,187)
5	201	202	-0.61801664539346	color=(65,182,196)
5	202	203	-1.612881451272	color=(127,205,187)
5	203	204	-0.293128184662	color=(65,182,196)
5	204	205	-0.709868974698	color=(65,182,196)
5	205	206	0.7810821514974	color=(65,182,196)
5	206	207	-1.040841573522	color=(65,182,196)
5	207	208	1.2895494349548	color=(29,145,192)
5	208	209	-0.598424462237999	color=(65,182,196)
5	209	210	-0.1432883433686	color=(65,182,196)
5	210	211	-0.174647764169112	color=(65,182,196)
5	211	212	0.4697722765156	color=(65,182,196)
5	212	213	-2.414330516984	color=(127,205,187)
5	213	214	0.442870353732	color=(65,182,196)
5	214	215	-0.068660411392	color=(65,182,196)
5	215	216	0.735547624326	color=(65,182,196)
5	216	217	-0.415004376062	color=(65,182,196)
5	217	218	-1.0394530487732	color=(65,182,196)
5	218	219	0.9602396548292	color=(65,182,196)
5	219	220	-0.053045021153	color=(65,182,196)
5	220	221	0.574799351024001	color=(65,182,196)
5	221	222	-0.60515886560148	color=(65,182,196)
5	222	223	-1.610540204661	color=(127,205,187)
5	223	224	-0.7927292410276	color=(65,182,196)
5	224	225	-0.6339394279732	color=(65,182,196)
5	225	226	-0.3342875603756	color=(65,182,196)
5	226	227	-0.150467814574	color=(65,182,196)
5	227	228	1.0942981774012	color=(65,182,196)
5	228	229	0.121543052698	color=(65,182,196)
5	229	230	-1.5383614304448	color=(127,205,187)
5	230	231	-2.6550883156872	color=(127,205,187)
5	231	232	-0.324031226553998	color=(65,182,196)
5	232	233	0.221386589256	color=(65,182,196)
5	233	234	-4.03093125021	color=(199,233,180)
5	234	235	-0.5050188889916	color=(65,182,196)
5	235	236	-1.971484524514	color=(127,205,187)
5	236	237	-3.908013672856	color=(199,233,180)
5	237	238	-1.228752506552	color=(127,205,187)
5	238	239	-0.0357060908322	color=(65,182,196)
5	239	240	0.397403751317	color=(65,182,196)
5	240	241	-1.41654557441078	color=(127,205,187)
5	241	242	-0.00468999013901206	color=(65,182,196)
5	242	243	0.466747603344	color=(65,182,196)
5	243	244	0.2918853448002	color=(65,182,196)
5	244	245	-0.3945500290668	color=(65,182,196)
5	245	246	-1.797986175208	color=(127,205,187)
5	246	247	-0.758561697384	color=(65,182,196)
5	247	248	0.46413364929152	color=(65,182,196)
5	248	249	0.071930601854	color=(65,182,196)
5	249	250	-0.2636331060202	color=(65,182,196)
5	250	251	0.197378755696	color=(65,182,196)
5	251	252	0.0713951719787997	color=(65,182,196)
5	252	253	0.7841024254684	color=(65,182,196)
5	253	254	-1.5745566292424	color=(127,205,187)
5	254	255	-1.68645631953432	color=(127,205,187)
5	255	256	-0.0973308813154	color=(65,182,196)
5	256	257	-0.0888144375279998	color=(65,182,196)
5	257	258	0.665936067214	color=(65,182,196)
5	258	259	-1.28263744377	color=(127,205,187)
5	259	260	0.0732968693660001	color=(65,182,196)
5	260	261	1.022895771244	color=(65,182,196)
5	261	262	0.0995108057982	color=(65,182,196)
5	262	263	-0.928246554794001	color=(65,182,196)
5	263	264	-2.063513135904	color=(127,205,187)
5	264	265	0.092266071424	color=(65,182,196)
5	265	266	0.187455353286	color=(65,182,196)
5	266	267	-1.8995425113	color=(127,205,187)
5	267	268	0.0261830430168001	color=(65,182,196)
5	268	269	0.27608719633696	color=(65,182,196)
5	269	270	-0.276565647610001	color=(65,182,196)
5	270	271	0.22376157576	color=(65,182,196)
5	271	272	-0.086674413127	color=(65,182,196)
5	272	273	-0.380103818998	color=(65,182,196)
5	273	274	-0.281173540378	color=(65,182,196)
5	274	275	-0.59065160919	color=(65,182,196)
5	275	276	-4.659964362754	color=(199,233,180)
5	276	277	-2.699927851266	color=(127,205,187)
5	277	278	-0.1653565247618	color=(65,182,196)
5	278	279	0.173585508769	color=(65,182,196)
5	279	280	-1.2033370032288	color=(127,205,187)
5	280	281	-0.80636920124954	color=(65,182,196)
5	281	282	-1.549295807556	color=(127,205,187)
5	282	283	-0.2359636608312	color=(65,182,196)
5	283	284	0.0432970937726	color=(65,182,196)
5	284	285	-0.5670981669436	color=(65,182,196)
5	285	286	-0.2135655615622	color=(65,182,196)
5	286	287	0.807676733924	color=(65,182,196)
5	287	288	0.1114443771376	color=(65,182,196)
5	288	289	-0.7217513649686	color=(65,182,196)
5	289	290	0.6281083021336	color=(65,182,196)
5	290	291	-0.14619349248062	color=(65,182,196)
6	0	1	-3.7596805299456	color=(199,233,180)
6	1	2	-4.5094626582452	color=(199,233,180)
6	2	3	-4.7776380186266	color=(199,233,180)
6	3	4	-4.6730915822544	color=(199,233,180)
6	4	5	-4.949988018508	color=(199,233,180)
6	5	6	-4.708912231822	color=(199,233,180)
6	6	7	-5.770769649628	color=(237,248,177)
6	7	8	-4.326064573772	color=(199,233,180)
6	8	9	-3.2125856429128	color=(127,205,187)
6	9	10	-3.2591032225194	color=(127,205,187)
6	10	11	-4.93557892556	color=(199,233,180)
6	11	12	-5.1044496703234	color=(199,233,180)
6	12	13	-4.842702675932	color=(199,233,180)
6	13	14	-4.448274933027	color=(199,233,180)
6	14	15	-3.8925283995066	color=(199,233,180)
6	15	16	-4.6243918138836	color=(199,233,180)
6	16	17	-4.83141210495	color=(199,233,180)
6	17	18	-5.006789104372	color=(199,233,180)
6	18	19	-3.405905592744	color=(199,233,180)
6	19	20	-4.847327556202	color=(199,233,180)
6	20	21	-4.622305127036	color=(199,233,180)
6	21	22	-4.784786623856	color=(199,233,180)
6	22	23	-4.666498179272	color=(199,233,180)
6	23	24	-5.271046027828	color=(199,233,180)
6	24	25	-4.74348303208	color=(199,233,180)
6	25	26	-3.1241866162764	color=(127,205,187)
6	26	27	-4.128413108174	color=(199,233,180)
6	27	28	-4.446564696862	color=(199,233,180)
6	28	29	-4.601047905894	color=(199,233,180)
6	29	30	-4.484602800928	color=(199,233,180)
6	30	31	-4.073509966361	color=(199,233,180)
6	31	32	-4.1502272734582	color=(199,233,180)
6	32	33	-4.38400106578	color=(199,233,180)
6	33	34	-4.649940053668	color=(199,233,180)
6	34	35	-5.0429743796732	color=(199,233,180)
6	35	36	-4.997652301712	color=(199,233,180)
6	36	37	-3.815267740716	color=(199,233,180)
6	37	38	-4.464097213256	color=(199,233,180)
6	38	39	-4.491688955698	color=(199,233,180)
6	39	40	-4.569772383362	color=(199,233,180)
6	40	41	-4.99188457002	color=(199,233,180)
6	41	42	-4.456602156046	color=(199,233,180)
6	42	43	-4.53256762571	color=(199,233,180)
6	43	44	-4.265760899764	color=(199,233,180)
6	44	45	-4.6041722297262	color=(199,233,180)
6	45	46	-4.655658031122	color=(199,233,180)
6	46	47	-5.15656278075	color=(199,233,180)
6	47	48	-5.78403012906	color=(237,248,177)
6	48	49	-4.9512775568898	color=(199,233,180)
6	49	50	-5.2447512842668	color=(199,233,180)
6	50	51	-4.256812907494	color=(199,233,180)
6	51	52	-5.094109422606	color=(199,233,180)
6	52	53	-4.342148513184	color=(199,233,180)
6	53	54	-4.450824272628	color=(199,233,180)
6	54	55	-4.544747319214	color=(199,233,180)
6	55	56	-3.4461965232872	color=(199,233,180)
6	56	57	-5.081619229844	color=(199,233,180)
6	57	58	-4.882465454842	color=(199,233,180)
6	58	59	-5.023304293988	color=(199,233,180)
6	59	60	-4.166822939942	color=(199,233,180)
7	0	1	0.32837754637532	color=(65,182,196)
7	1	2	-0.5674283747864	color=(65,182,196)
7	2	3	-0.192357433084	color=(65,182,196)
7	3	4	-0.1773706007128	color=(65,182,196)
7	4	5	-1.194325632086	color=(127,205,187)
7	5	6	-0.1056158067812	color=(65,182,196)
7	6	7	0.4942347525682	color=(65,182,196)
7	7	8	0.95532619001	color=(65,182,196)
7	8	9	0.16028357105	color=(65,182,196)
7	9	10	-0.78544492364188	color=(65,182,196)
7	10	11	0.6939825335484	color=(65,182,196)
7	11	12	-0.2369092429578	color=(65,182,196)
7	12	13	0.25474404372076	color=(65,182,196)
7	13	14	1.513446164856	color=(29,145,192)
7	14	15	0.686658767057	color=(65,182,196)
7	15	16	0.7430623432	color=(65,182,196)
7	16	17	1.3287520814868	color=(29,145,192)
7	17	18	-0.407262259309999	color=(65,182,196)
7	18	19	-0.257704418068	color=(65,182,196)
7	19	20	3.342900502324	color=(34,94,168)
7	20	21	-1.0627698576864	color=(65,182,196)
7	21	22	-1.625057374654	color=(127,205,187)
7	22	23	-1.092177121664	color=(65,182,196)
7	23	24	0.4212494012096	color=(65,182,196)
7	24	25	1.251346997186	color=(29,145,192)
7	25	26	1.464755911662	color=(29,145,192)
7	26	27	0.98583089242	color=(65,182,196)
7	27	28	0.6332233059664	color=(65,182,196)
7	28	29	0.358796702028	color=(65,182,196)
7	29	30	0.4988335365864	color=(65,182,196)
7	30	31	1.50925819209	color=(29,145,192)
7	31	32	1.752098974822	color=(29,145,192)
7	32	33	0.514321011174	color=(65,182,196)
7	33	34	0.711805898654	color=(65,182,196)
7	34	35	1.0884002001286	color=(65,182,196)
7	35	36	-0.021384196582	color=(65,182,196)
7	36	37	-1.061719073218	color=(65,182,196)
7	37	38	1.65132113332	color=(29,145,192)
7	38	39	-1.4186776662156	color=(127,205,187)
7	39	40	0.7242032228924	color=(65,182,196)
7	40	41	-0.512429766412	color=(65,182,196)
7	41	42	0.813706732242	color=(65,182,196)
7	42	43	2.033331741618	color=(29,145,192)
7	43	44	0.1825298517662	color=(65,182,196)
7	44	45	0.00129281204660009	color=(65,182,196)
7	45	46	-1.718584633064	color=(127,205,187)
7	46	47	-1.987699868791	color=(127,205,187)
7	47	48	0.573823463291999	color=(65,182,196)
7	48	49	-0.955852075826	color=(65,182,196)
7	49	50	-0.0354922384708	color=(65,182,196)
7	50	51	0.1496437866556	color=(65,182,196)
7	51	52	1.033875863176	color=(65,182,196)
7	52	53	0.891814952294	color=(65,182,196)
7	53	54	-1.225768952068	color=(127,205,187)
7	54	55	0.7185336773226	color=(65,182,196)
7	55	56	2.9535571406458	color=(29,145,192)
7	56	57	0.5188017655656	color=(65,182,196)
7	57	58	0.167088677568	color=(65,182,196)
7	58	59	2.42882787652	color=(29,145,192)
7	59	60	-1.4007139509406	color=(127,205,187)
7	60	61	-1.046392743858	color=(65,182,196)
7	61	62	0.986687201785999	color=(65,182,196)
7	62	63	1.0234499651516	color=(65,182,196)
7	63	64	0.25331528125278	color=(65,182,196)
7	64	65	1.739982852388	color=(29,145,192)
7	65	66	-0.060531775376	color=(65,182,196)
7	66	67	1.471326550124	color=(29,145,192)
7	67	68	2.60435275426	color=(29,145,192)
7	68	69	0.3812183473616	color=(65,182,196)
7	69	70	-0.0200165465908	color=(65,182,196)
7	70	71	-2.0992926891976	color=(127,205,187)
7	71	72	1.9480093815	color=(29,145,192)
7	72	73	0.1139576808316	color=(65,182,196)
7	73	74	-1.15071135883718	color=(127,205,187)
7	74	75	-0.167651162125	color=(65,182,196)
7	75	76	2.3682525265574	color=(29,145,192)
7	76	77	1.4754515355096	color=(29,145,192)
7	77	78	-0.3102294838314	color=(65,182,196)
7	78	79	1.02928641183	color=(65,182,196)
7	79	80	0.2285739870614	color=(65,182,196)
7	80	81	1.911366542122	color=(29,145,192)
7	81	82	0.42068960732348	color=(65,182,196)
7	82	83	0.345989403168	color=(65,182,196)
7	83	84	-0.3748181695704	color=(65,182,196)
7	84	85	0.438723187106	color=(65,182,196)
7	85	86	1.375439792108	color=(29,145,192)
7	86	87	1.6008735815538	color=(29,145,192)
7	87	88	0.30138127601426	color=(65,182,196)
7	88	89	-0.0916962920839994	color=(65,182,196)
7	89	90	0.602625605249	color=(65,182,196)
7	90	91	0.791111820568	color=(65,182,196)
7	91	92	0.9318996464146	color=(65,182,196)
7	92	93	2.1131518613058	color=(29,145,192)
7	93	94	0.235062279919999	color=(65,182,196)
7	94	95	1.361607536232	color=(29,145,192)
7	95	96	0.790149364389999	color=(65,182,196)
7	96	97	2.615592852494	color=(29,145,192)
7	97	98	2.029294568576	color=(29,145,192)
7	98	99	1.5562265392136	color=(29,145,192)
7	99	100	1.8997734979	color=(29,145,192)
7	100	101	-0.2452988788454	color=(65,182,196)
7	101	102	0.44708805305484	color=(65,182,196)
7	102	103	0.45656501852342	color=(65,182,196)
7	103	104	-0.108281153548	color=(65,182,196)
7	104	105	1.211111444804	color=(29,145,192)
7	105	106	0.0112168322405999	color=(65,182,196)
7	106	107	3.023185143678	color=(29,145,192)
7	107	108	1.3038730794496	color=(29,145,192)
7	108	109	0.6672179496384	color=(65,182,196)
7	109	110	-1.0016295957162	color=(65,182,196)
7	110	111	0.277509380842	color=(65,182,196)
7	111	112	0.0275707259167999	color=(65,182,196)
7	112	113	0.63612650229788	color=(65,182,196)
7	113	114	0.259108520326	color=(65,182,196)
7	114	115	-0.2972080319974	color=(65,182,196)
7	115	116	-0.00353272281240002	color=(65,182,196)
7	116	117	0.6246358830642	color=(65,182,196)
7	117	118	0.902283067482	color=(65,182,196)
7	118	119	2.761056739984	color=(29,145,192)
7	119	120	0.36162505755488	color=(65,182,196)
7	120	121	-0.475010461764	color=(65,182,196)
7	121	122	0.6539623837362	color=(65,182,196)
7	122	123	-1.244878904658	color=(127,205,187)
7	123	124	0.8334972026154	color=(65,182,196)
7	124	125	1.24958658488146	color=(29,145,192)
7	125	126	1.897368919424	color=(29,145,192)
7	126	127	1.43396259152	color=(29,145,192)
7	127	128	-1.33535242618	color=(127,205,187)
7	128	129	0.943334019471999	color=(65,182,196)
7	129	130	-2.0698535553812	color=(127,205,187)
7	130	131	1.016956748568	color=(65,182,196)
7	131	132	0.94287198058	color=(65,182,196)
7	132	133	2.63833099261	color=(29,145,192)
7	133	134	0.652970378312	color=(65,182,196)
7	134	135	0.188237216752	color=(65,182,196)
7	135	136	-0.1916237194902	color=(65,182,196)
7	136	137	0.13223174466364	color=(65,182,196)
7	137	138	2.60419112592	color=(29,145,192)
7	138	139	1.65281107091	color=(29,145,192)
7	139	140	1.312541156852	color=(29,145,192)
7	140	141	-1.1101416417266	color=(65,182,196)
7	141	142	-0.2213117938356	color=(65,182,196)
7	142	143	0.843362888262	color=(65,182,196)
7	143	144	-0.6114346060276	color=(65,182,196)
7	144	145	0.6033811132896	color=(65,182,196)
7	145	146	0.7848206294648	color=(65,182,196)
7	146	147	1.01348864659344	color=(65,182,196)
7	147	148	0.94226901402	color=(65,182,196)
7	148	149	1.091350720486	color=(65,182,196)
7	149	150	1.053817910208	color=(65,182,196)
7	150	151	0.467444741176	color=(65,182,196)
7	151	152	2.28914923036	color=(29,145,192)
7	152	153	1.373847101646	color=(29,145,192)
7	153	154	1.495808502924	color=(29,145,192)
7	154	155	-0.216037091886	color=(65,182,196)
7	155	156	1.018546968404	color=(65,182,196)
7	156	157	-2.3627906356276	color=(127,205,187)
7	157	158	0.8355957689686	color=(65,182,196)
7	158	159	1.601805905646	color=(29,145,192)
7	159	160	2.006094776811	color=(29,145,192)
7	160	161	2.482112304036	color=(29,145,192)
7	161	162	1.671812721144	color=(29,145,192)
7	162	163	0.931293938602	color=(65,182,196)
7	163	164	0.84781714113	color=(65,182,196)
7	164	165	0.5054541699958	color=(65,182,196)
7	165	166	-0.226628889421	color=(65,182,196)
7	166	167	0.23318035437452	color=(65,182,196)
7	167	168	0.7684203696552	color=(65,182,196)
7	168	169	-0.2221087631392	color=(65,182,196)
7	169	170	1.380059964414	color=(29,145,192)
7	170	171	-0.3117488018458	color=(65,182,196)
7	171	172	-0.39690253304638	color=(65,182,196)
7	172	173	2.46380062754624	color=(29,145,192)
7	173	174	0.3162424617776	color=(65,182,196)
7	174	175	0.2880357029616	color=(65,182,196)
7	175	176	-0.6056026987356	color=(65,182,196)
7	176	177	1.0168317661296	color=(65,182,196)
7	177	178	-0.0676030955833999	color=(65,182,196)
7	178	179	0.43177781824728	color=(65,182,196)
7	179	180	3.4899550445055	color=(34,94,168)
7	180	181	-0.1051826147284	color=(65,182,196)
7	181	182	0.560215297076	color=(65,182,196)
7	182	183	-0.9906809542482	color=(65,182,196)
7	183	184	0.0554037257227999	color=(65,182,196)
7	184	185	2.600169145618	color=(29,145,192)
7	185	186	0.927508358968001	color=(65,182,196)
7	186	187	0.452997766278	color=(65,182,196)
7	187	188	1.29690192706886	color=(29,145,192)
7	188	189	0.28030476556	color=(65,182,196)
7	189	190	0.053354413914	color=(65,182,196)
7	190	191	0.045891069324	color=(65,182,196)
7	191	192	1.110346586684	color=(29,145,192)
7	192	193	2.2857865730148	color=(29,145,192)
7	193	194	-0.34974915792424	color=(65,182,196)
7	194	195	0.24751806386436	color=(65,182,196)
7	195	196	-0.457337151928	color=(65,182,196)
7	196	197	0.24883048883892	color=(65,182,196)
7	197	198	-0.205119854436	color=(65,182,196)
7	198	199	-0.9818863570444	color=(65,182,196)
7	199	200	-0.255869989594	color=(65,182,196)
7	200	201	-0.2657827247862	color=(65,182,196)
7	201	202	-0.3154542411344	color=(65,182,196)
7	202	203	0.10044827555032	color=(65,182,196)
7	203	204	2.312408623116	color=(29,145,192)
7	204	205	2.012352791954	color=(29,145,192)
7	205	206	1.0803797204724	color=(65,182,196)
7	206	207	0.002175292271	color=(65,182,196)
7	207	208	0.326480916516	color=(65,182,196)
7	208	209	-0.276933406702001	color=(65,182,196)
7	209	210	-0.0676060702048	color=(65,182,196)
7	210	211	0.7849868887134	color=(65,182,196)
7	211	212	2.817655885678	color=(29,145,192)
7	212	213	1.42219594761	color=(29,145,192)
7	213	214	0.798019702526	color=(65,182,196)
7	214	215	-0.29327828776288	color=(65,182,196)
7	215	216	4.2428835233448	color=(34,94,168)
7	216	217	4.7489151377772	color=(34,94,168)
7	217	218	0.68502046047	color=(65,182,196)
7	218	219	-1.0352775892566	color=(65,182,196)
7	219	220	-0.643611197076	color=(65,182,196)
7	220	221	0.18660628313988	color=(65,182,196)
7	221	222	0.187525886035	color=(65,182,196)
7	222	223	3.140635523226	color=(29,145,192)
7	223	224	-0.00343889656919999	color=(65,182,196)
7	224	225	0.6404221595488	color=(65,182,196)
7	225	226	0.3597599772992	color=(65,182,196)
7	226	227	-0.5265663138148	color=(65,182,196)
7	227	228	-0.3681661708676	color=(65,182,196)
7	228	229	-0.6727809282026	color=(65,182,196)
7	229	230	-1.45778618885	color=(127,205,187)
7	230	231	0.791196600688	color=(65,182,196)
7	231	232	-0.0280639417267999	color=(65,182,196)
7	232	233	1.291913575516	color=(29,145,192)
7	233	234	-0.3336389856604	color=(65,182,196)
7	234	235	0.9533040410184	color=(65,182,196)
7	235	236	2.5718038430044	color=(29,145,192)
7	236	237	0.663637372574	color=(65,182,196)
7	237	238	-1.0882823827278	color=(65,182,196)
7	238	239	-1.160413276242	color=(127,205,187)
7	239	240	1.219387192816	color=(29,145,192)
7	240	241	-1.018243742422	color=(65,182,196)
7	241	242	-0.7296142209428	color=(65,182,196)
7	242	243	1.633927492294	color=(29,145,192)
7	243	244	0.949355587876001	color=(65,182,196)
7	244	245	0.2208027384008	color=(65,182,196)
7	245	246	-0.7682379753042	color=(65,182,196)
7	246	247	1.268412651892	color=(29,145,192)
7	247	248	1.0361689938	color=(65,182,196)
7	248	249	0.0449611527256001	color=(65,182,196)
7	249	250	0.9766146107444	color=(65,182,196)
7	250	251	0.4063116128818	color=(65,182,196)
7	251	252	3.6175213022808	color=(34,94,168)
7	252	253	0.0540805472756	color=(65,182,196)
7	253	254	-0.0486414319259998	color=(65,182,196)
7	254	255	0.4170813207304	color=(65,182,196)
7	255	256	0.721520731838	color=(65,182,196)
7	256	257	-0.579592717106	color=(65,182,196)
7	257	258	0.0158344454116002	color=(65,182,196)
7	258	259	0.76326280266492	color=(65,182,196)
7	259	260	3.191564932834	color=(29,145,192)
7	260	261	-0.1187827250098	color=(65,182,196)
7	261	262	1.17303655616	color=(29,145,192)
7	262	263	2.724404648986	color=(29,145,192)
7	263	264	0.415231917142	color=(65,182,196)
7	264	265	-1.45710131000868	color=(127,205,187)
7	265	266	0.9736734334744	color=(65,182,196)
7	266	267	0.4950019018778	color=(65,182,196)
7	267	268	-1.270462174632	color=(127,205,187)
7	268	269	2.5056186131582	color=(29,145,192)
7	269	270	-0.236344677558	color=(65,182,196)
7	270	271	0.669981598084	color=(65,182,196)
7	271	272	1.547448961702	color=(29,145,192)
7	272	273	-0.0392698794606	color=(65,182,196)
7	273	274	0.139092380376	color=(65,182,196)
7	274	275	0.630959284588	color=(65,182,196)
7	275	276	-0.285089105521	color=(65,182,196)
7	276	277	0.6260786541654	color=(65,182,196)
7	277	278	0.2009982227612	color=(65,182,196)
7	278	279	0.1154119016212	color=(65,182,196)
7	279	280	-1.01005271089646	color=(65,182,196)
8	0	1	1.674121947682	color=(29,145,192)
8	1	2	2.93789207055	color=(29,145,192)
8	2	3	2.326300838468	color=(29,145,192)
8	3	4	3.5392283582894	color=(34,94,168)
8	4	5	2.5062687308548	color=(29,145,192)
8	5	6	2.7905102029926	color=(29,145,192)
8	6	7	1.891648820281	color=(29,145,192)
8	7	8	2.9444273037792	color=(29,145,192)
8	8	9	1.9078681145076	color=(29,145,192)
8	9	10	3.0903004547552	color=(29,145,192)
8	10	11	3.3535692839888	color=(34,94,168)
8	11	12	2.7435520169116	color=(29,145,192)
8	12	13	2.7685383881518	color=(29,145,192)
8	13	14	2.2781524691662	color=(29,145,192)
8	14	15	2.52733980666968	color=(29,145,192)
8	15	16	3.066246350998	color=(29,145,192)
8	16	17	2.9270698032014	color=(29,145,192)
8	17	18	3.1818996508647	color=(29,145,192)
8	18	19	2.6721384037712	color=(29,145,192)
8	19	20	2.80981619167512	color=(29,145,192)
8	20	21	2.326168087947	color=(29,145,192)
8	21	22	3.063759053474	color=(29,145,192)
8	22	23	-0.0786448548754004	color=(65,182,196)
8	23	24	2.0066234722914	color=(29,145,192)
8	24	25	1.7657584904682	color=(29,145,192)
8	25	26	2.6137505730626	color=(29,145,192)
8	26	27	1.15991162854	color=(29,145,192)
8	27	28	2.2641549407342	color=(29,145,192)
8	28	29	1.58055232213	color=(29,145,192)
8	29	30	1.867211064538	color=(29,145,192)
8	30	31	0.2606869847154	color=(65,182,196)
8	31	32	1.99702733658	color=(29,145,192)
8	32	33	2.5832481552664	color=(29,145,192)
8	33	34	2.68598107746	color=(29,145,192)
8	34	35	2.1182449472536	color=(29,145,192)
8	35	36	2.1776232259858	color=(29,145,192)
8	36	37	2.402146429257	color=(29,145,192)
8	37	38	0.5609042130574	color=(65,182,196)
8	38	39	4.1712649004128	color=(34,94,168)
8	39	40	4.0447613642096	color=(34,94,168)
8	40	41	4.939245945949	color=(34,94,168)
8	41	42	3.8642131314812	color=(34,94,168)
8	42	43	2.9758522091302	color=(29,145,192)
8	43	44	0.9959885755418	color=(65,182,196)
8	44	45	2.1746922778902	color=(29,145,192)
8	45	46	3.3986039612378	color=(34,94,168)
8	46	47	1.366266707724	color=(29,145,192)
8	47	48	2.4402077803862	color=(29,145,192)
8	48	49	2.2436640809416	color=(29,145,192)
8	49	50	4.1216745233192	color=(34,94,168)
8	50	51	3.087355915606	color=(29,145,192)
8	51	52	2.2694708549694	color=(29,145,192)
8	52	53	3.103612973564	color=(29,145,192)
8	53	54	3.328361667998	color=(34,94,168)
8	54	55	2.59064199454771	color=(29,145,192)
8	55	56	2.9753925292413	color=(29,145,192)
8	56	57	3.557140442622	color=(34,94,168)
8	57	58	1.5410610116936	color=(29,145,192)
8	58	59	3.574249422272	color=(34,94,168)
8	59	60	3.1882842118642	color=(29,145,192)
8	60	61	2.4009304480316	color=(29,145,192)
8	61	62	2.661194938366	color=(29,145,192)
8	62	63	0.934743954590199	color=(65,182,196)
8	63	64	1.2522203766582	color=(29,145,192)
8	64	65	1.533577843214	color=(29,145,192)
8	65	66	3.330484539144	color=(34,94,168)
8	66	67	3.0850264315284	color=(29,145,192)
8	67	68	2.4311741938352	color=(29,145,192)
8	68	69	1.865291922116	color=(29,145,192)
8	69	70	3.33643506204374	color=(34,94,168)
8	70	71	2.5156718435118	color=(29,145,192)
8	71	72	2.5603726867706	color=(29,145,192)
8	72	73	2.338937686026	color=(29,145,192)
8	73	74	2.9426000521234	color=(29,145,192)
8	74	75	1.249279477196	color=(29,145,192)
8	75	76	3.224889923742	color=(29,145,192)
8	76	77	2.1992839730854	color=(29,145,192)
8	77	78	2.295002058541	color=(29,145,192)
8	78	79	3.42112919807432	color=(34,94,168)
8	79	80	1.581167599576	color=(29,145,192)
8	80	81	2.0878301803382	color=(29,145,192)
8	81	82	2.7028226932158	color=(29,145,192)
8	82	83	3.830640132147	color=(34,94,168)
8	83	84	2.729150817102	color=(29,145,192)
8	84	85	2.86296072592588	color=(29,145,192)
8	85	86	1.7133464430968	color=(29,145,192)
8	86	87	3.5662964259868	color=(34,94,168)
8	87	88	2.7926630595354	color=(29,145,192)
8	88	89	1.5738002085796	color=(29,145,192)
8	89	90	3.04283424909	color=(29,145,192)
8	90	91	2.378127163312	color=(29,145,192)
8	91	92	2.218000162998	color=(29,145,192)
8	92	93	3.3135145572952	color=(29,145,192)
8	93	94	2.2774394661618	color=(29,145,192)
8	94	95	3.106843182172	color=(29,145,192)
8	95	96	3.6391963152558	color=(34,94,168)
8	96	97	3.2053102040634	color=(29,145,192)
8	97	98	1.4470218701766	color=(29,145,192)
8	98	99	-0.4532785947628	color=(65,182,196)
8	99	100	3.9123203115644	color=(34,94,168)
8	100	101	2.1430180603506	color=(29,145,192)
8	101	102	2.1188542236144	color=(29,145,192)
8	102	103	4.280580403352	color=(34,94,168)
8	103	104	2.8387862356008	color=(29,145,192)
8	104	105	2.167760188507	color=(29,145,192)
8	105	106	2.409041801584	color=(29,145,192)
8	106	107	3.7655703935952	color=(34,94,168)
8	107	108	2.4671569516048	color=(29,145,192)
8	108	109	2.99782813151832	color=(29,145,192)
8	109	110	0.4443085794356	color=(65,182,196)
8	110	111	1.6764898436568	color=(29,145,192)
8	111	112	1.78628579123	color=(29,145,192)
8	112	113	1.726962619408	color=(29,145,192)
8	113	114	3.6087924067399	color=(34,94,168)
8	114	115	3.028211685965	color=(29,145,192)
8	115	116	3.589168923947	color=(34,94,168)
8	116	117	0.999042909374	color=(65,182,196)
8	117	118	2.4624898479528	color=(29,145,192)
8	118	119	0.993127636821	color=(65,182,196)
8	119	120	1.9697293988	color=(29,145,192)
8	120	121	3.459973722251	color=(34,94,168)
8	121	122	1.8400707861746	color=(29,145,192)
8	122	123	2.927489926548	color=(29,145,192)
8	123	124	2.864850440452	color=(29,145,192)
8	124	125	2.378650029288	color=(29,145,192)
8	125	126	1.837928093484	color=(29,145,192)
8	126	127	2.892202575972	color=(29,145,192)
8	127	128	2.1921409903674	color=(29,145,192)
8	128	129	2.0905755133892	color=(29,145,192)
8	129	130	1.86045430948218	color=(29,145,192)
8	130	131	3.1217184116536	color=(29,145,192)
8	131	132	1.995531046243	color=(29,145,192)
8	132	133	4.5514228050704	color=(34,94,168)
8	133	134	-0.2179729060248	color=(65,182,196)
8	134	135	2.6392939215594	color=(29,145,192)
8	135	136	3.0765781477348	color=(29,145,192)
8	136	137	3.0398533433758	color=(29,145,192)
8	137	138	1.747205923485	color=(29,145,192)
8	138	139	2.8345665479864	color=(29,145,192)
8	139	140	2.1175839495906	color=(29,145,192)
8	140	141	2.5771310211092	color=(29,145,192)
8	141	142	0.9253357891656	color=(65,182,196)
8	142	143	2.829475262508	color=(29,145,192)
8	143	144	2.615064044369	color=(29,145,192)
8	144	145	2.14862464141456	color=(29,145,192)
8	145	146	1.9101576691502	color=(29,145,192)
8	146	147	3.461887244067	color=(34,94,168)
8	147	148	3.1290262815258	color=(29,145,192)
8	148	149	2.5560714082488	color=(29,145,192)
8	149	150	1.692020634824	color=(29,145,192)
8	150	151	1.783569883648	color=(29,145,192)
8	151	152	2.66464675143432	color=(29,145,192)
8	152	153	3.8248835886306	color=(34,94,168)
8	153	154	2.3514327487116	color=(29,145,192)
8	154	155	2.9583432637504	color=(29,145,192)
8	155	156	2.346016888708	color=(29,145,192)
8	156	157	2.7543558605868	color=(29,145,192)
8	157	158	2.9009097021358	color=(29,145,192)
8	158	159	3.2282281071402	color=(29,145,192)
8	159	160	1.4288339421558	color=(29,145,192)
8	160	161	1.21473493021	color=(29,145,192)
8	161	162	1.96797512026224	color=(29,145,192)
8	162	163	2.288731039936	color=(29,145,192)
8	163	164	1.9929145277614	color=(29,145,192)
8	164	165	3.244602384508	color=(29,145,192)
8	165	166	0.6396434038538	color=(65,182,196)
8	166	167	2.6872155515496	color=(29,145,192)
8	167	168	2.572591152432	color=(29,145,192)
8	168	169	2.6403098204948	color=(29,145,192)
8	169	170	2.8713246167744	color=(29,145,192)
8	170	171	2.6053555743638	color=(29,145,192)
8	171	172	2.001140961538	color=(29,145,192)
8	172	173	2.0178498339958	color=(29,145,192)
8	173	174	3.213172753563	color=(29,145,192)
8	174	175	2.833772875624	color=(29,145,192)
8	175	176	3.1770862532952	color=(29,145,192)
8	176	177	1.832666164639	color=(29,145,192)
8	177	178	2.804603898844	color=(29,145,192)
8	178	179	2.40725737000618	color=(29,145,192)
8	179	180	2.123533040484	color=(29,145,192)
8	180	181	1.77746230493	color=(29,145,192)
8	181	182	3.6396768176236	color=(34,94,168)
8	182	183	1.818438615736	color=(29,145,192)
8	183	184	1.8005553234376	color=(29,145,192)
8	184	185	3.1085037866028	color=(29,145,192)
8	185	186	3.0877317771946	color=(29,145,192)
8	186	187	2.6039664271586	color=(29,145,192)
8	187	188	2.4546874136702	color=(29,145,192)
8	188	189	3.7050992337652	color=(34,94,168)
8	189	190	4.2048577254566	color=(34,94,168)
8	190	191	3.0250741090234	color=(29,145,192)
8	191	192	2.839023062236	color=(29,145,192)
8	192	193	2.393476345898	color=(29,145,192)
8	193	194	2.541799400718	color=(29,145,192)
8	194	195	1.61007643079	color=(29,145,192)
8	195	196	3.030974124492	color=(29,145,192)
8	196	197	1.737356166858	color=(29,145,192)
8	197	198	2.35437481351416	color=(29,145,192)
8	198	199	2.719318290614	color=(29,145,192)
8	199	200	2.987318818736	color=(29,145,192)
8	200	201	4.5952577973506	color=(34,94,168)
8	201	202	2.4477210027234	color=(29,145,192)
8	202	203	2.6507727731636	color=(29,145,192)
8	203	204	2.868215490082	color=(29,145,192)
8	204	205	3.0165628408654	color=(29,145,192)
8	205	206	2.548290831684	color=(29,145,192)
8	206	207	2.576479125852	color=(29,145,192)
8	207	208	1.72055509811	color=(29,145,192)
8	208	209	3.016426264278	color=(29,145,192)
8	209	210	2.532799452784	color=(29,145,192)
8	210	211	0.975620654428	color=(65,182,196)
8	211	212	2.508619980074	color=(29,145,192)
8	212	213	1.066321423486	color=(65,182,196)
8	213	214	3.70201640387717	color=(34,94,168)
8	214	215	3.1943513664772	color=(29,145,192)
8	215	216	1.1444008315508	color=(29,145,192)
8	216	217	1.166891904602	color=(29,145,192)
8	217	218	1.506170240218	color=(29,145,192)
8	218	219	2.1123020412712	color=(29,145,192)
8	219	220	3.4967547918682	color=(34,94,168)
8	220	221	2.3344249880854	color=(29,145,192)
8	221	222	3.060018448978	color=(29,145,192)
8	222	223	1.8364126090026	color=(29,145,192)
8	223	224	3.29442348830578	color=(29,145,192)
8	224	225	3.0189236333276	color=(29,145,192)
8	225	226	2.064107589838	color=(29,145,192)
8	226	227	2.893689406709	color=(29,145,192)
8	227	228	3.1972591330768	color=(29,145,192)
8	228	229	2.360695437196	color=(29,145,192)
8	229	230	2.7532821602346	color=(29,145,192)
8	230	231	2.6710015718672	color=(29,145,192)
8	231	232	2.234717969243	color=(29,145,192)
8	232	233	2.93553570761464	color=(29,145,192)
8	233	234	2.985515516185	color=(29,145,192)
8	234	235	3.6579819661642	color=(34,94,168)
8	235	236	0.8861182303346	color=(65,182,196)
8	236	237	2.6009969859055	color=(29,145,192)
8	237	238	1.369672333334	color=(29,145,192)
8	238	239	2.7166807740244	color=(29,145,192)
8	239	240	1.66876180474756	color=(29,145,192)
8	240	241	2.8466253524738	color=(29,145,192)
8	241	242	1.665240312799	color=(29,145,192)
8	242	243	1.956907845928	color=(29,145,192)
8	243	244	2.635825030724	color=(29,145,192)
8	244	245	2.185168672928	color=(29,145,192)
8	245	246	2.5894860852202	color=(29,145,192)
8	246	247	2.6273603822624	color=(29,145,192)
8	247	248	3.011633781696	color=(29,145,192)
8	248	249	2.22226966616	color=(29,145,192)
8	249	250	2.05963219427296	color=(29,145,192)
8	250	251	3.051742052066	color=(29,145,192)
8	251	252	2.2555976625246	color=(29,145,192)
8	252	253	0.826600768404	color=(65,182,196)
8	253	254	1.4517740709488	color=(29,145,192)
8	254	255	1.583698409032	color=(29,145,192)
8	255	256	2.90517124297	color=(29,145,192)
8	256	257	2.3633267952642	color=(29,145,192)
8	257	258	2.1817010478572	color=(29,145,192)
8	258	259	0.48864087147	color=(65,182,196)
8	259	260	2.5170675397246	color=(29,145,192)
8	260	261	0.956349622155801	color=(65,182,196)
8	261	262	0.877601821792	color=(65,182,196)
8	262	263	2.88606716425632	color=(29,145,192)
8	263	264	2.795736819856	color=(29,145,192)
8	264	265	1.5622491134464	color=(29,145,192)
8	265	266	2.3693824045246	color=(29,145,192)
8	266	267	0.805538282158	color=(65,182,196)
8	267	268	2.669325733526	color=(29,145,192)
8	268	269	2.2098878101218	color=(29,145,192)
8	269	270	2.60222508724014	color=(29,145,192)
8	270	271	0.981491987346399	color=(65,182,196)
8	271	272	2.4560387525772	color=(29,145,192)
8	272	273	2.6990018780084	color=(29,145,192)
8	273	274	2.8177107165868	color=(29,145,192)
8	274	275	4.014933024736	color=(34,94,168)
8	275	276	3.1374410351048	color=(29,145,192)
8	276	277	1.3446976346662	color=(29,145,192)
8	277	278	2.318652778662	color=(29,145,192)
8	278	279	1.1446859376108	color=(29,145,192)
8	279	280	2.6536803456394	color=(29,145,192)
8	280	281	3.1250615235138	color=(29,145,192)
8	281	282	2.67768649533362	color=(29,145,192)
8	282	283	1.4753350512104	color=(29,145,192)
8	283	284	-1.764573459436	color=(127,205,187)
8	284	285	1.648061932244	color=(29,145,192)
8	285	286	2.6556165486044	color=(29,145,192)
8	286	287	1.96967613379	color=(29,145,192)
8	287	288	0.517985167278001	color=(65,182,196)
8	288	289	3.393061060086	color=(34,94,168)
8	289	290	2.065223919491	color=(29,145,192)
8	290	291	2.457240978399	color=(29,145,192)
8	291	292	2.9215041971586	color=(29,145,192)
8	292	293	2.3809575824542	color=(29,145,192)
8	293	294	2.8821703024582	color=(29,145,192)
8	294	295	-0.32399967267	color=(65,182,196)
8	295	296	3.2639928343278	color=(29,145,192)
8	296	297	2.882373925366	color=(29,145,192)
8	297	298	2.8305301167026	color=(29,145,192)
8	298	299	2.6617018681988	color=(29,145,192)
8	299	300	2.6370593083058	color=(29,145,192)
8	300	301	1.652646436822	color=(29,145,192)
8	301	302	2.2603312250576	color=(29,145,192)
8	302	303	2.9170229513532	color=(29,145,192)
8	303	304	1.8192744464546	color=(29,145,192)
8	304	305	3.3838301578508	color=(34,94,168)
8	305	306	1.960440348294	color=(29,145,192)
8	306	307	2.1681056794906	color=(29,145,192)
8	307	308	2.564700511118	color=(29,145,192)
