1	0	1	-1.073890548984	color=(65,182,196)
1	1	2	-0.843134142496	color=(65,182,196)
1	2	3	-2.561177080542	color=(127,205,187)
1	3	4	-1.2625873732152	color=(127,205,187)
1	4	5	-2.09380041479216	color=(127,205,187)
1	5	6	-1.607722302454	color=(127,205,187)
1	6	7	-3.36477523715208	color=(199,233,180)
1	7	8	-0.9444963190622	color=(65,182,196)
1	8	9	-1.411214222031	color=(127,205,187)
1	9	10	-1.6617611272434	color=(127,205,187)
1	10	11	-2.34169049059984	color=(127,205,187)
1	11	12	-1.9273927298716	color=(127,205,187)
1	12	13	-2.00545200457458	color=(127,205,187)
1	13	14	-2.141387481592	color=(127,205,187)
1	14	15	-0.877771502146	color=(65,182,196)
1	15	16	-2.1872927908318	color=(127,205,187)
1	16	17	-1.468034156622	color=(127,205,187)
1	17	18	-3.198890339352	color=(127,205,187)
1	18	19	-3.402512581166	color=(199,233,180)
1	19	20	-2.1543551617534	color=(127,205,187)
1	20	21	-3.40962718937	color=(199,233,180)
1	21	22	-3.1177310671164	color=(127,205,187)
1	22	23	-2.072651295225	color=(127,205,187)
1	23	24	-3.247886623796	color=(127,205,187)
1	24	25	-0.295336604832	color=(65,182,196)
1	25	26	-2.0381462552066	color=(127,205,187)
1	26	27	-1.8059200537886	color=(127,205,187)
1	27	28	-0.439562346466	color=(65,182,196)
1	28	29	-3.8851967403542	color=(199,233,180)
1	29	30	-2.6132956373448	color=(127,205,187)
1	30	31	-3.041243327298	color=(127,205,187)
1	31	32	-1.959231093496	color=(127,205,187)
1	32	33	1.0401568186314	color=(65,182,196)
1	33	34	-2.3345524682224	color=(127,205,187)
1	34	35	-3.181033820966	color=(127,205,187)
1	35	36	-3.2492671168146	color=(127,205,187)
1	36	37	-1.532773602566	color=(127,205,187)
1	37	38	-0.000112179200000284	color=(65,182,196)
1	38	39	-1.99204868245	color=(127,205,187)
1	39	40	0.211786281948001	color=(65,182,196)
1	40	41	-3.4201603173368	color=(199,233,180)
1	41	42	-1.965778699656	color=(127,205,187)
1	42	43	-2.2465208396932	color=(127,205,187)
1	43	44	0.954678607726	color=(65,182,196)
1	44	45	-4.318444993012	color=(199,233,180)
1	45	46	-2.9114229197418	color=(127,205,187)
1	46	47	-0.699668296083999	color=(65,182,196)
1	47	48	-2.873952036256	color=(127,205,187)
1	48	49	-1.53458264442	color=(127,205,187)
1	49	50	-3.1576195337198	color=(127,205,187)
1	50	51	-1.206147268138	color=(127,205,187)
1	51	52	-0.6853754639864	color=(65,182,196)
1	52	53	-1.6710542654776	color=(127,205,187)
1	53	54	-2.65692717077318	color=(127,205,187)
1	54	55	-2.197418806196	color=(127,205,187)
1	55	56	-1.6748695062902	color=(127,205,187)
1	56	57	-1.3763178635	color=(127,205,187)
1	57	58	-2.597898254238	color=(127,205,187)
1	58	59	-1.535152679456	color=(127,205,187)
1	59	60	-3.16171761546	color=(127,205,187)
1	60	61	-1.907965820344	color=(127,205,187)
1	61	62	-3.083095257761	color=(127,205,187)
1	62	63	-3.25129624670553	color=(127,205,187)
1	63	64	-2.311825374968	color=(127,205,187)
1	64	65	-0.98975235016	color=(65,182,196)
1	65	66	-1.155995933204	color=(127,205,187)
1	66	67	-2.37043909222	color=(127,205,187)
1	67	68	-1.253353570782	color=(127,205,187)
1	68	69	-2.640825185556	color=(127,205,187)
1	69	70	-2.0845958480998	color=(127,205,187)
1	70	71	-2.928941146148	color=(127,205,187)
1	71	72	-0.5044475365776	color=(65,182,196)
1	72	73	-4.0110881609166	color=(199,233,180)
1	73	74	-3.432496306876	color=(199,233,180)
1	74	75	-4.5080032995338	color=(199,233,180)
1	75	76	-3.76331556628	color=(199,233,180)
1	76	77	-0.364314621044	color=(65,182,196)
1	77	78	-2.803162857678	color=(127,205,187)
1	78	79	-3.4447869095	color=(199,233,180)
1	79	80	-1.174724314994	color=(127,205,187)
1	80	81	-1.79348325709108	color=(127,205,187)
1	81	82	-2.381116602504	color=(127,205,187)
1	82	83	-1.7969442374752	color=(127,205,187)
1	83	84	-3.9553083998776	color=(199,233,180)
1	84	85	-2.24791537589	color=(127,205,187)
1	85	86	-3.7903231120964	color=(199,233,180)
1	86	87	-3.67507921515474	color=(199,233,180)
1	87	88	-2.6884197374836	color=(127,205,187)
1	88	89	-3.1798469326205	color=(127,205,187)
1	89	90	-2.4344442993	color=(127,205,187)
1	90	91	-3.411457532168	color=(199,233,180)
1	91	92	-1.540913527254	color=(127,205,187)
1	92	93	-1.389975539128	color=(127,205,187)
1	93	94	-2.6506681789844	color=(127,205,187)
1	94	95	-1.6670038266	color=(127,205,187)
1	95	96	-0.355676255972	color=(65,182,196)
1	96	97	-2.6865930879538	color=(127,205,187)
1	97	98	-3.6381408361084	color=(199,233,180)
1	98	99	-1.392013407792	color=(127,205,187)
1	99	100	-4.1235976997868	color=(199,233,180)
1	100	101	-2.173065308432	color=(127,205,187)
1	101	102	-1.2338128594204	color=(127,205,187)
1	102	103	-4.09420393397168	color=(199,233,180)
1	103	104	-1.966470410474	color=(127,205,187)
1	104	105	-1.212788515638	color=(127,205,187)
1	105	106	-0.4291054997034	color=(65,182,196)
1	106	107	-1.6694540890628	color=(127,205,187)
1	107	108	-2.762615025094	color=(127,205,187)
1	108	109	-1.710882873221	color=(127,205,187)
1	109	110	-2.23594275278369	color=(127,205,187)
1	110	111	-1.721265887708	color=(127,205,187)
1	111	112	-2.00745722195898	color=(127,205,187)
1	112	113	-2.018381135846	color=(127,205,187)
1	113	114	-3.59481381006808	color=(199,233,180)
1	114	115	-2.6123187253719	color=(127,205,187)
1	115	116	-1.409037824464	color=(127,205,187)
1	116	117	-4.7111815225456	color=(199,233,180)
1	117	118	-1.60891741608236	color=(127,205,187)
1	118	119	-1.38363826163	color=(127,205,187)
1	119	120	-1.676636598122	color=(127,205,187)
1	120	121	-3.0723732809604	color=(127,205,187)
1	121	122	-0.516887055992001	color=(65,182,196)
1	122	123	-2.9278793371714	color=(127,205,187)
1	123	124	-2.450582632802	color=(127,205,187)
1	124	125	-2.5909251397456	color=(127,205,187)
1	125	126	-2.796720766612	color=(127,205,187)
1	126	127	-4.18278628856336	color=(199,233,180)
1	127	128	-3.124407241294	color=(127,205,187)
1	128	129	-2.31957823556	color=(127,205,187)
1	129	130	-2.9702754378	color=(127,205,187)
1	130	131	-4.0917631969602	color=(199,233,180)
1	131	132	-2.58970403157	color=(127,205,187)
1	132	133	-2.610524285042	color=(127,205,187)
1	133	134	-2.59534233896	color=(127,205,187)
1	134	135	-3.7001400989956	color=(199,233,180)
1	135	136	-4.2864867190978	color=(199,233,180)
1	136	137	-2.72195414877712	color=(127,205,187)
1	137	138	-3.313896110118	color=(127,205,187)
1	138	139	-2.1983721714434	color=(127,205,187)
1	139	140	-1.571345090736	color=(127,205,187)
1	140	141	-1.9792635279692	color=(127,205,187)
1	141	142	-3.1899664863176	color=(127,205,187)
1	142	143	-2.4251112296896	color=(127,205,187)
1	143	144	-3.09174583190214	color=(127,205,187)
1	144	145	-1.651398173404	color=(127,205,187)
1	145	146	-3.44543074929516	color=(199,233,180)
1	146	147	-3.40601607334	color=(199,233,180)
1	147	148	-1.90435310831	color=(127,205,187)
2	0	1	1.991744449162	color=(29,145,192)
2	1	2	0.6917942973218	color=(65,182,196)
2	2	3	1.6511454668376	color=(29,145,192)
2	3	4	-0.3530055522588	color=(65,182,196)
2	4	5	1.293056108832	color=(29,145,192)
2	5	6	0.50933991296	color=(65,182,196)
2	6	7	2.178702160804	color=(29,145,192)
2	7	8	1.702032847758	color=(29,145,192)
2	8	9	0.305276083507	color=(65,182,196)
2	9	10	-0.1357574947	color=(65,182,196)
2	10	11	0.832994932514	color=(65,182,196)
2	11	12	0.4326352195328	color=(65,182,196)
2	12	13	0.895047237446	color=(65,182,196)
2	13	14	0.336534519168	color=(65,182,196)
2	14	15	1.3817108480654	color=(29,145,192)
2	15	16	1.345176779168	color=(29,145,192)
2	16	17	0.780894299906	color=(65,182,196)
2	17	18	0.372619165528	color=(65,182,196)
2	18	19	-0.306998338452	color=(65,182,196)
2	19	20	0.2008915111612	color=(65,182,196)
2	20	21	1.2026659653544	color=(29,145,192)
2	21	22	2.547820455256	color=(29,145,192)
2	22	23	1.276448658705	color=(29,145,192)
2	23	24	1.934752252176	color=(29,145,192)
2	24	25	3.081238750406	color=(29,145,192)
2	25	26	0.9608288772248	color=(65,182,196)
2	26	27	0.605865336791	color=(65,182,196)
2	27	28	0.8184342108738	color=(65,182,196)
2	28	29	1.90132325910484	color=(29,145,192)
2	29	30	0.5748098142662	color=(65,182,196)
2	30	31	0.0479411739054001	color=(65,182,196)
2	31	32	1.4335286889114	color=(29,145,192)
2	32	33	0.4585436084654	color=(65,182,196)
2	33	34	-0.103937552594799	color=(65,182,196)
2	34	35	1.6310356894152	color=(29,145,192)
2	35	36	2.6734856749968	color=(29,145,192)
2	36	37	2.0289786462368	color=(29,145,192)
2	37	38	0.4424172699574	color=(65,182,196)
2	38	39	1.662876159684	color=(29,145,192)
2	39	40	0.4661058405388	color=(65,182,196)
2	40	41	0.859606244629	color=(65,182,196)
2	41	42	0.131835124566	color=(65,182,196)
2	42	43	-0.2518795880776	color=(65,182,196)
2	43	44	-0.8015082433804	color=(65,182,196)
2	44	45	0.75993230118536	color=(65,182,196)
2	45	46	1.116753042002	color=(29,145,192)
2	46	47	1.3939344619786	color=(29,145,192)
2	47	48	0.0745393415374001	color=(65,182,196)
2	48	49	1.026384203074	color=(65,182,196)
2	49	50	2.7913469352996	color=(29,145,192)
2	50	51	-0.0442288983405199	color=(65,182,196)
2	51	52	2.5368594852636	color=(29,145,192)
2	52	53	2.59282426484242	color=(29,145,192)
2	53	54	1.753821767846	color=(29,145,192)
2	54	55	1.359765495192	color=(29,145,192)
2	55	56	0.645057366212599	color=(65,182,196)
2	56	57	0.408436807724001	color=(65,182,196)
2	57	58	1.4997462457594	color=(29,145,192)
2	58	59	1.1583121773768	color=(29,145,192)
2	59	60	0.532108034686	color=(65,182,196)
2	60	61	0.908541547584001	color=(65,182,196)
2	61	62	3.4485332784712	color=(34,94,168)
2	62	63	0.4924886382958	color=(65,182,196)
2	63	64	1.05757109282	color=(65,182,196)
2	64	65	0.6148278993006	color=(65,182,196)
2	65	66	0.9188062195992	color=(65,182,196)
2	66	67	1.0043930615742	color=(65,182,196)
2	67	68	0.05289111003	color=(65,182,196)
2	68	69	0.316181274878	color=(65,182,196)
2	69	70	0.437208395221	color=(65,182,196)
2	70	71	1.010530683886	color=(65,182,196)
2	71	72	1.4496446154504	color=(29,145,192)
2	72	73	1.58259364884	color=(29,145,192)
2	73	74	3.52303313952226	color=(34,94,168)
2	74	75	1.895932615822	color=(29,145,192)
2	75	76	1.264858724506	color=(29,145,192)
2	76	77	0.90141097901	color=(65,182,196)
2	77	78	0.876565081982	color=(65,182,196)
2	78	79	0.38844623554	color=(65,182,196)
2	79	80	2.62178235814022	color=(29,145,192)
2	80	81	0.0877350142960003	color=(65,182,196)
2	81	82	-0.13308555923512	color=(65,182,196)
2	82	83	-0.448324897476	color=(65,182,196)
2	83	84	1.8345627159576	color=(29,145,192)
2	84	85	0.6331865050906	color=(65,182,196)
2	85	86	0.783375828924	color=(65,182,196)
2	86	87	1.70381297692688	color=(29,145,192)
2	87	88	2.61832128434948	color=(29,145,192)
2	88	89	2.74479744009136	color=(29,145,192)
2	89	90	1.600084204794	color=(29,145,192)
2	90	91	1.3032456949574	color=(29,145,192)
2	91	92	2.4811438325576	color=(29,145,192)
2	92	93	1.6849218237506	color=(29,145,192)
2	93	94	-0.3319476141758	color=(65,182,196)
2	94	95	0.234279656608	color=(65,182,196)
2	95	96	0.554987758321	color=(65,182,196)
2	96	97	0.1701480333122	color=(65,182,196)
2	97	98	0.968933134874	color=(65,182,196)
2	98	99	1.4481790082606	color=(29,145,192)
2	99	100	1.310661015352	color=(29,145,192)
2	100	101	0.470896780279999	color=(65,182,196)
2	101	102	0.42968406591	color=(65,182,196)
2	102	103	0.3118797028114	color=(65,182,196)
2	103	104	0.626012600516	color=(65,182,196)
2	104	105	1.6949380935	color=(29,145,192)
2	105	106	0.7498557223	color=(65,182,196)
2	106	107	0.81910512625452	color=(65,182,196)
2	107	108	1.483926337348	color=(29,145,192)
2	108	109	0.502290651114	color=(65,182,196)
2	109	110	1.111938068656	color=(29,145,192)
2	110	111	2.5120774205058	color=(29,145,192)
2	111	112	-0.2593079012424	color=(65,182,196)
2	112	113	0.551480923281	color=(65,182,196)
2	113	114	1.2748538630702	color=(29,145,192)
2	114	115	-0.6959602446878	color=(65,182,196)
2	115	116	0.4264087308832	color=(65,182,196)
2	116	117	0.421659709386	color=(65,182,196)
2	117	118	1.26040309081358	color=(29,145,192)
2	118	119	0.6026205037466	color=(65,182,196)
2	119	120	0.2852358593968	color=(65,182,196)
2	120	121	0.325981502487799	color=(65,182,196)
2	121	122	0.827848614179801	color=(65,182,196)
2	122	123	0.880379496084	color=(65,182,196)
2	123	124	0.2485395711524	color=(65,182,196)
2	124	125	1.22431931576766	color=(29,145,192)
2	125	126	0.2747807718142	color=(65,182,196)
2	126	127	0.6270907717814	color=(65,182,196)
2	127	128	-0.2363259792534	color=(65,182,196)
2	128	129	1.0616991986214	color=(65,182,196)
2	129	130	1.340075465792	color=(29,145,192)
2	130	131	-0.190939704416	color=(65,182,196)
2	131	132	1.416519232813	color=(29,145,192)
2	132	133	0.914926937992	color=(65,182,196)
2	133	134	1.357807252736	color=(29,145,192)
2	134	135	0.669933188128	color=(65,182,196)
2	135	136	1.32296689209	color=(29,145,192)
2	136	137	0.786898698464	color=(65,182,196)
2	137	138	-0.127513219932	color=(65,182,196)
2	138	139	3.3268907572	color=(34,94,168)
2	139	140	1.462412733865	color=(29,145,192)
2	140	141	-0.0361292184339996	color=(65,182,196)
2	141	142	0.0950957960759995	color=(65,182,196)
2	142	143	-0.66501656549	color=(65,182,196)
2	143	144	1.1205983576176	color=(29,145,192)
2	144	145	1.033329248166	color=(65,182,196)
2	145	146	1.32597197718	color=(29,145,192)
2	146	147	-0.24660327967132	color=(65,182,196)
2	147	148	0.5721133092336	color=(65,182,196)
2	148	149	0.5986475748072	color=(65,182,196)
2	149	150	0.600617530179999	color=(65,182,196)
2	150	151	0.882819497379	color=(65,182,196)
2	151	152	0.4260612641784	color=(65,182,196)
2	152	153	0.1731184265852	color=(65,182,196)
2	153	154	0.9578129479496	color=(65,182,196)
2	154	155	3.559160012058	color=(34,94,168)
2	155	156	4.0516249608866	color=(34,94,168)
2	156	157	0.6269398094016	color=(65,182,196)
2	157	158	3.400990397184	color=(34,94,168)
2	158	159	1.382192357296	color=(29,145,192)
2	159	160	1.074226542047	color=(65,182,196)
2	160	161	0.843878610909	color=(65,182,196)
2	161	162	0.752775249917	color=(65,182,196)
2	162	163	0.5733455977246	color=(65,182,196)
2	163	164	0.989861029318	color=(65,182,196)
2	164	165	-0.3035654667006	color=(65,182,196)
2	165	166	1.8570135485526	color=(29,145,192)
2	166	167	0.211483150172	color=(65,182,196)
2	167	168	1.2468324903326	color=(29,145,192)
2	168	169	0.616864235930001	color=(65,182,196)
2	169	170	0.441877327686	color=(65,182,196)
2	170	171	-0.1957236433024	color=(65,182,196)
2	171	172	2.1852236856292	color=(29,145,192)
2	172	173	-0.1517781874744	color=(65,182,196)
2	173	174	0.7353261750408	color=(65,182,196)
2	174	175	3.455540983129	color=(34,94,168)
2	175	176	-0.0511646741999998	color=(65,182,196)
2	176	177	2.84722056046382	color=(29,145,192)
2	177	178	1.094457292517	color=(65,182,196)
2	178	179	0.1253519937	color=(65,182,196)
2	179	180	-0.601615615962	color=(65,182,196)
2	180	181	1.492047195827	color=(29,145,192)
2	181	182	0.78275572739	color=(65,182,196)
2	182	183	1.380349207966	color=(29,145,192)
2	183	184	1.2301966305789	color=(29,145,192)
2	184	185	3.93264186499442	color=(34,94,168)
2	185	186	1.497317988048	color=(29,145,192)
2	186	187	0.574903855919999	color=(65,182,196)
2	187	188	0.3017187835224	color=(65,182,196)
2	188	189	1.014251582194	color=(65,182,196)
2	189	190	0.80947063258534	color=(65,182,196)
2	190	191	0.7904882358122	color=(65,182,196)
2	191	192	0.277504280892	color=(65,182,196)
2	192	193	2.174795778158	color=(29,145,192)
2	193	194	1.414729059154	color=(29,145,192)
2	194	195	-0.3907544402454	color=(65,182,196)
2	195	196	2.96655294158798	color=(29,145,192)
2	196	197	1.1190563925184	color=(29,145,192)
2	197	198	-0.0554688984265996	color=(65,182,196)
2	198	199	0.9349260722322	color=(65,182,196)
2	199	200	1.5994689805906	color=(29,145,192)
2	200	201	1.07234429555	color=(65,182,196)
2	201	202	-0.5475626140772	color=(65,182,196)
2	202	203	-0.4121848066066	color=(65,182,196)
2	203	204	2.72999961285	color=(29,145,192)
2	204	205	-0.423167996466	color=(65,182,196)
2	205	206	1.487756063865	color=(29,145,192)
2	206	207	1.61442467536958	color=(29,145,192)
2	207	208	1.3160306337	color=(29,145,192)
2	208	209	1.0636565856727	color=(65,182,196)
2	209	210	0.0466494711671999	color=(65,182,196)
2	210	211	1.1987623724484	color=(29,145,192)
2	211	212	0.504817936954	color=(65,182,196)
2	212	213	0.354478354422	color=(65,182,196)
2	213	214	1.1682927871864	color=(29,145,192)
2	214	215	1.033496717394	color=(65,182,196)
2	215	216	1.04627043187148	color=(65,182,196)
2	216	217	0.984676215041	color=(65,182,196)
2	217	218	0.7098708501864	color=(65,182,196)
2	218	219	0.9727018764486	color=(65,182,196)
2	219	220	0.814665375854	color=(65,182,196)
2	220	221	1.106417141746	color=(29,145,192)
2	221	222	0.4505091047804	color=(65,182,196)
2	222	223	0.0840947302779993	color=(65,182,196)
2	223	224	1.9239219592308	color=(29,145,192)
2	224	225	0.7857597244802	color=(65,182,196)
2	225	226	0.1176138118288	color=(65,182,196)
2	226	227	0.3753239396734	color=(65,182,196)
2	227	228	-0.734749965212	color=(65,182,196)
2	228	229	2.4788418357816	color=(29,145,192)
2	229	230	1.41574574204	color=(29,145,192)
2	230	231	1.3887874395538	color=(29,145,192)
2	231	232	0.119578784262	color=(65,182,196)
2	232	233	0.320047949302	color=(65,182,196)
2	233	234	1.46886254584	color=(29,145,192)
2	234	235	0.5093683615678	color=(65,182,196)
2	235	236	0.5723250707114	color=(65,182,196)
2	236	237	1.300199676011	color=(29,145,192)
2	237	238	1.0159242736454	color=(65,182,196)
2	238	239	0.8247479125788	color=(65,182,196)
2	239	240	0.1999274920408	color=(65,182,196)
2	240	241	2.7060176846478	color=(29,145,192)
2	241	242	-1.1920509331748	color=(127,205,187)
2	242	243	0.662045386664	color=(65,182,196)
2	243	244	-0.37735727937	color=(65,182,196)
2	244	245	1.1016923018534	color=(29,145,192)
2	245	246	1.0990037348542	color=(65,182,196)
2	246	247	3.06725764928626	color=(29,145,192)
2	247	248	0.8895056717246	color=(65,182,196)
2	248	249	0.5806712837972	color=(65,182,196)
2	249	250	1.1926825835648	color=(29,145,192)
2	250	251	0.916524682824	color=(65,182,196)
2	251	252	0.982085616996	color=(65,182,196)
2	252	253	1.0518644228726	color=(65,182,196)
2	253	254	1.1187622101256	color=(29,145,192)
2	254	255	-0.6072116052294	color=(65,182,196)
2	255	256	0.4977223761578	color=(65,182,196)
2	256	257	-0.0430134677744998	color=(65,182,196)
2	257	258	2.318710997233	color=(29,145,192)
2	258	259	-0.66112547170986	color=(65,182,196)
2	259	260	0.1443591315898	color=(65,182,196)
2	260	261	-0.0881673552620006	color=(65,182,196)
2	261	262	0.95202834332	color=(65,182,196)
2	262	263	0.947191091444	color=(65,182,196)
2	263	264	3.151588213168	color=(29,145,192)
2	264	265	2.386004521685	color=(29,145,192)
2	265	266	2.062878040596	color=(29,145,192)
2	266	267	2.152459094468	color=(29,145,192)
2	267	268	0.6785224993306	color=(65,182,196)
2	268	269	-0.8863725461132	color=(65,182,196)
2	269	270	0.2709418210834	color=(65,182,196)
2	270	271	1.91842947743494	color=(29,145,192)
2	271	272	1.2376660395822	color=(29,145,192)
2	272	273	1.9478520337284	color=(29,145,192)
2	273	274	0.7846347444262	color=(65,182,196)
3	0	1	2.79746138494616	color=(29,145,192)
3	1	2	2.95294529119	color=(29,145,192)
3	2	3	2.30276875479	color=(29,145,192)
3	3	4	3.167636649044	color=(29,145,192)
3	4	5	2.659057797398	color=(29,145,192)
3	5	6	3.161787458294	color=(29,145,192)
3	6	7	2.807996955828	color=(29,145,192)
3	7	8	3.334366469028	color=(34,94,168)
3	8	9	4.396893143164	color=(34,94,168)
3	9	10	1.899524431188	color=(29,145,192)
3	10	11	4.0260899573296	color=(34,94,168)
3	11	12	2.893847459846	color=(29,145,192)
3	12	13	3.906472159086	color=(34,94,168)
3	13	14	3.545054228174	color=(34,94,168)
3	14	15	3.7354487979572	color=(34,94,168)
3	15	16	2.108231687281	color=(29,145,192)
3	16	17	3.9393398510174	color=(34,94,168)
3	17	18	4.4820558412978	color=(34,94,168)
3	18	19	4.73995358627	color=(34,94,168)
3	19	20	3.809612604458	color=(34,94,168)
3	20	21	4.096458364345	color=(34,94,168)
3	21	22	2.162580795502	color=(29,145,192)
3	22	23	2.778257580848	color=(29,145,192)
3	23	24	2.6733191970064	color=(29,145,192)
3	24	25	4.5972107597104	color=(34,94,168)
3	25	26	5.644288587164	color=(37,52,148)
3	26	27	3.944219039142	color=(34,94,168)
3	27	28	4.296024874	color=(34,94,168)
3	28	29	4.82219497305	color=(34,94,168)
3	29	30	3.8748029531854	color=(34,94,168)
3	30	31	4.7236515648226	color=(34,94,168)
3	31	32	2.2816451640772	color=(29,145,192)
3	32	33	1.648543158514	color=(29,145,192)
3	33	34	4.581372630758	color=(34,94,168)
3	34	35	5.0169995785754	color=(34,94,168)
3	35	36	3.3044707494454	color=(29,145,192)
3	36	37	2.2633605728676	color=(29,145,192)
3	37	38	3.303541910484	color=(29,145,192)
3	38	39	4.048886183152	color=(34,94,168)
3	39	40	3.3579007703988	color=(34,94,168)
3	40	41	2.97253706134356	color=(29,145,192)
3	41	42	5.7512508140746	color=(37,52,148)
3	42	43	3.954224791236	color=(34,94,168)
3	43	44	3.5313704948676	color=(34,94,168)
3	44	45	3.34892101910162	color=(34,94,168)
3	45	46	4.299905235148	color=(34,94,168)
3	46	47	4.6351693515688	color=(34,94,168)
3	47	48	4.1754511337304	color=(34,94,168)
3	48	49	3.115526781496	color=(29,145,192)
3	49	50	4.10029490486652	color=(34,94,168)
3	50	51	4.8767249820922	color=(34,94,168)
3	51	52	3.089008200302	color=(29,145,192)
3	52	53	3.3042046328674	color=(29,145,192)
3	53	54	4.448592243958	color=(34,94,168)
3	54	55	5.0723023152244	color=(34,94,168)
3	55	56	5.2246600096968	color=(34,94,168)
3	56	57	2.690563648172	color=(29,145,192)
3	57	58	3.41145000460142	color=(34,94,168)
3	58	59	2.822613629852	color=(29,145,192)
3	59	60	2.700973155586	color=(29,145,192)
3	60	61	3.367473728898	color=(34,94,168)
3	61	62	3.02679166774332	color=(29,145,192)
3	62	63	4.2170856451468	color=(34,94,168)
3	63	64	4.061768788858	color=(34,94,168)
3	64	65	3.18997993336934	color=(29,145,192)
3	65	66	2.942315810182	color=(29,145,192)
3	66	67	2.298958570402	color=(29,145,192)
3	67	68	3.650858729928	color=(34,94,168)
3	68	69	4.580782076098	color=(34,94,168)
3	69	70	5.0890145052434	color=(34,94,168)
3	70	71	4.29664462687007	color=(34,94,168)
3	71	72	5.0948639615404	color=(34,94,168)
3	72	73	2.337950182866	color=(29,145,192)
3	73	74	1.804095380324	color=(29,145,192)
3	74	75	4.51345677406072	color=(34,94,168)
3	75	76	3.0091753358516	color=(29,145,192)
3	76	77	2.7182294582772	color=(29,145,192)
3	77	78	4.6074839100456	color=(34,94,168)
3	78	79	3.4471158080042	color=(34,94,168)
3	79	80	4.074135408686	color=(34,94,168)
3	80	81	4.611748298478	color=(34,94,168)
3	81	82	2.1626457167258	color=(29,145,192)
3	82	83	4.4170095411564	color=(34,94,168)
3	83	84	3.67754046046	color=(34,94,168)
3	84	85	1.534233290065	color=(29,145,192)
3	85	86	3.92891387911516	color=(34,94,168)
3	86	87	4.3857754727492	color=(34,94,168)
3	87	88	3.143626207138	color=(29,145,192)
3	88	89	4.8522629730722	color=(34,94,168)
3	89	90	4.358711895492	color=(34,94,168)
3	90	91	3.670816236338	color=(34,94,168)
3	91	92	3.14543688303	color=(29,145,192)
3	92	93	4.0039998411648	color=(34,94,168)
3	93	94	4.56383885461856	color=(34,94,168)
3	94	95	4.946814267182	color=(34,94,168)
3	95	96	3.3286054541504	color=(34,94,168)
3	96	97	2.650691867048	color=(29,145,192)
3	97	98	4.8751001404974	color=(34,94,168)
3	98	99	4.5009897742564	color=(34,94,168)
3	99	100	3.1924430627836	color=(29,145,192)
3	100	101	4.4124300780236	color=(34,94,168)
3	101	102	3.5347475916842	color=(34,94,168)
3	102	103	4.49598518787	color=(34,94,168)
3	103	104	4.570371377356	color=(34,94,168)
3	104	105	6.144023591465	color=(37,52,148)
3	105	106	4.8383943994006	color=(34,94,168)
3	106	107	2.411724214712	color=(29,145,192)
3	107	108	3.16405603385	color=(29,145,192)
3	108	109	3.2677367465758	color=(29,145,192)
3	109	110	1.1375776927474	color=(29,145,192)
3	110	111	3.212190566386	color=(29,145,192)
3	111	112	5.7701753546374	color=(37,52,148)
3	112	113	5.660565584474	color=(37,52,148)
3	113	114	2.9171625913392	color=(29,145,192)
3	114	115	4.472457609516	color=(34,94,168)
3	115	116	3.6473252438748	color=(34,94,168)
3	116	117	2.0696316304706	color=(29,145,192)
3	117	118	2.846797990486	color=(29,145,192)
3	118	119	2.7479190018634	color=(29,145,192)
3	119	120	4.0466058002876	color=(34,94,168)
3	120	121	3.506418147182	color=(34,94,168)
3	121	122	3.86258853736	color=(34,94,168)
3	122	123	4.63343323882	color=(34,94,168)
3	123	124	5.19327156462	color=(34,94,168)
3	124	125	4.7415556685638	color=(34,94,168)
3	125	126	3.2858747480372	color=(29,145,192)
3	126	127	3.57700308168784	color=(34,94,168)
3	127	128	4.297653555708	color=(34,94,168)
3	128	129	4.615006932118	color=(34,94,168)
3	129	130	3.1508590760514	color=(29,145,192)
3	130	131	3.2228133909756	color=(29,145,192)
3	131	132	2.989855955874	color=(29,145,192)
3	132	133	3.9422036901936	color=(34,94,168)
3	133	134	3.1905475864546	color=(29,145,192)
3	134	135	4.5240346706516	color=(34,94,168)
3	135	136	4.7842694353472	color=(34,94,168)
3	136	137	4.446716683355	color=(34,94,168)
3	137	138	5.4125067112658	color=(34,94,168)
3	138	139	3.0274993204608	color=(29,145,192)
3	139	140	2.209106558388	color=(29,145,192)
3	140	141	5.7895413060598	color=(37,52,148)
3	141	142	2.8976990123254	color=(29,145,192)
3	142	143	3.949898761368	color=(34,94,168)
3	143	144	4.34418966569	color=(34,94,168)
3	144	145	4.6413259586094	color=(34,94,168)
3	145	146	2.2766275895012	color=(29,145,192)
3	146	147	2.9334844958026	color=(29,145,192)
3	147	148	3.6225097162402	color=(34,94,168)
3	148	149	2.754812328304	color=(29,145,192)
3	149	150	2.1219709302278	color=(29,145,192)
3	150	151	4.1753783705602	color=(34,94,168)
3	151	152	3.4304151286286	color=(34,94,168)
3	152	153	4.642509527286	color=(34,94,168)
3	153	154	5.518091893214	color=(34,94,168)
3	154	155	4.072817277068	color=(34,94,168)
3	155	156	2.789386682424	color=(29,145,192)
3	156	157	2.212709311322	color=(29,145,192)
3	157	158	2.9079525809464	color=(29,145,192)
3	158	159	2.3578631939146	color=(29,145,192)
3	159	160	4.3957979611	color=(34,94,168)
3	160	161	4.2928090974448	color=(34,94,168)
3	161	162	3.093738854378	color=(29,145,192)
3	162	163	2.32705952454062	color=(29,145,192)
3	163	164	4.577627291384	color=(34,94,168)
3	164	165	2.798244212314	color=(29,145,192)
3	165	166	3.3491710101208	color=(34,94,168)
3	166	167	4.887613949418	color=(34,94,168)
3	167	168	5.249014002914	color=(34,94,168)
3	168	169	5.07643800588	color=(34,94,168)
3	169	170	1.62053804612	color=(29,145,192)
3	170	171	3.019582689238	color=(29,145,192)
3	171	172	3.2081744906414	color=(29,145,192)
3	172	173	5.3104350455622	color=(34,94,168)
3	173	174	3.6715502406106	color=(34,94,168)
3	174	175	5.84933532511748	color=(37,52,148)
3	175	176	4.7723651748918	color=(34,94,168)
3	176	177	4.0912757610158	color=(34,94,168)
3	177	178	3.1466392814492	color=(29,145,192)
3	178	179	4.0089904179174	color=(34,94,168)
3	179	180	3.474628487032	color=(34,94,168)
3	180	181	3.22351230763	color=(29,145,192)
3	181	182	4.709585911044	color=(34,94,168)
3	182	183	3.558994168552	color=(34,94,168)
3	183	184	3.3049615345344	color=(29,145,192)
3	184	185	5.1063109014172	color=(34,94,168)
3	185	186	5.33637320062062	color=(34,94,168)
3	186	187	4.1060750642024	color=(34,94,168)
3	187	188	2.8440608330598	color=(29,145,192)
3	188	189	2.814483057528	color=(29,145,192)
3	189	190	3.868506867668	color=(34,94,168)
3	190	191	4.298094584415	color=(34,94,168)
3	191	192	3.513243162486	color=(34,94,168)
3	192	193	3.2212714294762	color=(29,145,192)
3	193	194	2.2445265157606	color=(29,145,192)
3	194	195	2.160425538364	color=(29,145,192)
3	195	196	4.7587572570606	color=(34,94,168)
3	196	197	4.17555459322414	color=(34,94,168)
3	197	198	3.9081953131994	color=(34,94,168)
3	198	199	4.861772540522	color=(34,94,168)
3	199	200	2.63079201698	color=(29,145,192)
3	200	201	2.3174588410602	color=(29,145,192)
3	201	202	3.4343015014508	color=(34,94,168)
3	202	203	4.885825052178	color=(34,94,168)
3	203	204	4.47799080584858	color=(34,94,168)
3	204	205	3.427701196528	color=(34,94,168)
3	205	206	3.1794810725444	color=(29,145,192)
3	206	207	4.324297622116	color=(34,94,168)
3	207	208	1.526729466084	color=(29,145,192)
3	208	209	5.8715779838752	color=(37,52,148)
3	209	210	4.2495582096738	color=(34,94,168)
3	210	211	3.175629359132	color=(29,145,192)
3	211	212	3.365148146286	color=(34,94,168)
3	212	213	4.77303463171	color=(34,94,168)
3	213	214	4.3792735619486	color=(34,94,168)
3	214	215	2.81447668077	color=(29,145,192)
3	215	216	2.741132386318	color=(29,145,192)
3	216	217	4.7668482139408	color=(34,94,168)
3	217	218	3.1478529149544	color=(29,145,192)
3	218	219	4.367734583334	color=(34,94,168)
3	219	220	3.447886735472	color=(34,94,168)
3	220	221	4.29090280807	color=(34,94,168)
3	221	222	2.6817071272444	color=(29,145,192)
3	222	223	4.1868313613896	color=(34,94,168)
3	223	224	1.712263632598	color=(29,145,192)
3	224	225	3.488623095782	color=(34,94,168)
3	225	226	3.611319429652	color=(34,94,168)
3	226	227	2.7585673939312	color=(29,145,192)
4	0	1	-0.0646083878699999	color=(65,182,196)
4	1	2	-0.402707274454	color=(65,182,196)
4	2	3	0.0459181042138	color=(65,182,196)
4	3	4	-0.488169025846	color=(65,182,196)
4	4	5	1.066811221225	color=(65,182,196)
4	5	6	-2.482275433584	color=(127,205,187)
4	6	7	-0.159561665831999	color=(65,182,196)
4	7	8	-1.68148015506744	color=(127,205,187)
4	8	9	-0.8611011976908	color=(65,182,196)
4	9	10	-0.0453120598000005	color=(65,182,196)
4	10	11	-0.938651977139999	color=(65,182,196)
4	11	12	-0.471796389466	color=(65,182,196)
4	12	13	-0.0874446963599995	color=(65,182,196)
4	13	14	-1.3309054853186	color=(127,205,187)
4	14	15	-0.984649187996	color=(65,182,196)
4	15	16	-1.488402110304	color=(127,205,187)
4	16	17	1.384041131528	color=(29,145,192)
4	17	18	-1.19142164409	color=(127,205,187)
4	18	19	1.072984813374	color=(65,182,196)
4	19	20	-0.169469650196	color=(65,182,196)
4	20	21	0.01977640536	color=(65,182,196)
4	21	22	-0.0205657273900002	color=(65,182,196)
4	22	23	-1.128574838806	color=(127,205,187)
4	23	24	-1.0801113155486	color=(65,182,196)
4	24	25	-0.9439030833	color=(65,182,196)
4	25	26	0.0924827023832	color=(65,182,196)
4	26	27	-1.104662312084	color=(65,182,196)
4	27	28	0.488641085172	color=(65,182,196)
4	28	29	-1.054089367181	color=(65,182,196)
4	29	30	-1.257449137404	color=(127,205,187)
4	30	31	-1.0707538550426	color=(65,182,196)
4	31	32	-0.709325740684	color=(65,182,196)
4	32	33	-1.857906378236	color=(127,205,187)
4	33	34	-1.2880438077	color=(127,205,187)
4	34	35	0.920188081879999	color=(65,182,196)
4	35	36	0.2252244362408	color=(65,182,196)
4	36	37	-1.8598003614846	color=(127,205,187)
4	37	38	1.375429775828	color=(29,145,192)
4	38	39	2.02250209256	color=(29,145,192)
4	39	40	0.205984472021999	color=(65,182,196)
4	40	41	-0.536108011212	color=(65,182,196)
4	41	42	0.28261811696	color=(65,182,196)
4	42	43	2.1351339986218	color=(29,145,192)
4	43	44	-0.664179592338	color=(65,182,196)
4	44	45	-2.06239551488	color=(127,205,187)
4	45	46	-0.829109633798001	color=(65,182,196)
4	46	47	-0.6281203357954	color=(65,182,196)
4	47	48	-1.190392725996	color=(127,205,187)
4	48	49	-0.609984965804	color=(65,182,196)
4	49	50	0.208395103452	color=(65,182,196)
4	50	51	-1.3388572573	color=(127,205,187)
4	51	52	-0.42827912163	color=(65,182,196)
4	52	53	-0.8384087171412	color=(65,182,196)
4	53	54	-2.228687530922	color=(127,205,187)
4	54	55	-1.3532707711	color=(127,205,187)
4	55	56	-0.0822210282000002	color=(65,182,196)
4	56	57	-1.0808538789482	color=(65,182,196)
4	57	58	-1.2266197974038	color=(127,205,187)
4	58	59	-1.351830993392	color=(127,205,187)
4	59	60	-0.763603278198	color=(65,182,196)
4	60	61	-0.3071019614362	color=(65,182,196)
4	61	62	1.376436477582	color=(29,145,192)
4	62	63	0.0374613038340001	color=(65,182,196)
4	63	64	0.308178284622	color=(65,182,196)
4	64	65	-0.879338986043999	color=(65,182,196)
4	65	66	-0.607722466372	color=(65,182,196)
4	66	67	-0.716110953966	color=(65,182,196)
4	67	68	-1.12618076759214	color=(127,205,187)
4	68	69	-1.21221529414	color=(127,205,187)
4	69	70	0.0556119247840012	color=(65,182,196)
4	70	71	0.702220496505999	color=(65,182,196)
4	71	72	-0.827843085722	color=(65,182,196)
4	72	73	1.669699705302	color=(29,145,192)
4	73	74	-0.956232458636	color=(65,182,196)
4	74	75	-2.1380107795438	color=(127,205,187)
4	75	76	0.0283421631209997	color=(65,182,196)
4	76	77	1.3289363201906	color=(29,145,192)
4	77	78	0.25754228368738	color=(65,182,196)
4	78	79	-0.66660012352	color=(65,182,196)
4	79	80	-0.27324073168701	color=(65,182,196)
4	80	81	-1.033104141354	color=(65,182,196)
4	81	82	-0.924696045708	color=(65,182,196)
4	82	83	-1.537527682019	color=(127,205,187)
4	83	84	0.268740047662	color=(65,182,196)
4	84	85	-1.126077236348	color=(127,205,187)
4	85	86	2.060033697062	color=(29,145,192)
4	86	87	0.558289649808	color=(65,182,196)
4	87	88	0.2956732633728	color=(65,182,196)
4	88	89	2.917009771218	color=(29,145,192)
4	89	90	0.478617944255999	color=(65,182,196)
4	90	91	0.7542690215744	color=(65,182,196)
4	91	92	0.139922802288	color=(65,182,196)
4	92	93	-1.41201100012078	color=(127,205,187)
4	93	94	-0.333793449768001	color=(65,182,196)
4	94	95	-1.7116929120174	color=(127,205,187)
4	95	96	-0.410049489992	color=(65,182,196)
4	96	97	-0.753843570252	color=(65,182,196)
4	97	98	0.60489630122	color=(65,182,196)
4	98	99	-1.0006989234746	color=(65,182,196)
4	99	100	-0.0541271643159997	color=(65,182,196)
4	100	101	0.127909367336001	color=(65,182,196)
4	101	102	-1.82569375619	color=(127,205,187)
4	102	103	-1.207657485656	color=(127,205,187)
4	103	104	0.1642439863844	color=(65,182,196)
4	104	105	-0.295461504162	color=(65,182,196)
4	105	106	-1.1847694860172	color=(127,205,187)
4	106	107	-0.102836482291999	color=(65,182,196)
4	107	108	-0.755790476148	color=(65,182,196)
4	108	109	0.0484069432576	color=(65,182,196)
4	109	110	-0.129857752292	color=(65,182,196)
4	110	111	0.412579364906	color=(65,182,196)
4	111	112	-0.69903307799584	color=(65,182,196)
4	112	113	0.131095758196	color=(65,182,196)
4	113	114	-1.146827480634	color=(127,205,187)
4	114	115	-1.771349945972	color=(127,205,187)
4	115	116	-0.538298840734	color=(65,182,196)
4	116	117	-2.098568097434	color=(127,205,187)
4	117	118	0.4882929501	color=(65,182,196)
4	118	119	-1.720745823312	color=(127,205,187)
4	119	120	-1.3868607451256	color=(127,205,187)
4	120	121	-0.690949907995922	color=(65,182,196)
4	121	122	-0.474674715776001	color=(65,182,196)
4	122	123	0.290217456097999	color=(65,182,196)
4	123	124	0.955888835913	color=(65,182,196)
4	124	125	-0.40418379599124	color=(65,182,196)
4	125	126	-0.81853036992	color=(65,182,196)
4	126	127	-1.198311223222	color=(127,205,187)
4	127	128	-0.14075116851	color=(65,182,196)
4	128	129	-0.0614548920680003	color=(65,182,196)
4	129	130	0.14852328087504	color=(65,182,196)
4	130	131	-0.2935495792226	color=(65,182,196)
4	131	132	-1.044666718412	color=(65,182,196)
4	132	133	-0.776924220378	color=(65,182,196)
4	133	134	-0.67469002199886	color=(65,182,196)
4	134	135	-2.22783323508	color=(127,205,187)
4	135	136	0.366306825168	color=(65,182,196)
4	136	137	0.73379627268038	color=(65,182,196)
4	137	138	-0.53850866295482	color=(65,182,196)
4	138	139	-0.4835436006106	color=(65,182,196)
4	139	140	-0.335205169898	color=(65,182,196)
4	140	141	-1.396427934564	color=(127,205,187)
4	141	142	0.467940480506	color=(65,182,196)
4	142	143	-0.860902969276	color=(65,182,196)
4	143	144	-0.883206201586001	color=(65,182,196)
4	144	145	1.32451455019578	color=(29,145,192)
4	145	146	0.883871621026	color=(65,182,196)
4	146	147	0.583364997932	color=(65,182,196)
4	147	148	0.7561924250304	color=(65,182,196)
4	148	149	0.14508445222	color=(65,182,196)
4	149	150	-1.2311898142278	color=(127,205,187)
4	150	151	-0.5735619631316	color=(65,182,196)
4	151	152	-0.2556483704472	color=(65,182,196)
4	152	153	-0.34426634752	color=(65,182,196)
4	153	154	-0.74136862791736	color=(65,182,196)
4	154	155	-0.0713761145639999	color=(65,182,196)
4	155	156	-1.205361483732	color=(127,205,187)
4	156	157	-1.48724467461876	color=(127,205,187)
4	157	158	-0.970557528924	color=(65,182,196)
4	158	159	-1.329393401932	color=(127,205,187)
4	159	160	0.7891515858096	color=(65,182,196)
4	160	161	0.4405336135246	color=(65,182,196)
4	161	162	-1.603037853914	color=(127,205,187)
4	162	163	0.740191729466	color=(65,182,196)
4	163	164	-0.169136153304	color=(65,182,196)
4	164	165	-1.52696221042536	color=(127,205,187)
4	165	166	0.216760925419999	color=(65,182,196)
4	166	167	-0.849029591863	color=(65,182,196)
4	167	168	-1.51988233159672	color=(127,205,187)
4	168	169	0.269891781076	color=(65,182,196)
4	169	170	-0.338240811099999	color=(65,182,196)
4	170	171	-1.0799233475604	color=(65,182,196)
4	171	172	0.340668880216	color=(65,182,196)
4	172	173	-0.9614063582684	color=(65,182,196)
4	173	174	0.143679522968	color=(65,182,196)
4	174	175	0.3445878099024	color=(65,182,196)
4	175	176	-0.6362003251526	color=(65,182,196)
4	176	177	-0.1328338985622	color=(65,182,196)
4	177	178	0.60331138686	color=(65,182,196)
4	178	179	-0.709737160265999	color=(65,182,196)
4	179	180	-2.48327387498166	color=(127,205,187)
4	180	181	-1.921646332041	color=(127,205,187)
4	181	182	-0.7849228822536	color=(65,182,196)
4	182	183	-1.13138393426614	color=(127,205,187)
4	183	184	-1.8513870914544	color=(127,205,187)
4	184	185	-1.8551011586548	color=(127,205,187)
4	185	186	-0.710137771724	color=(65,182,196)
4	186	187	1.089271499265	color=(65,182,196)
4	187	188	-0.735306168377999	color=(65,182,196)
4	188	189	-0.2625372721998	color=(65,182,196)
4	189	190	-0.715053399479999	color=(65,182,196)
4	190	191	-1.7243111775938	color=(127,205,187)
4	191	192	-0.4662149492348	color=(65,182,196)
4	192	193	-1.698926667458	color=(127,205,187)
4	193	194	-0.30238069066	color=(65,182,196)
4	194	195	-1.5690461609812	color=(127,205,187)
4	195	196	1.341261081448	color=(29,145,192)
4	196	197	-0.6594570303056	color=(65,182,196)
4	197	198	2.020648088388	color=(29,145,192)
4	198	199	-0.524224419066	color=(65,182,196)
4	199	200	-0.366632785258	color=(65,182,196)
4	200	201	-0.189135036662	color=(65,182,196)
4	201	202	0.563857086284	color=(65,182,196)
4	202	203	-0.443404569132	color=(65,182,196)
4	203	204	0.2742919115908	color=(65,182,196)
4	204	205	-0.774908405085999	color=(65,182,196)
4	205	206	-0.748383012992001	color=(65,182,196)
4	206	207	-0.6035480873662	color=(65,182,196)
4	207	208	-2.22864434989	color=(127,205,187)
4	208	209	-0.246210906014	color=(65,182,196)
4	209	210	-1.9510524166204	color=(127,205,187)
4	210	211	0.422842232292	color=(65,182,196)
4	211	212	1.892586054374	color=(29,145,192)
4	212	213	-0.186925302180001	color=(65,182,196)
4	213	214	-1.7280146523544	color=(127,205,187)
4	214	215	-0.448581756665	color=(65,182,196)
4	215	216	-0.283113063086001	color=(65,182,196)
4	216	217	-1.368555097236	color=(127,205,187)
4	217	218	0.218079428024	color=(65,182,196)
4	218	219	-0.0457603139340002	color=(65,182,196)
4	219	220	-0.474378055946	color=(65,182,196)
4	220	221	1.1515197777854	color=(29,145,192)
4	221	222	-1.004397784836	color=(65,182,196)
4	222	223	-0.9155621094492	color=(65,182,196)
4	223	224	0.0477854448279995	color=(65,182,196)
4	224	225	-1.8606791497386	color=(127,205,187)
4	225	226	-1.6812442646946	color=(127,205,187)
4	226	227	-0.954089180646	color=(65,182,196)
4	227	228	0.290453416506001	color=(65,182,196)
4	228	229	0.351542375064001	color=(65,182,196)
4	229	230	-0.126046108710002	color=(65,182,196)
4	230	231	0.729111769572	color=(65,182,196)
4	231	232	1.153090135404	color=(29,145,192)
4	232	233	-0.31780765539	color=(65,182,196)
4	233	234	0.340315453926	color=(65,182,196)
4	234	235	0.0906549577940003	color=(65,182,196)
4	235	236	-0.378537796653	color=(65,182,196)
4	236	237	-0.662163945656	color=(65,182,196)
4	237	238	0.643719913892	color=(65,182,196)
4	238	239	-1.785499910084	color=(127,205,187)
4	239	240	-1.1354778796144	color=(127,205,187)
4	240	241	-1.560073604038	color=(127,205,187)
4	241	242	0.0733206036339995	color=(65,182,196)
4	242	243	-0.5058578217758	color=(65,182,196)
4	243	244	0.1472051654674	color=(65,182,196)
4	244	245	0.29987477495	color=(65,182,196)
4	245	246	0.0817723288120007	color=(65,182,196)
4	246	247	-0.57060338614	color=(65,182,196)
4	247	248	0.246094024222001	color=(65,182,196)
4	248	249	-1.6064102291426	color=(127,205,187)
4	249	250	-0.29160430602104	color=(65,182,196)
4	250	251	-1.252039569434	color=(127,205,187)
4	251	252	0.816946056192	color=(65,182,196)
4	252	253	-1.101883610814	color=(65,182,196)
4	253	254	0.177604825234	color=(65,182,196)
4	254	255	-0.0544531413840001	color=(65,182,196)
4	255	256	0.0940279994566	color=(65,182,196)
4	256	257	-0.726474884633999	color=(65,182,196)
4	257	258	-0.240101074364	color=(65,182,196)
4	258	259	-0.5261748491434	color=(65,182,196)
4	259	260	-0.247989856534	color=(65,182,196)
4	260	261	-0.405934503486	color=(65,182,196)
4	261	262	-1.4295883982498	color=(127,205,187)
4	262	263	-1.9035680739166	color=(127,205,187)
4	263	264	-1.314715831934	color=(127,205,187)
4	264	265	-0.957107245653706	color=(65,182,196)
4	265	266	-1.2157828359128	color=(127,205,187)
4	266	267	-1.39164483259646	color=(127,205,187)
4	267	268	0.101776308476	color=(65,182,196)
4	268	269	-0.745501368058	color=(65,182,196)
4	269	270	-1.601539789336	color=(127,205,187)
4	270	271	0.0246926115699999	color=(65,182,196)
4	271	272	0.239066294548	color=(65,182,196)
4	272	273	-1.21004963631485	color=(127,205,187)
4	273	274	-1.7077784810866	color=(127,205,187)
4	274	275	-0.26340152021	color=(65,182,196)
4	275	276	-0.9878097479898	color=(65,182,196)
4	276	277	-1.294082292018	color=(127,205,187)
4	277	278	-0.468300004852264	color=(65,182,196)
5	0	1	-1.31295264414	color=(127,205,187)
5	1	2	-0.75936246087784	color=(65,182,196)
5	2	3	-1.2802367838996	color=(127,205,187)
5	3	4	-0.2081179344942	color=(65,182,196)
5	4	5	-0.0702197136584	color=(65,182,196)
5	5	6	-0.00525045205203997	color=(65,182,196)
5	6	7	-0.61507403707	color=(65,182,196)
5	7	8	-0.114142867038	color=(65,182,196)
5	8	9	1.6734113628492	color=(29,145,192)
5	9	10	-0.983315402968	color=(65,182,196)
5	10	11	0.76678739945922	color=(65,182,196)
5	11	12	0.0676222446348	color=(65,182,196)
5	12	13	-0.546176761514	color=(65,182,196)
5	13	14	0.41955332290114	color=(65,182,196)
5	14	15	0.433632396216	color=(65,182,196)
5	15	16	1.270159421012	color=(29,145,192)
5	16	17	-0.13559059619	color=(65,182,196)
5	17	18	-0.18823329137542	color=(65,182,196)
5	18	19	1.9296772384634	color=(29,145,192)
5	19	20	0.0277545932340004	color=(65,182,196)
5	20	21	0.157643347280001	color=(65,182,196)
5	21	22	0.184839048452	color=(65,182,196)
5	22	23	-0.79351183782	color=(65,182,196)
5	23	24	-1.352667427865	color=(127,205,187)
5	24	25	-1.1382137626086	color=(127,205,187)
5	25	26	-0.1132351799668	color=(65,182,196)
5	26	27	0.51324058463144	color=(65,182,196)
5	27	28	-1.5256424176	color=(127,205,187)
5	28	29	-0.759640497462	color=(65,182,196)
5	29	30	0.698076978727999	color=(65,182,196)
5	30	31	1.547124152052	color=(29,145,192)
5	31	32	-0.23867635503172	color=(65,182,196)
5	32	33	-0.4858828822002	color=(65,182,196)
5	33	34	-1.0185214318608	color=(65,182,196)
5	34	35	1.366858118934	color=(29,145,192)
5	35	36	-0.43421283733	color=(65,182,196)
5	36	37	0.3539703185012	color=(65,182,196)
5	37	38	-0.540236428526	color=(65,182,196)
5	38	39	-0.145676821274	color=(65,182,196)
5	39	40	-1.042517900668	color=(65,182,196)
5	40	41	-0.41960908015368	color=(65,182,196)
5	41	42	0.184361582854	color=(65,182,196)
5	42	43	-0.00325074853505991	color=(65,182,196)
5	43	44	-0.265742008534	color=(65,182,196)
5	44	45	2.2170923529854	color=(29,145,192)
5	45	46	-0.500760453081999	color=(65,182,196)
5	46	47	1.15421209312	color=(29,145,192)
5	47	48	0.41115763091	color=(65,182,196)
5	48	49	0.0319888843114	color=(65,182,196)
5	49	50	-0.1544083354874	color=(65,182,196)
5	50	51	-0.214381477288	color=(65,182,196)
5	51	52	-0.50648284279	color=(65,182,196)
5	52	53	-0.5486288681852	color=(65,182,196)
5	53	54	0.566985123264	color=(65,182,196)
5	54	55	-0.0905954384999994	color=(65,182,196)
5	55	56	-0.196788167638	color=(65,182,196)
5	56	57	-0.48826935385034	color=(65,182,196)
5	57	58	0.15752798018	color=(65,182,196)
5	58	59	-1.2128878790698	color=(127,205,187)
5	59	60	-1.216760559302	color=(127,205,187)
5	60	61	2.087560744306	color=(29,145,192)
5	61	62	1.0419136823224	color=(65,182,196)
5	62	63	0.9712822162804	color=(65,182,196)
5	63	64	0.93329074797	color=(65,182,196)
5	64	65	-1.676996897456	color=(127,205,187)
5	65	66	-0.2527897671426	color=(65,182,196)
5	66	67	-0.16554296207476	color=(65,182,196)
5	67	68	-0.47194901152272	color=(65,182,196)
5	68	69	0.170029367657	color=(65,182,196)
5	69	70	-0.220671319592	color=(65,182,196)
5	70	71	-2.142249144564	color=(127,205,187)
5	71	72	-0.116053401918	color=(65,182,196)
5	72	73	1.002002290195	color=(65,182,196)
5	73	74	0.54681897197764	color=(65,182,196)
5	74	75	1.692074763864	color=(29,145,192)
5	75	76	-0.26562241685	color=(65,182,196)
5	76	77	0.63483197104	color=(65,182,196)
5	77	78	0.6121925645718	color=(65,182,196)
5	78	79	-0.15917378138868	color=(65,182,196)
5	79	80	0.064154632007	color=(65,182,196)
5	80	81	-0.422316864153999	color=(65,182,196)
5	81	82	-0.4823121310864	color=(65,182,196)
5	82	83	0.0595033616392	color=(65,182,196)
5	83	84	-0.28230499244437	color=(65,182,196)
5	84	85	-1.369446791594	color=(127,205,187)
5	85	86	-1.1389956615546	color=(127,205,187)
5	86	87	-1.016297206408	color=(65,182,196)
5	87	88	-0.7033053054848	color=(65,182,196)
5	88	89	-0.506657985192	color=(65,182,196)
5	89	90	0.7353235407752	color=(65,182,196)
5	90	91	0.722436106101	color=(65,182,196)
5	91	92	-0.20099576592	color=(65,182,196)
5	92	93	-0.21844011078	color=(65,182,196)
5	93	94	0.253460272658	color=(65,182,196)
5	94	95	0.1533205328142	color=(65,182,196)
5	95	96	-0.16442020679	color=(65,182,196)
5	96	97	0.476646375487212	color=(65,182,196)
5	97	98	0.412880948222	color=(65,182,196)
5	98	99	-1.0668254802766	color=(65,182,196)
5	99	100	0.7755898533976	color=(65,182,196)
5	100	101	-1.602029302424	color=(127,205,187)
5	101	102	0.5506276090046	color=(65,182,196)
5	102	103	-0.8458271198874	color=(65,182,196)
5	103	104	0.0304469350656	color=(65,182,196)
5	104	105	-0.23517708536	color=(65,182,196)
5	105	106	1.300939617956	color=(29,145,192)
5	106	107	0.750535881079999	color=(65,182,196)
5	107	108	-0.0560935838798001	color=(65,182,196)
5	108	109	-0.936013190056	color=(65,182,196)
5	109	110	0.8430079470732	color=(65,182,196)
5	110	111	0.24320723266	color=(65,182,196)
5	111	112	-0.7015794738296	color=(65,182,196)
5	112	113	0.157687432782	color=(65,182,196)
5	113	114	0.3123958201854	color=(65,182,196)
5	114	115	0.40755547207452	color=(65,182,196)
5	115	116	0.433035382598	color=(65,182,196)
5	116	117	1.637080946118	color=(29,145,192)
5	117	118	0.282151439182	color=(65,182,196)
5	118	119	-0.721473707544	color=(65,182,196)
5	119	120	0.61114367118126	color=(65,182,196)
5	120	121	0.6495230091446	color=(65,182,196)
5	121	122	1.901038925108	color=(29,145,192)
5	122	123	0.997492064312	color=(65,182,196)
5	123	124	0.0872347640399997	color=(65,182,196)
5	124	125	0.7814416098272	color=(65,182,196)
5	125	126	0.13799214985	color=(65,182,196)
5	126	127	-0.579352879854	color=(65,182,196)
5	127	128	0.0400227426379995	color=(65,182,196)
5	128	129	-0.0394045164815999	color=(65,182,196)
5	129	130	-1.3299218989054	color=(127,205,187)
5	130	131	0.364890669226001	color=(65,182,196)
5	131	132	0.3622935995972	color=(65,182,196)
5	132	133	-0.9373228406581	color=(65,182,196)
5	133	134	0.577064309278	color=(65,182,196)
5	134	135	-0.0517870265419997	color=(65,182,196)
5	135	136	1.730634756784	color=(29,145,192)
5	136	137	-0.5512335582442	color=(65,182,196)
5	137	138	-1.130058122442	color=(127,205,187)
5	138	139	0.6660433011036	color=(65,182,196)
5	139	140	0.2262575475074	color=(65,182,196)
5	140	141	-0.1821445873894	color=(65,182,196)
5	141	142	-0.867184520242	color=(65,182,196)
5	142	143	0.273479178078	color=(65,182,196)
5	143	144	0.4514016012022	color=(65,182,196)
5	144	145	-0.230454830216	color=(65,182,196)
5	145	146	0.1871477055594	color=(65,182,196)
5	146	147	1.18217493746818	color=(29,145,192)
5	147	148	0.778480894998001	color=(65,182,196)
5	148	149	-1.1237747548465	color=(127,205,187)
5	149	150	-0.382922745904001	color=(65,182,196)
5	150	151	1.8369118431	color=(29,145,192)
5	151	152	-0.1515448815566	color=(65,182,196)
5	152	153	-0.878851072603	color=(65,182,196)
5	153	154	0.0831646425514001	color=(65,182,196)
5	154	155	-0.258808718998001	color=(65,182,196)
5	155	156	-0.100103734892	color=(65,182,196)
5	156	157	-0.0396477543859994	color=(65,182,196)
5	157	158	0.6161212986514	color=(65,182,196)
5	158	159	0.333212042612	color=(65,182,196)
5	159	160	-0.486683884567999	color=(65,182,196)
5	160	161	-0.2195679621646	color=(65,182,196)
5	161	162	-1.238064523314	color=(127,205,187)
5	162	163	0.659223893124	color=(65,182,196)
5	163	164	0.4744806202962	color=(65,182,196)
5	164	165	-0.178258633726	color=(65,182,196)
5	165	166	-0.8905567486134	color=(65,182,196)
5	166	167	0.56639210186412	color=(65,182,196)
5	167	168	0.120886707692	color=(65,182,196)
5	168	169	0.1197387029034	color=(65,182,196)
5	169	170	0.1968451528346	color=(65,182,196)
5	170	171	-0.0143751478900001	color=(65,182,196)
5	171	172	0.314467978682	color=(65,182,196)
5	172	173	0.208981670818	color=(65,182,196)
5	173	174	-0.144979879761999	color=(65,182,196)
5	174	175	-0.479510221472	color=(65,182,196)
5	175	176	-0.47561502797084	color=(65,182,196)
5	176	177	1.0890169171808	color=(65,182,196)
5	177	178	0.26426074960324	color=(65,182,196)
5	178	179	0.13886457204154	color=(65,182,196)
5	179	180	1.478175221879	color=(29,145,192)
5	180	181	-1.168195259978	color=(127,205,187)
5	181	182	0.212801427414	color=(65,182,196)
5	182	183	-0.340416446979999	color=(65,182,196)
5	183	184	-0.6922588505268	color=(65,182,196)
5	184	185	0.611276137082	color=(65,182,196)
5	185	186	0.2279733204726	color=(65,182,196)
5	186	187	-1.192051111026	color=(127,205,187)
5	187	188	-0.6206665178398	color=(65,182,196)
5	188	189	0.210524897946	color=(65,182,196)
5	189	190	-0.3848103154804	color=(65,182,196)
5	190	191	0.48073111166656	color=(65,182,196)
5	191	192	0.115121504063552	color=(65,182,196)
5	192	193	0.4038435066658	color=(65,182,196)
5	193	194	-0.73317776363	color=(65,182,196)
5	194	195	-0.0556368749700002	color=(65,182,196)
5	195	196	-0.2349605880636	color=(65,182,196)
5	196	197	0.514373792832	color=(65,182,196)
5	197	198	-0.992255667458	color=(65,182,196)
5	198	199	-0.609941118856	color=(65,182,196)
5	199	200	0.101991177854	color=(65,182,196)
5	200	201	-1.812504284462	color=(127,205,187)
5	201	202	-0.68312994882946	color=(65,182,196)
5	202	203	-0.834649438062	color=(65,182,196)
5	203	204	1.046174780796	color=(65,182,196)
5	204	205	0.0111552485319999	color=(65,182,196)
5	205	206	-0.0612714069826	color=(65,182,196)
5	206	207	-1.218352017802	color=(127,205,187)
5	207	208	-0.1620605627892	color=(65,182,196)
5	208	209	0.776780161732001	color=(65,182,196)
5	209	210	0.0160022248614	color=(65,182,196)
5	210	211	0.350109545247448	color=(65,182,196)
5	211	212	0.1973661671676	color=(65,182,196)
5	212	213	-1.413220830194	color=(127,205,187)
5	213	214	0.117036404762	color=(65,182,196)
5	214	215	-0.999750765812	color=(65,182,196)
5	215	216	-0.412473390994	color=(65,182,196)
5	216	217	-0.756404437522	color=(65,182,196)
5	217	218	0.1869759088168	color=(65,182,196)
5	218	219	0.0830740117791999	color=(65,182,196)
5	219	220	0.671409617563	color=(65,182,196)
5	220	221	-0.349027224196	color=(65,182,196)
5	221	222	0.94894234617452	color=(65,182,196)
5	222	223	0.785475859284	color=(65,182,196)
5	223	224	0.9962499017904	color=(65,182,196)
5	224	225	0.0291882472538	color=(65,182,196)
5	225	226	0.6288783540954	color=(65,182,196)
5	226	227	0.0551923212660004	color=(65,182,196)
5	227	228	-0.3803678084688	color=(65,182,196)
5	228	229	0.412766546987999	color=(65,182,196)
5	229	230	0.9446018320712	color=(65,182,196)
5	230	231	1.1316660370968	color=(29,145,192)
5	231	232	-0.710424668993999	color=(65,182,196)
5	232	233	0.156091062576	color=(65,182,196)
5	233	234	2.6841866423	color=(29,145,192)
5	234	235	0.5828361618954	color=(65,182,196)
5	235	236	1.638406824726	color=(29,145,192)
5	236	237	2.087264783274	color=(29,145,192)
5	237	238	-0.582750280582	color=(65,182,196)
5	238	239	0.9096098007808	color=(65,182,196)
5	239	240	0.178954163648	color=(65,182,196)
5	240	241	-0.36597494963618	color=(65,182,196)
5	241	242	-0.181860305848012	color=(65,182,196)
5	242	243	-0.138356271156001	color=(65,182,196)
5	243	244	0.3224362770702	color=(65,182,196)
5	244	245	0.2623209293832	color=(65,182,196)
5	245	246	1.311530950432	color=(29,145,192)
5	246	247	-2.118383275834	color=(127,205,187)
5	247	248	-0.07788490305838	color=(65,182,196)
5	248	249	-0.147406699966	color=(65,182,196)
5	249	250	-0.4061439160202	color=(65,182,196)
5	250	251	0.917957902076	color=(65,182,196)
5	251	252	0.6251785657388	color=(65,182,196)
5	252	253	-0.9672335367496	color=(65,182,196)
5	253	254	0.6974750130906	color=(65,182,196)
5	254	255	0.0813221902655799	color=(65,182,196)
5	255	256	0.2053788566936	color=(65,182,196)
5	256	257	-0.113427721238	color=(65,182,196)
5	257	258	-0.168797297936	color=(65,182,196)
5	258	259	-0.47659144492	color=(65,182,196)
5	259	260	0.202984964416	color=(65,182,196)
5	260	261	0.0591539923339992	color=(65,182,196)
5	261	262	-0.1330854598138	color=(65,182,196)
5	262	263	-0.905355865524	color=(65,182,196)
5	263	264	0.936929682586	color=(65,182,196)
5	264	265	0.233665948754	color=(65,182,196)
5	265	266	-0.316601942754	color=(65,182,196)
5	266	267	1.27298879194	color=(29,145,192)
5	267	268	0.5878708852548	color=(65,182,196)
5	268	269	0.60236919179876	color=(65,182,196)
5	269	270	-0.417741482430001	color=(65,182,196)
5	270	271	-0.773735432888	color=(65,182,196)
5	271	272	0.99932920496	color=(65,182,196)
5	272	273	-0.124534815278	color=(65,182,196)
5	273	274	-0.896169351498	color=(65,182,196)
5	274	275	-0.38660936186	color=(65,182,196)
5	275	276	-0.529786145954001	color=(65,182,196)
5	276	277	2.010646158294	color=(29,145,192)
5	277	278	0.0327368612012	color=(65,182,196)
5	278	279	0.111605193893	color=(65,182,196)
5	279	280	-1.8750982816298	color=(127,205,187)
5	280	281	0.92302102370146	color=(65,182,196)
5	281	282	0.458836250638	color=(65,182,196)
5	282	283	-0.2761438380752	color=(65,182,196)
5	283	284	0.0567620339786	color=(65,182,196)
5	284	285	-0.7324024555046	color=(65,182,196)
5	285	286	0.5847229696878	color=(65,182,196)
5	286	287	0.299713695994	color=(65,182,196)
5	287	288	0.7129436448536	color=(65,182,196)
5	288	289	0.2189677918814	color=(65,182,196)
5	289	290	-0.6118787466984	color=(65,182,196)
5	290	291	0.44167582563348	color=(65,182,196)
6	0	1	-5.7813029034976	color=(237,248,177)
6	1	2	-5.7628473321492	color=(237,248,177)
6	2	3	-7.2692652271536	color=(237,248,177)
6	3	4	-7.1304425083924	color=(237,248,177)
6	4	5	-6.101001366608	color=(237,248,177)
6	5	6	-5.355130219302	color=(199,233,180)
6	6	7	-4.419869548938	color=(199,233,180)
6	7	8	-8.760486667512	color=(255,255,217)
6	8	9	-5.1771331871488	color=(199,233,180)
6	9	10	-4.4768248253414	color=(199,233,180)
6	10	11	-6.64140788055	color=(237,248,177)
6	11	12	-7.1839501948364	color=(237,248,177)
6	12	13	-5.388340360022	color=(199,233,180)
6	13	14	-7.225965238292	color=(237,248,177)
6	14	15	-7.7568199585836	color=(237,248,177)
6	15	16	-6.0328574912756	color=(237,248,177)
6	16	17	-5.36647433153	color=(199,233,180)
6	17	18	-6.071878493702	color=(237,248,177)
6	18	19	-6.036477744054	color=(237,248,177)
6	19	20	-6.239161459882	color=(237,248,177)
6	20	21	-7.397697673966	color=(237,248,177)
6	21	22	-6.584093195396	color=(237,248,177)
6	22	23	-7.822377023042	color=(255,255,217)
6	23	24	-3.411928042268	color=(199,233,180)
6	24	25	-7.14873885162	color=(237,248,177)
6	25	26	-5.3369575656084	color=(199,233,180)
6	26	27	-5.045452178214	color=(199,233,180)
6	27	28	-5.400816374382	color=(199,233,180)
6	28	29	-8.301706897014	color=(255,255,217)
6	29	30	-3.638799648498	color=(199,233,180)
6	30	31	-6.735186219096	color=(237,248,177)
6	31	32	-4.6716961307472	color=(199,233,180)
6	32	33	-4.38147152265	color=(199,233,180)
6	33	34	-7.705213572088	color=(237,248,177)
6	34	35	-7.0514726719772	color=(237,248,177)
6	35	36	-5.918487209152	color=(237,248,177)
6	36	37	-5.115428664296	color=(199,233,180)
6	37	38	-8.335615160236	color=(255,255,217)
6	38	39	-6.951510569758	color=(237,248,177)
6	39	40	-3.881798647202	color=(199,233,180)
6	40	41	-6.82332634337	color=(237,248,177)
6	41	42	-7.067240086996	color=(237,248,177)
6	42	43	-5.85667525947	color=(237,248,177)
6	43	44	-8.103113519854	color=(255,255,217)
6	44	45	-7.8635739741252	color=(255,255,217)
6	45	46	-5.795500700022	color=(237,248,177)
6	46	47	-3.94767764562	color=(199,233,180)
6	47	48	-4.6051488494	color=(199,233,180)
6	48	49	-8.7987801720108	color=(255,255,217)
6	49	50	-6.5668203516928	color=(237,248,177)
6	50	51	-4.686472331584	color=(199,233,180)
6	51	52	-4.895077802396	color=(199,233,180)
6	52	53	-6.592203856674	color=(237,248,177)
6	53	54	-4.778874833268	color=(199,233,180)
6	54	55	-5.312176778504	color=(199,233,180)
6	55	56	-6.4559123075112	color=(237,248,177)
6	56	57	-7.395579324164	color=(237,248,177)
6	57	58	-5.827984939862	color=(237,248,177)
6	58	59	-4.935972639128	color=(199,233,180)
6	59	60	-4.448767495742	color=(199,233,180)
7	0	1	1.13204503767142	color=(29,145,192)
7	1	2	4.2419725847166	color=(34,94,168)
7	2	3	2.157715418506	color=(29,145,192)
7	3	4	1.0689637745082	color=(65,182,196)
7	4	5	2.506097320414	color=(29,145,192)
7	5	6	1.3407763964488	color=(29,145,192)
7	6	7	1.5733659292982	color=(29,145,192)
7	7	8	1.3088426436	color=(29,145,192)
7	8	9	1.65888922754	color=(29,145,192)
7	9	10	2.25158493101312	color=(29,145,192)
7	10	11	0.7787872694384	color=(65,182,196)
7	11	12	1.6095297298302	color=(29,145,192)
7	12	13	0.63800355258756	color=(65,182,196)
7	13	14	1.284036573646	color=(29,145,192)
7	14	15	0.682250635145	color=(65,182,196)
7	15	16	2.67783387392	color=(29,145,192)
7	16	17	2.2608620959068	color=(29,145,192)
7	17	18	2.42151298326	color=(29,145,192)
7	18	19	1.121049996502	color=(29,145,192)
7	19	20	2.469008138884	color=(29,145,192)
7	20	21	2.6334452504646	color=(29,145,192)
7	21	22	2.950413722546	color=(29,145,192)
7	22	23	1.957123337646	color=(29,145,192)
7	23	24	3.3461701027396	color=(34,94,168)
7	24	25	2.367281308956	color=(29,145,192)
7	25	26	0.653060209972	color=(65,182,196)
7	26	27	0.45702975742	color=(65,182,196)
7	27	28	0.4256758930374	color=(65,182,196)
7	28	29	1.373212717638	color=(29,145,192)
7	29	30	1.4363069977344	color=(29,145,192)
7	30	31	0.97211940047	color=(65,182,196)
7	31	32	1.277941577162	color=(29,145,192)
7	32	33	1.697545144944	color=(29,145,192)
7	33	34	1.904196149154	color=(29,145,192)
7	34	35	1.4830706166906	color=(29,145,192)
7	35	36	1.510028512524	color=(29,145,192)
7	36	37	2.902261453802	color=(29,145,192)
7	37	38	1.39472800594	color=(29,145,192)
7	38	39	2.64279832181215	color=(29,145,192)
7	39	40	0.3786501460704	color=(65,182,196)
7	40	41	1.925748646428	color=(29,145,192)
7	41	42	0.795420653981999	color=(65,182,196)
7	42	43	1.423778559418	color=(29,145,192)
7	43	44	2.4159750295782	color=(29,145,192)
7	44	45	4.0838635464586	color=(34,94,168)
7	45	46	3.110375743106	color=(29,145,192)
7	46	47	3.254844727691	color=(29,145,192)
7	47	48	2.021728593492	color=(29,145,192)
7	48	49	2.706903085944	color=(29,145,192)
7	49	50	0.7823155399432	color=(65,182,196)
7	50	51	1.5812038805426	color=(29,145,192)
7	51	52	0.507082694775999	color=(65,182,196)
7	52	53	0.464342265594	color=(65,182,196)
7	53	54	2.928009232572	color=(29,145,192)
7	54	55	2.0996983753076	color=(29,145,192)
7	55	56	3.2358236900858	color=(29,145,192)
7	56	57	2.2454913078056	color=(29,145,192)
7	57	58	2.079960477938	color=(29,145,192)
7	58	59	2.33181318755	color=(29,145,192)
7	59	60	2.6847979296664	color=(29,145,192)
7	60	61	1.568557080442	color=(29,145,192)
7	61	62	1.389195352646	color=(29,145,192)
7	62	63	2.3540196739116	color=(29,145,192)
7	63	64	0.86528187213828	color=(65,182,196)
7	64	65	1.811874111578	color=(29,145,192)
7	65	66	1.535892279584	color=(29,145,192)
7	66	67	0.344479377694	color=(65,182,196)
7	67	68	2.43112589206	color=(29,145,192)
7	68	69	1.2307745332886	color=(29,145,192)
7	69	70	2.1143163107452	color=(29,145,192)
7	70	71	2.2087716283644	color=(29,145,192)
7	71	72	1.93626679136	color=(29,145,192)
7	72	73	2.6940715927796	color=(29,145,192)
7	73	74	3.42788472398482	color=(34,94,168)
7	74	75	1.680757769983	color=(29,145,192)
7	75	76	2.0385861755374	color=(29,145,192)
7	76	77	0.8434310362936	color=(65,182,196)
7	77	78	2.7157086864386	color=(29,145,192)
7	78	79	0.384697351049999	color=(65,182,196)
7	79	80	2.1981394870854	color=(29,145,192)
7	80	81	0.945821554252	color=(65,182,196)
7	81	82	1.87998872293688	color=(29,145,192)
7	82	83	2.053289818488	color=(29,145,192)
7	83	84	2.0073834565226	color=(29,145,192)
7	84	85	1.659617063836	color=(29,145,192)
7	85	86	1.606453225908	color=(29,145,192)
7	86	87	1.7950150385738	color=(29,145,192)
7	87	88	3.67367868048426	color=(34,94,168)
7	88	89	2.155719966346	color=(29,145,192)
7	89	90	1.426537932709	color=(29,145,192)
7	90	91	0.718276206678	color=(65,182,196)
7	91	92	2.4642554791946	color=(29,145,192)
7	92	93	0.2024872501258	color=(65,182,196)
7	93	94	0.849374538519999	color=(65,182,196)
7	94	95	0.851781525032001	color=(65,182,196)
7	95	96	0.70072542473	color=(65,182,196)
7	96	97	1.038688167184	color=(65,182,196)
7	97	98	2.168179110006	color=(29,145,192)
7	98	99	1.6694237269036	color=(29,145,192)
7	99	100	2.36365823903	color=(29,145,192)
7	100	101	1.8908527320366	color=(29,145,192)
7	101	102	1.24663463653684	color=(29,145,192)
7	102	103	0.90050075357932	color=(65,182,196)
7	103	104	2.950848026012	color=(29,145,192)
7	104	105	1.190099622734	color=(29,145,192)
7	105	106	1.8402255284706	color=(29,145,192)
7	106	107	1.415273190848	color=(29,145,192)
7	107	108	0.2196765227096	color=(65,182,196)
7	108	109	2.7325732131184	color=(29,145,192)
7	109	110	1.7800716674298	color=(29,145,192)
7	110	111	0.915317555362	color=(65,182,196)
7	111	112	2.1573110817368	color=(29,145,192)
7	112	113	2.00072964565788	color=(29,145,192)
7	113	114	2.795466861656	color=(29,145,192)
7	114	115	2.3535370887206	color=(29,145,192)
7	115	116	1.8205461333556	color=(29,145,192)
7	116	117	2.1541996224842	color=(29,145,192)
7	117	118	1.780614938272	color=(29,145,192)
7	118	119	1.674277037464	color=(29,145,192)
7	119	120	0.78114196533378	color=(65,182,196)
7	120	121	1.848866667376	color=(29,145,192)
7	121	122	3.1581390960862	color=(29,145,192)
7	122	123	2.711973937652	color=(29,145,192)
7	123	124	1.2687361920354	color=(29,145,192)
7	124	125	1.17303660607146	color=(29,145,192)
7	125	126	1.535825012154	color=(29,145,192)
7	126	127	0.61942320471	color=(65,182,196)
7	127	128	1.67812876515	color=(29,145,192)
7	128	129	0.549508855921999	color=(65,182,196)
7	129	130	3.3834568560368	color=(34,94,168)
7	130	131	2.365853334258	color=(29,145,192)
7	131	132	0.70294559205	color=(65,182,196)
7	132	133	2.73410986731	color=(29,145,192)
7	133	134	1.735314703392	color=(29,145,192)
7	134	135	1.677349832402	color=(29,145,192)
7	135	136	2.2081131016908	color=(29,145,192)
7	136	137	1.01063840337364	color=(65,182,196)
7	137	138	1.90723222142	color=(29,145,192)
7	138	139	0.90144402638	color=(65,182,196)
7	139	140	0.142585840392	color=(65,182,196)
7	140	141	2.1174663863534	color=(29,145,192)
7	141	142	1.6535838464464	color=(29,145,192)
7	142	143	1.560264268522	color=(29,145,192)
7	143	144	2.6283506570524	color=(29,145,192)
7	144	145	0.3696400989146	color=(65,182,196)
7	145	146	0.2143084502448	color=(65,182,196)
7	146	147	0.39885887304064	color=(65,182,196)
7	147	148	1.10093027642	color=(29,145,192)
7	148	149	0.520315667546	color=(65,182,196)
7	149	150	0.366945079818001	color=(65,182,196)
7	150	151	2.292952325556	color=(29,145,192)
7	151	152	1.11395050771	color=(29,145,192)
7	152	153	1.156987470106	color=(29,145,192)
7	153	154	1.367941241644	color=(29,145,192)
7	154	155	2.248831220244	color=(29,145,192)
7	155	156	0.0335050574839997	color=(65,182,196)
7	156	157	3.1154090719494	color=(29,145,192)
7	157	158	1.8254032009986	color=(29,145,192)
7	158	159	1.946846111546	color=(29,145,192)
7	159	160	1.836947095681	color=(29,145,192)
7	160	161	2.078223669616	color=(29,145,192)
7	161	162	0.323784737744	color=(65,182,196)
7	162	163	1.620729795472	color=(29,145,192)
7	163	164	2.34663110224	color=(29,145,192)
7	164	165	0.7461621442138	color=(65,182,196)
7	165	166	1.068667962234	color=(65,182,196)
7	166	167	1.03158863180862	color=(65,182,196)
7	167	168	1.5877046358352	color=(29,145,192)
7	168	169	1.3354056205118	color=(29,145,192)
7	169	170	1.382821810084	color=(29,145,192)
7	170	171	1.8633976558842	color=(29,145,192)
7	171	172	1.25226565456762	color=(29,145,192)
7	172	173	0.94500385808624	color=(65,182,196)
7	173	174	3.9653891447156	color=(34,94,168)
7	174	175	0.8233495079506	color=(65,182,196)
7	175	176	2.2827073477904	color=(29,145,192)
7	176	177	0.5206704566906	color=(65,182,196)
7	177	178	0.9660359372266	color=(65,182,196)
7	178	179	1.89002523940168	color=(29,145,192)
7	179	180	2.5766347713455	color=(29,145,192)
7	180	181	1.6750457386676	color=(29,145,192)
7	181	182	2.196486088906	color=(29,145,192)
7	182	183	1.7234568556418	color=(29,145,192)
7	183	184	1.3230622755528	color=(29,145,192)
7	184	185	3.799087826718	color=(34,94,168)
7	185	186	0.508503982768	color=(65,182,196)
7	186	187	0.674418523178	color=(65,182,196)
7	187	188	1.00253736165756	color=(65,182,196)
7	188	189	2.1286623661	color=(29,145,192)
7	189	190	1.723660679969	color=(29,145,192)
7	190	191	0.645447209501	color=(65,182,196)
7	191	192	0.963340301044	color=(65,182,196)
7	192	193	0.752118027500791	color=(65,182,196)
7	193	194	0.87204543012876	color=(65,182,196)
7	194	195	1.88474647469936	color=(29,145,192)
7	195	196	2.815693739212	color=(29,145,192)
7	196	197	1.00192164890552	color=(65,182,196)
7	197	198	1.471368120191	color=(29,145,192)
7	198	199	2.7775989627636	color=(29,145,192)
7	199	200	2.42925262811	color=(29,145,192)
7	200	201	1.5380441385538	color=(29,145,192)
7	201	202	1.5391701903136	color=(29,145,192)
7	202	203	0.98733311074772	color=(65,182,196)
7	203	204	1.943122539246	color=(29,145,192)
7	204	205	0.766608607154	color=(65,182,196)
7	205	206	1.3860537432824	color=(29,145,192)
7	206	207	1.068152669757	color=(65,182,196)
7	207	208	1.401276285626	color=(29,145,192)
7	208	209	1.517733939598	color=(29,145,192)
7	209	210	1.6674082368982	color=(29,145,192)
7	210	211	0.6144977263934	color=(65,182,196)
7	211	212	1.387895762128	color=(29,145,192)
7	212	213	1.05949028265	color=(65,182,196)
7	213	214	1.428497604126	color=(29,145,192)
7	214	215	1.67281095434212	color=(29,145,192)
7	215	216	-0.2375399120552	color=(65,182,196)
7	216	217	-0.2334093408888	color=(65,182,196)
7	217	218	0.256475821190001	color=(65,182,196)
7	218	219	2.0385859417194	color=(29,145,192)
7	219	220	1.789542417784	color=(29,145,192)
7	220	221	1.45438758729828	color=(29,145,192)
7	221	222	1.0051510607575	color=(65,182,196)
7	222	223	1.748625280886	color=(29,145,192)
7	223	224	2.2220083409908	color=(29,145,192)
7	224	225	1.2599804672488	color=(29,145,192)
7	225	226	1.8330723941492	color=(29,145,192)
7	226	227	2.4350878598932	color=(29,145,192)
7	227	228	0.8808743645894	color=(65,182,196)
7	228	229	1.2450206592394	color=(29,145,192)
7	229	230	3.31983840758	color=(29,145,192)
7	230	231	2.971524157158	color=(29,145,192)
7	231	232	2.0485862304302	color=(29,145,192)
7	232	233	1.046859735916	color=(65,182,196)
7	233	234	1.6272912459726	color=(29,145,192)
7	234	235	1.7723120412084	color=(29,145,192)
7	235	236	2.0649046988544	color=(29,145,192)
7	236	237	0.889731982439	color=(65,182,196)
7	237	238	2.9724474346122	color=(29,145,192)
7	238	239	3.214265189038	color=(29,145,192)
7	239	240	2.539281758196	color=(29,145,192)
7	240	241	2.415843338888	color=(29,145,192)
7	241	242	1.8866962395102	color=(29,145,192)
7	242	243	1.335628828824	color=(29,145,192)
7	243	244	0.877210451476001	color=(65,182,196)
7	244	245	1.2806073920208	color=(29,145,192)
7	245	246	1.8774688613558	color=(29,145,192)
7	246	247	2.247752465482	color=(29,145,192)
7	247	248	0.4262280624	color=(65,182,196)
7	248	249	1.4466095706836	color=(29,145,192)
7	249	250	1.0108197590644	color=(65,182,196)
7	250	251	0.4296104565318	color=(65,182,196)
7	251	252	1.1428240764008	color=(29,145,192)
7	252	253	2.1839019067796	color=(29,145,192)
7	253	254	2.505929946874	color=(29,145,192)
7	254	255	1.0859533996404	color=(65,182,196)
7	255	256	2.792996422668	color=(29,145,192)
7	256	257	1.677520390824	color=(29,145,192)
7	257	258	1.6736378015616	color=(29,145,192)
7	258	259	1.62639325908702	color=(29,145,192)
7	259	260	2.366123461234	color=(29,145,192)
7	260	261	2.1493641039512	color=(29,145,192)
7	261	262	0.468689745560001	color=(65,182,196)
7	262	263	0.795913316976	color=(65,182,196)
7	263	264	0.799080562048	color=(65,182,196)
7	264	265	2.21463197605472	color=(29,145,192)
7	265	266	1.7853457459544	color=(29,145,192)
7	266	267	1.2181471793478	color=(29,145,192)
7	267	268	2.317389693948	color=(29,145,192)
7	268	269	1.6297162795482	color=(29,145,192)
7	269	270	0.968006913756	color=(65,182,196)
7	270	271	1.051226985754	color=(65,182,196)
7	271	272	1.358384393352	color=(29,145,192)
7	272	273	0.9572368610154	color=(65,182,196)
7	273	274	2.703353802266	color=(29,145,192)
7	274	275	1.688906359448	color=(29,145,192)
7	275	276	3.168667445539	color=(29,145,192)
7	276	277	1.3538210480054	color=(29,145,192)
7	277	278	1.3510299766872	color=(29,145,192)
7	278	279	3.5018963166212	color=(34,94,168)
7	279	280	4.79746451362654	color=(34,94,168)
8	0	1	1.997655164252	color=(29,145,192)
8	1	2	2.88291991606	color=(29,145,192)
8	2	3	1.963201891898	color=(29,145,192)
8	3	4	2.5148034826894	color=(29,145,192)
8	4	5	1.9066765527648	color=(29,145,192)
8	5	6	2.2664033322426	color=(29,145,192)
8	6	7	1.585997467841	color=(29,145,192)
8	7	8	3.1222197370592	color=(29,145,192)
8	8	9	1.2244620507476	color=(29,145,192)
8	9	10	2.6028045304052	color=(29,145,192)
8	10	11	3.0386527125688	color=(29,145,192)
8	11	12	2.0289504381216	color=(29,145,192)
8	12	13	1.5933063311518	color=(29,145,192)
8	13	14	1.2629996577362	color=(29,145,192)
8	14	15	1.94655403941968	color=(29,145,192)
8	15	16	2.107756305028	color=(29,145,192)
8	16	17	2.5381518172714	color=(29,145,192)
8	17	18	2.0620554918647	color=(29,145,192)
8	18	19	2.2115315250212	color=(29,145,192)
8	19	20	2.15163311383512	color=(29,145,192)
8	20	21	0.695706904647	color=(65,182,196)
8	21	22	1.958856590044	color=(29,145,192)
8	22	23	4.2511631998646	color=(34,94,168)
8	23	24	0.9594767665914	color=(65,182,196)
8	24	25	1.7742115798982	color=(29,145,192)
8	25	26	2.2683427969526	color=(29,145,192)
8	26	27	0.81603059797	color=(65,182,196)
8	27	28	1.9121849233242	color=(29,145,192)
8	28	29	1.04260403257	color=(65,182,196)
8	29	30	1.418114281218	color=(29,145,192)
8	30	31	3.6538632562954	color=(34,94,168)
8	31	32	1.30609599671	color=(29,145,192)
8	32	33	1.3343210004764	color=(29,145,192)
8	33	34	1.32035765639	color=(29,145,192)
8	34	35	2.6552511546336	color=(29,145,192)
8	35	36	1.6462987580458	color=(29,145,192)
8	36	37	1.392777798577	color=(29,145,192)
8	37	38	1.2927968904474	color=(29,145,192)
8	38	39	1.3768755526728	color=(29,145,192)
8	39	40	1.8894924369696	color=(29,145,192)
8	40	41	3.217094970559	color=(29,145,192)
8	41	42	2.2036397855712	color=(29,145,192)
8	42	43	1.6934580444602	color=(29,145,192)
8	43	44	1.0513519077518	color=(65,182,196)
8	44	45	1.3085162504102	color=(29,145,192)
8	45	46	2.1773073297478	color=(29,145,192)
8	46	47	2.206901205594	color=(29,145,192)
8	47	48	1.4432318203762	color=(29,145,192)
8	48	49	2.2757846641216	color=(29,145,192)
8	49	50	5.0441076854192	color=(34,94,168)
8	50	51	2.288963207906	color=(29,145,192)
8	51	52	1.2297213303194	color=(29,145,192)
8	52	53	1.248158917144	color=(29,145,192)
8	53	54	0.362154980288	color=(65,182,196)
8	54	55	2.11665283114771	color=(29,145,192)
8	55	56	4.8546027037813	color=(34,94,168)
8	56	57	1.748948406932	color=(29,145,192)
8	57	58	0.7649905784536	color=(65,182,196)
8	58	59	2.478751525272	color=(29,145,192)
8	59	60	2.4952747277942	color=(29,145,192)
8	60	61	2.0879524963616	color=(29,145,192)
8	61	62	1.224805976366	color=(29,145,192)
8	62	63	0.6996789384302	color=(65,182,196)
8	63	64	1.3081449147882	color=(29,145,192)
8	64	65	1.664648417864	color=(29,145,192)
8	65	66	1.936992574054	color=(29,145,192)
8	66	67	2.1784213476284	color=(29,145,192)
8	67	68	1.6078729351752	color=(29,145,192)
8	68	69	1.768542935886	color=(29,145,192)
8	69	70	2.95463333269374	color=(29,145,192)
8	70	71	2.0722815321018	color=(29,145,192)
8	71	72	1.0813389384206	color=(65,182,196)
8	72	73	1.401648859316	color=(29,145,192)
8	73	74	1.9298034164234	color=(29,145,192)
8	74	75	1.173346951836	color=(29,145,192)
8	75	76	1.066380707892	color=(65,182,196)
8	76	77	1.6396115773754	color=(29,145,192)
8	77	78	1.857528605351	color=(29,145,192)
8	78	79	3.03786306125432	color=(29,145,192)
8	79	80	1.438976789836	color=(29,145,192)
8	80	81	1.7215336076482	color=(29,145,192)
8	81	82	1.9720800866858	color=(29,145,192)
8	82	83	2.285114844707	color=(29,145,192)
8	83	84	1.780745058252	color=(29,145,192)
8	84	85	1.64890999811588	color=(29,145,192)
8	85	86	0.8635981834468	color=(65,182,196)
8	86	87	1.9304842640068	color=(29,145,192)
8	87	88	1.8917812694454	color=(29,145,192)
8	88	89	2.4343923144696	color=(29,145,192)
8	89	90	1.46292642006	color=(29,145,192)
8	90	91	1.499689005752	color=(29,145,192)
8	91	92	0.469194742118	color=(65,182,196)
8	92	93	2.2953203580752	color=(29,145,192)
8	93	94	2.1052190831018	color=(29,145,192)
8	94	95	2.309014842242	color=(29,145,192)
8	95	96	2.4029079602458	color=(29,145,192)
8	96	97	2.9245330151334	color=(29,145,192)
8	97	98	1.4547508562366	color=(29,145,192)
8	98	99	2.1175008187772	color=(29,145,192)
8	99	100	2.2601093820644	color=(29,145,192)
8	100	101	0.9038040508906	color=(65,182,196)
8	101	102	1.1147761685744	color=(29,145,192)
8	102	103	1.797006163652	color=(29,145,192)
8	103	104	2.3381892023308	color=(29,145,192)
8	104	105	1.606854108957	color=(29,145,192)
8	105	106	1.505242506354	color=(29,145,192)
8	106	107	1.4936223474352	color=(29,145,192)
8	107	108	2.4065923580248	color=(29,145,192)
8	108	109	1.89443414677832	color=(29,145,192)
8	109	110	2.3474072101556	color=(29,145,192)
8	110	111	2.2831943070668	color=(29,145,192)
8	111	112	0.98609803464	color=(65,182,196)
8	112	113	2.015097971098	color=(29,145,192)
8	113	114	2.0349331708199	color=(29,145,192)
8	114	115	1.980709262025	color=(29,145,192)
8	115	116	2.483829841387	color=(29,145,192)
8	116	117	1.478249214264	color=(29,145,192)
8	117	118	1.4938468533728	color=(29,145,192)
8	118	119	2.220964643251	color=(29,145,192)
8	119	120	1.8472430859	color=(29,145,192)
8	120	121	2.726032718841	color=(29,145,192)
8	121	122	1.3437000858246	color=(29,145,192)
8	122	123	1.468408880638	color=(29,145,192)
8	123	124	1.314403294242	color=(29,145,192)
8	124	125	0.715126845218	color=(65,182,196)
8	125	126	0.827824592154	color=(65,182,196)
8	126	127	2.236756433552	color=(29,145,192)
8	127	128	1.2298622016274	color=(29,145,192)
8	128	129	2.3011617507792	color=(29,145,192)
8	129	130	2.42917703958218	color=(29,145,192)
8	130	131	1.7056131736136	color=(29,145,192)
8	131	132	0.691828720943	color=(65,182,196)
8	132	133	3.1119612761904	color=(29,145,192)
8	133	134	1.4436202648052	color=(29,145,192)
8	134	135	1.0148465090194	color=(65,182,196)
8	135	136	1.4877305839348	color=(29,145,192)
8	136	137	1.7475682127358	color=(29,145,192)
8	137	138	1.859498715295	color=(29,145,192)
8	138	139	2.2849051414664	color=(29,145,192)
8	139	140	1.1546366685406	color=(29,145,192)
8	140	141	1.2700163941792	color=(29,145,192)
8	141	142	1.6291179161256	color=(29,145,192)
8	142	143	1.229658485938	color=(29,145,192)
8	143	144	1.145893411669	color=(29,145,192)
8	144	145	1.22024877579456	color=(29,145,192)
8	145	146	1.5360500259002	color=(29,145,192)
8	146	147	2.049960977587	color=(29,145,192)
8	147	148	1.7058489013558	color=(29,145,192)
8	148	149	1.8315540576488	color=(29,145,192)
8	149	150	1.234022665444	color=(29,145,192)
8	150	151	1.192176415698	color=(29,145,192)
8	151	152	2.15156481834432	color=(29,145,192)
8	152	153	0.7819852915906	color=(65,182,196)
8	153	154	1.6257366181516	color=(29,145,192)
8	154	155	2.1802371503904	color=(29,145,192)
8	155	156	1.809575052468	color=(29,145,192)
8	156	157	1.6475567383268	color=(29,145,192)
8	157	158	2.0214573989758	color=(29,145,192)
8	158	159	1.6278685788202	color=(29,145,192)
8	159	160	1.6000261533958	color=(29,145,192)
8	160	161	0.8834415472	color=(65,182,196)
8	161	162	0.914263024942239	color=(65,182,196)
8	162	163	1.069469301496	color=(65,182,196)
8	163	164	1.1656623105014	color=(29,145,192)
8	164	165	2.071761126808	color=(29,145,192)
8	165	166	1.3678490477038	color=(29,145,192)
8	166	167	2.4203938980396	color=(29,145,192)
8	167	168	1.117570069222	color=(29,145,192)
8	168	169	1.4051176823648	color=(29,145,192)
8	169	170	1.8814033240944	color=(29,145,192)
8	170	171	1.9317693167238	color=(29,145,192)
8	171	172	1.779140799438	color=(29,145,192)
8	172	173	1.8144086010558	color=(29,145,192)
8	173	174	2.107397000793	color=(29,145,192)
8	174	175	2.157942785874	color=(29,145,192)
8	175	176	2.4911249016652	color=(29,145,192)
8	176	177	1.097312607159	color=(65,182,196)
8	177	178	1.378779150544	color=(29,145,192)
8	178	179	2.26812739972618	color=(29,145,192)
8	179	180	1.496151312484	color=(29,145,192)
8	180	181	1.30841114337	color=(29,145,192)
8	181	182	1.9946562703636	color=(29,145,192)
8	182	183	1.012432498196	color=(65,182,196)
8	183	184	1.7372123579976	color=(29,145,192)
8	184	185	2.7633433121428	color=(29,145,192)
8	185	186	2.0753497093246	color=(29,145,192)
8	186	187	1.7156570460786	color=(29,145,192)
8	187	188	2.2485338411502	color=(29,145,192)
8	188	189	2.2725996235652	color=(29,145,192)
8	189	190	2.4806694077066	color=(29,145,192)
8	190	191	1.5975246644134	color=(29,145,192)
8	191	192	1.756858950616	color=(29,145,192)
8	192	193	0.899308694288001	color=(65,182,196)
8	193	194	1.842086359218	color=(29,145,192)
8	194	195	0.44512480939	color=(65,182,196)
8	195	196	0.652027571292	color=(65,182,196)
8	196	197	1.541063004248	color=(29,145,192)
8	197	198	1.91882396482416	color=(29,145,192)
8	198	199	1.233425953484	color=(29,145,192)
8	199	200	2.072265901706	color=(29,145,192)
8	200	201	2.5707587835806	color=(29,145,192)
8	201	202	1.8644022795534	color=(29,145,192)
8	202	203	1.8929252420736	color=(29,145,192)
8	203	204	1.953052938282	color=(29,145,192)
8	204	205	3.0429745237654	color=(29,145,192)
8	205	206	1.849580687104	color=(29,145,192)
8	206	207	1.375977221292	color=(29,145,192)
8	207	208	0.44124343153	color=(65,182,196)
8	208	209	0.717934536588	color=(65,182,196)
8	209	210	1.884110518714	color=(29,145,192)
8	210	211	1.714660841538	color=(29,145,192)
8	211	212	1.600536921814	color=(29,145,192)
8	212	213	1.493760009446	color=(29,145,192)
8	213	214	2.42798247743717	color=(29,145,192)
8	214	215	1.7983059651972	color=(29,145,192)
8	215	216	1.2768566257908	color=(29,145,192)
8	216	217	1.589754702502	color=(29,145,192)
8	217	218	1.363517804208	color=(29,145,192)
8	218	219	2.4587949105912	color=(29,145,192)
8	219	220	1.6687542152782	color=(29,145,192)
8	220	221	1.4625123008654	color=(29,145,192)
8	221	222	2.621430058628	color=(29,145,192)
8	222	223	1.1987994841926	color=(29,145,192)
8	223	224	2.35986671538578	color=(29,145,192)
8	224	225	2.5910373202976	color=(29,145,192)
8	225	226	1.948608725568	color=(29,145,192)
8	226	227	1.444092819959	color=(29,145,192)
8	227	228	2.2971329514068	color=(29,145,192)
8	228	229	1.376011570576	color=(29,145,192)
8	229	230	2.3525122027146	color=(29,145,192)
8	230	231	2.4644757043872	color=(29,145,192)
8	231	232	2.020237213213	color=(29,145,192)
8	232	233	2.19611123306464	color=(29,145,192)
8	233	234	2.817344421105	color=(29,145,192)
8	234	235	2.7813380097942	color=(29,145,192)
8	235	236	1.2719434746746	color=(29,145,192)
8	236	237	2.1904972022655	color=(29,145,192)
8	237	238	0.302786083433999	color=(65,182,196)
8	238	239	2.3185926923844	color=(29,145,192)
8	239	240	2.66161307542756	color=(29,145,192)
8	240	241	1.6811770316438	color=(29,145,192)
8	241	242	1.360011869689	color=(29,145,192)
8	242	243	0.882198952518	color=(65,182,196)
8	243	244	0.929728447644	color=(65,182,196)
8	244	245	1.465548196098	color=(29,145,192)
8	245	246	1.6041479606802	color=(29,145,192)
8	246	247	1.5415929345324	color=(29,145,192)
8	247	248	1.679230016296	color=(29,145,192)
8	248	249	1.58305668097	color=(29,145,192)
8	249	250	2.78022528221296	color=(29,145,192)
8	250	251	1.449732630696	color=(29,145,192)
8	251	252	1.7938952912746	color=(29,145,192)
8	252	253	2.610068488134	color=(29,145,192)
8	253	254	2.1190663565588	color=(29,145,192)
8	254	255	1.541993959362	color=(29,145,192)
8	255	256	1.78495098464	color=(29,145,192)
8	256	257	2.5120121139842	color=(29,145,192)
8	257	258	1.9302307582472	color=(29,145,192)
8	258	259	1.1953121261	color=(29,145,192)
8	259	260	1.6547601839346	color=(29,145,192)
8	260	261	2.2486816666058	color=(29,145,192)
8	261	262	1.904258762102	color=(29,145,192)
8	262	263	2.48002317081632	color=(29,145,192)
8	263	264	1.744280943036	color=(29,145,192)
8	264	265	0.6661613304264	color=(65,182,196)
8	265	266	1.6268970513846	color=(29,145,192)
8	266	267	1.414164658168	color=(29,145,192)
8	267	268	1.327321505596	color=(29,145,192)
8	268	269	2.2167361970518	color=(29,145,192)
8	269	270	2.11967445054014	color=(29,145,192)
8	270	271	2.5075381304064	color=(29,145,192)
8	271	272	1.4371322876472	color=(29,145,192)
8	272	273	1.3300249064684	color=(29,145,192)
8	273	274	1.7574764027168	color=(29,145,192)
8	274	275	0.265517175156	color=(65,182,196)
8	275	276	1.4249933495648	color=(29,145,192)
8	276	277	2.9085823166062	color=(29,145,192)
8	277	278	1.824264368082	color=(29,145,192)
8	278	279	0.5098958543708	color=(65,182,196)
8	279	280	2.4180394710394	color=(29,145,192)
8	280	281	2.1924682491438	color=(29,145,192)
8	281	282	1.44157220352362	color=(29,145,192)
8	282	283	1.9265815221204	color=(29,145,192)
8	283	284	2.660707128794	color=(29,145,192)
8	284	285	0.937390879044	color=(65,182,196)
8	285	286	1.7757230074644	color=(29,145,192)
8	286	287	1.51615704986	color=(29,145,192)
8	287	288	2.379054074598	color=(29,145,192)
8	288	289	1.919189390286	color=(29,145,192)
8	289	290	2.308166185691	color=(29,145,192)
8	290	291	1.800694941959	color=(29,145,192)
8	291	292	2.7228518836186	color=(29,145,192)
8	292	293	1.4265684073042	color=(29,145,192)
8	293	294	1.7451973187082	color=(29,145,192)
8	294	295	1.38386547492	color=(29,145,192)
8	295	296	2.3299932304978	color=(29,145,192)
8	296	297	1.925683934686	color=(29,145,192)
8	297	298	1.6484336833126	color=(29,145,192)
8	298	299	1.8166071329188	color=(29,145,192)
8	299	300	1.9394964456958	color=(29,145,192)
8	300	301	1.648084859462	color=(29,145,192)
8	301	302	1.4458977971676	color=(29,145,192)
8	302	303	1.8244269951732	color=(29,145,192)
8	303	304	1.5729284668746	color=(29,145,192)
8	304	305	2.0510563849708	color=(29,145,192)
8	305	306	1.483529987394	color=(29,145,192)
8	306	307	2.3533054059706	color=(29,145,192)
8	307	308	0.802156329418	color=(65,182,196)
