1	0	1	-3.127699184684	color=(127,205,187)
1	1	2	-2.326384266666	color=(127,205,187)
1	2	3	-1.833775337402	color=(127,205,187)
1	3	4	-1.4334313900452	color=(127,205,187)
1	4	5	-1.17220864032896	color=(127,205,187)
1	5	6	-2.701710793814	color=(127,205,187)
1	6	7	-1.35289695487708	color=(127,205,187)
1	7	8	-1.2556064297022	color=(127,205,187)
1	8	9	-2.581505748157	color=(127,205,187)
1	9	10	-1.5145323793634	color=(127,205,187)
1	10	11	-0.88042585620614	color=(65,182,196)
1	11	12	1.3465658026384	color=(29,145,192)
1	12	13	-0.93987709255458	color=(65,182,196)
1	13	14	-0.284621608842	color=(65,182,196)
1	14	15	-1.859883791066	color=(127,205,187)
1	15	16	0.4465420122182	color=(65,182,196)
1	16	17	-0.626306985232	color=(65,182,196)
1	17	18	-2.174398776722	color=(127,205,187)
1	18	19	-1.626018503456	color=(127,205,187)
1	19	20	0.6205789129966	color=(65,182,196)
1	20	21	1.0066665247	color=(65,182,196)
1	21	22	2.6841151268436	color=(29,145,192)
1	22	23	-1.772096206879	color=(127,205,187)
1	23	24	-1.544762025696	color=(127,205,187)
1	24	25	0.269150789468	color=(65,182,196)
1	25	26	-2.0878156654536	color=(127,205,187)
1	26	27	-1.7758760273586	color=(127,205,187)
1	27	28	-1.942056190646	color=(127,205,187)
1	28	29	-2.0791993128782	color=(127,205,187)
1	29	30	-1.6306969293738	color=(127,205,187)
1	30	31	-0.331117225128001	color=(65,182,196)
1	31	32	-2.441118222656	color=(127,205,187)
1	32	33	-1.5110047798186	color=(127,205,187)
1	33	34	-1.4907891605874	color=(127,205,187)
1	34	35	1.280089166644	color=(29,145,192)
1	35	36	0.4901187493794	color=(65,182,196)
1	36	37	-1.420709995506	color=(127,205,187)
1	37	38	-1.6851553601	color=(127,205,187)
1	38	39	-0.919672276850001	color=(65,182,196)
1	39	40	-1.916007285812	color=(127,205,187)
1	40	41	-0.6461604046058	color=(65,182,196)
1	41	42	-1.809263935406	color=(127,205,187)
1	42	43	-0.4573185865632	color=(65,182,196)
1	43	44	-1.277368392684	color=(127,205,187)
1	44	45	-0.610028622532	color=(65,182,196)
1	45	46	-1.0186463178608	color=(65,182,196)
1	46	47	-1.779480238874	color=(127,205,187)
1	47	48	-2.150347892916	color=(127,205,187)
1	48	49	-1.74721147012	color=(127,205,187)
1	49	50	-1.4181943615148	color=(127,205,187)
1	50	51	-0.699327810978	color=(65,182,196)
1	51	52	-1.9761863306164	color=(127,205,187)
1	52	53	-1.5980128066176	color=(127,205,187)
1	53	54	-1.20407279798118	color=(127,205,187)
1	54	55	-0.815982924676	color=(65,182,196)
1	55	56	-0.6396731611202	color=(65,182,196)
1	56	57	-1.7011656743	color=(127,205,187)
1	57	58	0.00888017439199906	color=(65,182,196)
1	58	59	-1.437240131256	color=(127,205,187)
1	59	60	-3.00789751118	color=(127,205,187)
1	60	61	-0.672683826024	color=(65,182,196)
1	61	62	-1.680804024384	color=(127,205,187)
1	62	63	-1.42641786770353	color=(127,205,187)
1	63	64	-1.757547137608	color=(127,205,187)
1	64	65	-2.05966152306	color=(127,205,187)
1	65	66	-1.336235204184	color=(127,205,187)
1	66	67	-1.13759131562	color=(127,205,187)
1	67	68	-0.706429754492	color=(65,182,196)
1	68	69	-0.902033722426	color=(65,182,196)
1	69	70	-1.3410832151088	color=(127,205,187)
1	70	71	1.083210181592	color=(65,182,196)
1	71	72	-1.2174596732676	color=(127,205,187)
1	72	73	-0.7101136180696	color=(65,182,196)
1	73	74	-1.136864918566	color=(127,205,187)
1	74	75	-1.3841709642238	color=(127,205,187)
1	75	76	0.57784225947	color=(65,182,196)
1	76	77	-1.607092403704	color=(127,205,187)
1	77	78	-0.824686410448	color=(65,182,196)
1	78	79	-0.4826863064775	color=(65,182,196)
1	79	80	-3.486432494554	color=(199,233,180)
1	80	81	-1.40652942738098	color=(127,205,187)
1	81	82	0.105962481276	color=(65,182,196)
1	82	83	-0.8357345114762	color=(65,182,196)
1	83	84	-0.8045934881006	color=(65,182,196)
1	84	85	-0.309979579789999	color=(65,182,196)
1	85	86	-0.7308754133434	color=(65,182,196)
1	86	87	-2.06399032730424	color=(127,205,187)
1	87	88	0.8172079168184	color=(65,182,196)
1	88	89	-1.2160556773585	color=(127,205,187)
1	89	90	-0.15508857084	color=(65,182,196)
1	90	91	-1.750755044228	color=(127,205,187)
1	91	92	-2.215487761144	color=(127,205,187)
1	92	93	-1.402916977568	color=(127,205,187)
1	93	94	-1.4087977189664	color=(127,205,187)
1	94	95	-3.55069224049	color=(199,233,180)
1	95	96	-1.957711912572	color=(127,205,187)
1	96	97	-1.3461854840678	color=(127,205,187)
1	97	98	-1.4320659065884	color=(127,205,187)
1	98	99	-1.568681744032	color=(127,205,187)
1	99	100	-1.2961778452468	color=(127,205,187)
1	100	101	-0.505498440742	color=(65,182,196)
1	101	102	-0.5609516363604	color=(65,182,196)
1	102	103	-1.56441594843708	color=(127,205,187)
1	103	104	-2.492066427814	color=(127,205,187)
1	104	105	-2.743099136548	color=(127,205,187)
1	105	106	-1.6013063195934	color=(127,205,187)
1	106	107	-1.8303505801498	color=(127,205,187)
1	107	108	-0.929689866649	color=(65,182,196)
1	108	109	-1.540877316701	color=(127,205,187)
1	109	110	-2.07660312013525	color=(127,205,187)
1	110	111	-1.774189994558	color=(127,205,187)
1	111	112	-1.28458700235198	color=(127,205,187)
1	112	113	-2.037694385956	color=(127,205,187)
1	113	114	-1.99169490265338	color=(127,205,187)
1	114	115	-2.4938111845239	color=(127,205,187)
1	115	116	-1.040732611804	color=(65,182,196)
1	116	117	-0.7096120341986	color=(65,182,196)
1	117	118	-1.98304561229836	color=(127,205,187)
1	118	119	-2.754814034726	color=(127,205,187)
1	119	120	-1.871368666472	color=(127,205,187)
1	120	121	-3.3084263440404	color=(127,205,187)
1	121	122	-3.287092594822	color=(127,205,187)
1	122	123	-1.4143208034764	color=(127,205,187)
1	123	124	-0.279339789132001	color=(65,182,196)
1	124	125	0.0289235242143997	color=(65,182,196)
1	125	126	-1.166860210512	color=(127,205,187)
1	126	127	-1.59861972889916	color=(127,205,187)
1	127	128	-2.281704785064	color=(127,205,187)
1	128	129	-0.86213921772	color=(65,182,196)
1	129	130	-2.70486185497	color=(127,205,187)
1	130	131	-1.6064277623182	color=(127,205,187)
1	131	132	-2.330231983887	color=(127,205,187)
1	132	133	-0.969785289662	color=(65,182,196)
1	133	134	0.31296823514	color=(65,182,196)
1	134	135	-2.0881021088746	color=(127,205,187)
1	135	136	0.6334307165322	color=(65,182,196)
1	136	137	-0.91759281506322	color=(65,182,196)
1	137	138	-2.878231078046	color=(127,205,187)
1	138	139	-1.3597244499264	color=(127,205,187)
1	139	140	-1.324809244036	color=(127,205,187)
1	140	141	-1.7537594272792	color=(127,205,187)
1	141	142	-2.3903374621036	color=(127,205,187)
1	142	143	-0.5636757532996	color=(65,182,196)
1	143	144	-1.71757803296214	color=(127,205,187)
1	144	145	-2.034306000644	color=(127,205,187)
1	145	146	-2.82955366190446	color=(127,205,187)
1	146	147	0.396286778569999	color=(65,182,196)
1	147	148	-2.09387540916	color=(127,205,187)
2	0	1	4.654564199992	color=(34,94,168)
2	1	2	3.7271056642108	color=(34,94,168)
2	2	3	3.3006133750176	color=(29,145,192)
2	3	4	5.2727858389172	color=(34,94,168)
2	4	5	2.955614572282	color=(29,145,192)
2	5	6	2.92036295519	color=(29,145,192)
2	6	7	4.656884129844	color=(34,94,168)
2	7	8	7.356083779318	color=(37,52,148)
2	8	9	4.920481902497	color=(34,94,168)
2	9	10	4.59976283441	color=(34,94,168)
2	10	11	4.951846770284	color=(34,94,168)
2	11	12	2.6954254600228	color=(29,145,192)
2	12	13	3.165915275416	color=(29,145,192)
2	13	14	4.181044947598	color=(34,94,168)
2	14	15	3.3738388308954	color=(34,94,168)
2	15	16	4.408118583308	color=(34,94,168)
2	16	17	3.265509504716	color=(29,145,192)
2	17	18	4.638264407088	color=(34,94,168)
2	18	19	3.743784693698	color=(34,94,168)
2	19	20	3.0111435347512	color=(29,145,192)
2	20	21	6.2641547255344	color=(37,52,148)
2	21	22	3.237791084086	color=(29,145,192)
2	22	23	3.205935928665	color=(29,145,192)
2	23	24	2.637218907976	color=(29,145,192)
2	24	25	4.672340836836	color=(34,94,168)
2	25	26	5.3401919295248	color=(34,94,168)
2	26	27	3.130946334421	color=(29,145,192)
2	27	28	3.8880231558138	color=(34,94,168)
2	28	29	4.11789608798484	color=(34,94,168)
2	29	30	5.7675455256762	color=(37,52,148)
2	30	31	4.5392831063754	color=(34,94,168)
2	31	32	4.6013659531614	color=(34,94,168)
2	32	33	5.7825391608854	color=(37,52,148)
2	33	34	5.1289274523252	color=(34,94,168)
2	34	35	3.7709576250052	color=(34,94,168)
2	35	36	9.5767866861468	color=(8,29,88)
2	36	37	3.1593507684068	color=(29,145,192)
2	37	38	6.6707680930374	color=(37,52,148)
2	38	39	3.404807520804	color=(34,94,168)
2	39	40	5.4539556419288	color=(34,94,168)
2	40	41	4.149983374894	color=(34,94,168)
2	41	42	4.456573235776	color=(34,94,168)
2	42	43	4.8941536428014	color=(34,94,168)
2	43	44	5.9102963166446	color=(37,52,148)
2	44	45	3.54363437534536	color=(34,94,168)
2	45	46	5.222184377952	color=(34,94,168)
2	46	47	7.0151028547886	color=(37,52,148)
2	47	48	3.4787389268174	color=(34,94,168)
2	48	49	4.445694041144	color=(34,94,168)
2	49	50	3.0784713043496	color=(29,145,192)
2	50	51	5.24290064427938	color=(34,94,168)
2	51	52	3.3691247262636	color=(34,94,168)
2	52	53	5.62408576605242	color=(37,52,148)
2	53	54	4.534533922896	color=(34,94,168)
2	54	55	3.044507388432	color=(29,145,192)
2	55	56	4.0325574658326	color=(34,94,168)
2	56	57	3.091358539054	color=(29,145,192)
2	57	58	3.4882736362694	color=(34,94,168)
2	58	59	4.1818120636768	color=(34,94,168)
2	59	60	2.509590972286	color=(29,145,192)
2	60	61	5.422617712254	color=(34,94,168)
2	61	62	5.2833534778112	color=(34,94,168)
2	62	63	3.4802793201258	color=(34,94,168)
2	63	64	3.49982115398	color=(34,94,168)
2	64	65	6.2507865264606	color=(37,52,148)
2	65	66	6.5203021030992	color=(37,52,148)
2	66	67	4.2143117608842	color=(34,94,168)
2	67	68	3.67389608701	color=(34,94,168)
2	68	69	4.550163523728	color=(34,94,168)
2	69	70	3.463864974031	color=(34,94,168)
2	70	71	4.448323433736	color=(34,94,168)
2	71	72	4.2305058251004	color=(34,94,168)
2	72	73	2.97697588786	color=(29,145,192)
2	73	74	4.97301179874226	color=(34,94,168)
2	74	75	3.732213419172	color=(34,94,168)
2	75	76	3.555229535416	color=(34,94,168)
2	76	77	4.91671315141	color=(34,94,168)
2	77	78	4.244343507882	color=(34,94,168)
2	78	79	3.76541239254	color=(34,94,168)
2	79	80	3.83244744840022	color=(34,94,168)
2	80	81	5.521546070956	color=(34,94,168)
2	81	82	4.24559196309488	color=(34,94,168)
2	82	83	3.948525994034	color=(34,94,168)
2	83	84	4.6627013904676	color=(34,94,168)
2	84	85	3.6184687627906	color=(34,94,168)
2	85	86	2.625137830994	color=(29,145,192)
2	86	87	3.18132469677688	color=(29,145,192)
2	87	88	2.89336578485948	color=(29,145,192)
2	88	89	4.64755872731136	color=(34,94,168)
2	89	90	3.326765449594	color=(34,94,168)
2	90	91	4.8873484601974	color=(34,94,168)
2	91	92	7.7653281923276	color=(8,29,88)
2	92	93	3.8192387813906	color=(34,94,168)
2	93	94	5.3356223880742	color=(34,94,168)
2	94	95	6.093043469208	color=(37,52,148)
2	95	96	3.382718514941	color=(34,94,168)
2	96	97	6.7415326265622	color=(37,52,148)
2	97	98	3.826198983094	color=(34,94,168)
2	98	99	4.1741532615206	color=(34,94,168)
2	99	100	4.389623143942	color=(34,94,168)
2	100	101	4.80638258982	color=(34,94,168)
2	101	102	4.52294576287	color=(34,94,168)
2	102	103	4.0370861833614	color=(34,94,168)
2	103	104	4.763937642406	color=(34,94,168)
2	104	105	3.01071528523	color=(29,145,192)
2	105	106	4.86477391097	color=(34,94,168)
2	106	107	7.34737770319452	color=(37,52,148)
2	107	108	4.390769236008	color=(34,94,168)
2	108	109	3.884393100194	color=(34,94,168)
2	109	110	6.642783589476	color=(37,52,148)
2	110	111	4.1428442723558	color=(34,94,168)
2	111	112	4.3446592261576	color=(34,94,168)
2	112	113	3.087163861791	color=(29,145,192)
2	113	114	3.2185072622302	color=(29,145,192)
2	114	115	5.7702386238422	color=(37,52,148)
2	115	116	3.9808670805132	color=(34,94,168)
2	116	117	6.001595408536	color=(37,52,148)
2	117	118	2.47351646741358	color=(29,145,192)
2	118	119	5.0032408645166	color=(34,94,168)
2	119	120	4.1160096160268	color=(34,94,168)
2	120	121	3.6325616670878	color=(34,94,168)
2	121	122	4.8907358339898	color=(34,94,168)
2	122	123	4.821872603654	color=(34,94,168)
2	123	124	3.8796452007124	color=(34,94,168)
2	124	125	5.09191016594766	color=(34,94,168)
2	125	126	3.4942851015962	color=(34,94,168)
2	126	127	7.1281340528414	color=(37,52,148)
2	127	128	6.1345794682666	color=(37,52,148)
2	128	129	3.2484455407414	color=(29,145,192)
2	129	130	5.866576073532	color=(37,52,148)
2	130	131	4.778368267744	color=(34,94,168)
2	131	132	5.017224742883	color=(34,94,168)
2	132	133	4.332298060792	color=(34,94,168)
2	133	134	5.045050296326	color=(34,94,168)
2	134	135	3.593099691498	color=(34,94,168)
2	135	136	4.02014271048	color=(34,94,168)
2	136	137	4.721515306424	color=(34,94,168)
2	137	138	4.402777247408	color=(34,94,168)
2	138	139	5.81472248838	color=(37,52,148)
2	139	140	3.569372133145	color=(34,94,168)
2	140	141	3.467541173896	color=(34,94,168)
2	141	142	2.793471748346	color=(29,145,192)
2	142	143	4.10601150659	color=(34,94,168)
2	143	144	4.6554253585276	color=(34,94,168)
2	144	145	5.880013966966	color=(37,52,148)
2	145	146	3.41758952901	color=(34,94,168)
2	146	147	3.53115347905308	color=(34,94,168)
2	147	148	4.1500102702836	color=(34,94,168)
2	148	149	3.2601810621172	color=(29,145,192)
2	149	150	3.45173515468	color=(34,94,168)
2	150	151	4.065587059949	color=(34,94,168)
2	151	152	5.6985360826084	color=(37,52,148)
2	152	153	5.5168161169752	color=(34,94,168)
2	153	154	5.7123036893796	color=(37,52,148)
2	154	155	3.267838729978	color=(29,145,192)
2	155	156	3.7554061890166	color=(34,94,168)
2	156	157	3.5095687224416	color=(34,94,168)
2	157	158	3.293390361934	color=(29,145,192)
2	158	159	3.650855801986	color=(34,94,168)
2	159	160	4.360885113757	color=(34,94,168)
2	160	161	3.638134848819	color=(34,94,168)
2	161	162	7.603554273947	color=(37,52,148)
2	162	163	4.1420332094546	color=(34,94,168)
2	163	164	4.457141363028	color=(34,94,168)
2	164	165	4.3327276349294	color=(34,94,168)
2	165	166	6.3934765142026	color=(37,52,148)
2	166	167	4.262530588872	color=(34,94,168)
2	167	168	7.2542436778026	color=(37,52,148)
2	168	169	2.90467673662	color=(29,145,192)
2	169	170	4.054369074046	color=(34,94,168)
2	170	171	4.2907307183556	color=(34,94,168)
2	171	172	5.0161068818592	color=(34,94,168)
2	172	173	3.8042105296686	color=(34,94,168)
2	173	174	5.0760475496208	color=(34,94,168)
2	174	175	5.428618811169	color=(34,94,168)
2	175	176	5.49311163461	color=(34,94,168)
2	176	177	5.54553859634382	color=(37,52,148)
2	177	178	3.143850741067	color=(29,145,192)
2	178	179	4.25659339466	color=(34,94,168)
2	179	180	3.925394764088	color=(34,94,168)
2	180	181	6.359689971237	color=(37,52,148)
2	181	182	4.44197323468	color=(34,94,168)
2	182	183	3.011463118286	color=(29,145,192)
2	183	184	3.3845169793289	color=(34,94,168)
2	184	185	5.99457719590442	color=(37,52,148)
2	185	186	2.781360679998	color=(29,145,192)
2	186	187	5.22093794972	color=(34,94,168)
2	187	188	4.0187222839904	color=(34,94,168)
2	188	189	3.143104859284	color=(29,145,192)
2	189	190	3.41354241811534	color=(34,94,168)
2	190	191	3.2687642924352	color=(29,145,192)
2	191	192	5.423833141852	color=(34,94,168)
2	192	193	2.491555585628	color=(29,145,192)
2	193	194	3.195648365524	color=(29,145,192)
2	194	195	3.2911751686646	color=(29,145,192)
2	195	196	3.63776607766798	color=(34,94,168)
2	196	197	2.8903887859084	color=(29,145,192)
2	197	198	4.6554112998234	color=(34,94,168)
2	198	199	2.7668173017022	color=(29,145,192)
2	199	200	4.8441273289006	color=(34,94,168)
2	200	201	4.04207578816	color=(34,94,168)
2	201	202	6.6511386410228	color=(37,52,148)
2	202	203	3.5730937514734	color=(34,94,168)
2	203	204	5.15976036751	color=(34,94,168)
2	204	205	4.618803508244	color=(34,94,168)
2	205	206	3.774684626665	color=(34,94,168)
2	206	207	5.09859219510958	color=(34,94,168)
2	207	208	2.81249557183	color=(29,145,192)
2	208	209	7.6249199051727	color=(37,52,148)
2	209	210	4.0876869938672	color=(34,94,168)
2	210	211	3.2129928669884	color=(29,145,192)
2	211	212	5.450109933954	color=(34,94,168)
2	212	213	4.938922740772	color=(34,94,168)
2	213	214	3.6618111159564	color=(34,94,168)
2	214	215	4.371392192134	color=(34,94,168)
2	215	216	5.37524743048148	color=(34,94,168)
2	216	217	4.969907157771	color=(34,94,168)
2	217	218	4.0646127753664	color=(34,94,168)
2	218	219	2.7129433684486	color=(29,145,192)
2	219	220	4.103275731954	color=(34,94,168)
2	220	221	5.503633931826	color=(34,94,168)
2	221	222	3.1788036644004	color=(29,145,192)
2	222	223	3.878209314218	color=(34,94,168)
2	223	224	6.7957751686908	color=(37,52,148)
2	224	225	5.7879370209402	color=(37,52,148)
2	225	226	4.2926338544388	color=(34,94,168)
2	226	227	3.5087595113444	color=(34,94,168)
2	227	228	4.225188410658	color=(34,94,168)
2	228	229	7.1072562605916	color=(37,52,148)
2	229	230	5.34111339413	color=(34,94,168)
2	230	231	5.8084311612838	color=(37,52,148)
2	231	232	4.644781641922	color=(34,94,168)
2	232	233	5.222749377612	color=(34,94,168)
2	233	234	8.23243639936	color=(8,29,88)
2	234	235	4.4282219149878	color=(34,94,168)
2	235	236	3.5930339938274	color=(34,94,168)
2	236	237	6.126471339221	color=(37,52,148)
2	237	238	5.1005130752954	color=(34,94,168)
2	238	239	5.7073869817688	color=(37,52,148)
2	239	240	5.5237950946908	color=(34,94,168)
2	240	241	3.3446632811478	color=(34,94,168)
2	241	242	5.3023437694952	color=(34,94,168)
2	242	243	5.652105057364	color=(37,52,148)
2	243	244	4.02057745005	color=(34,94,168)
2	244	245	4.9237198954534	color=(34,94,168)
2	245	246	4.0814473281742	color=(34,94,168)
2	246	247	3.96954317201626	color=(34,94,168)
2	247	248	5.5696617087746	color=(37,52,148)
2	248	249	4.3231298531272	color=(34,94,168)
2	249	250	4.6621274678448	color=(34,94,168)
2	250	251	5.561678841374	color=(37,52,148)
2	251	252	4.722400221016	color=(34,94,168)
2	252	253	5.1445649726426	color=(34,94,168)
2	253	254	2.9756500374356	color=(29,145,192)
2	254	255	4.9900012031696	color=(34,94,168)
2	255	256	4.4683049235978	color=(34,94,168)
2	256	257	5.7313852107855	color=(37,52,148)
2	257	258	3.966929784043	color=(34,94,168)
2	258	259	4.14347625034314	color=(34,94,168)
2	259	260	4.1669392255198	color=(34,94,168)
2	260	261	4.143201769538	color=(34,94,168)
2	261	262	3.2972022501	color=(29,145,192)
2	262	263	2.618997951644	color=(29,145,192)
2	263	264	3.488017728578	color=(34,94,168)
2	264	265	3.053631492675	color=(29,145,192)
2	265	266	3.974437690106	color=(34,94,168)
2	266	267	3.851585598378	color=(34,94,168)
2	267	268	3.9107664178906	color=(34,94,168)
2	268	269	4.6798864161508	color=(34,94,168)
2	269	270	4.5941792151534	color=(34,94,168)
2	270	271	3.56497644995494	color=(34,94,168)
2	271	272	3.2984426654822	color=(29,145,192)
2	272	273	3.6109870025084	color=(34,94,168)
2	273	274	2.9316261369922	color=(29,145,192)
3	0	1	3.46962990604616	color=(34,94,168)
3	1	2	1.013086691	color=(65,182,196)
3	2	3	3.11283440211	color=(29,145,192)
3	3	4	2.690463889274	color=(29,145,192)
3	4	5	3.076821582368	color=(29,145,192)
3	5	6	2.445695344894	color=(29,145,192)
3	6	7	0.166399238938	color=(65,182,196)
3	7	8	4.740874139758	color=(34,94,168)
3	8	9	2.489341597334	color=(29,145,192)
3	9	10	2.804724994378	color=(29,145,192)
3	10	11	1.1639218362696	color=(29,145,192)
3	11	12	3.060357924446	color=(29,145,192)
3	12	13	4.897619161326	color=(34,94,168)
3	13	14	4.599158311374	color=(34,94,168)
3	14	15	5.1742134251672	color=(34,94,168)
3	15	16	2.347386788571	color=(29,145,192)
3	16	17	5.6608658388274	color=(37,52,148)
3	17	18	1.4392911320378	color=(29,145,192)
3	18	19	3.03120060662	color=(29,145,192)
3	19	20	2.151983008208	color=(29,145,192)
3	20	21	1.767080346815	color=(29,145,192)
3	21	22	1.654557691572	color=(29,145,192)
3	22	23	3.059497691748	color=(29,145,192)
3	23	24	3.1350531885864	color=(29,145,192)
3	24	25	2.2931186275604	color=(29,145,192)
3	25	26	3.449771090024	color=(34,94,168)
3	26	27	1.488977275582	color=(29,145,192)
3	27	28	2.60473417215	color=(29,145,192)
3	28	29	4.13489204038	color=(34,94,168)
3	29	30	3.2113851657754	color=(29,145,192)
3	30	31	3.4376511303526	color=(34,94,168)
3	31	32	2.4463104615972	color=(29,145,192)
3	32	33	3.348851415374	color=(34,94,168)
3	33	34	1.758844500188	color=(29,145,192)
3	34	35	2.8052445463554	color=(29,145,192)
3	35	36	1.9450933307554	color=(29,145,192)
3	36	37	3.2366979689676	color=(29,145,192)
3	37	38	0.823521448384	color=(65,182,196)
3	38	39	0.425624707712	color=(65,182,196)
3	39	40	2.5699790081088	color=(29,145,192)
3	40	41	2.08778643549356	color=(29,145,192)
3	41	42	2.8598988710346	color=(29,145,192)
3	42	43	0.372794780546	color=(65,182,196)
3	43	44	1.2312715972776	color=(29,145,192)
3	44	45	4.38574782490162	color=(34,94,168)
3	45	46	2.613595987848	color=(29,145,192)
3	46	47	4.4672975370088	color=(34,94,168)
3	47	48	2.4612188705604	color=(29,145,192)
3	48	49	2.551676666696	color=(29,145,192)
3	49	50	1.29564828484652	color=(29,145,192)
3	50	51	3.4274638203822	color=(34,94,168)
3	51	52	3.099527653642	color=(29,145,192)
3	52	53	1.9254842881274	color=(29,145,192)
3	53	54	1.846685206868	color=(29,145,192)
3	54	55	2.7871182537644	color=(29,145,192)
3	55	56	3.3105313500568	color=(29,145,192)
3	56	57	1.908939571072	color=(29,145,192)
3	57	58	3.02448943202142	color=(29,145,192)
3	58	59	1.369390359182	color=(29,145,192)
3	59	60	1.996866826896	color=(29,145,192)
3	60	61	3.715366297838	color=(34,94,168)
3	61	62	2.63843103281332	color=(29,145,192)
3	62	63	2.2709505395668	color=(29,145,192)
3	63	64	2.637449837408	color=(29,145,192)
3	64	65	3.01740762309934	color=(29,145,192)
3	65	66	1.685907111372	color=(29,145,192)
3	66	67	1.812626986892	color=(29,145,192)
3	67	68	1.663858512828	color=(29,145,192)
3	68	69	2.700991173328	color=(29,145,192)
3	69	70	3.9584093337734	color=(34,94,168)
3	70	71	2.88439200174007	color=(29,145,192)
3	71	72	2.5593916778504	color=(29,145,192)
3	72	73	1.444647736906	color=(29,145,192)
3	73	74	3.091568729184	color=(29,145,192)
3	74	75	1.30096431015072	color=(29,145,192)
3	75	76	0.4963145570716	color=(65,182,196)
3	76	77	0.7772781893872	color=(65,182,196)
3	77	78	4.9353777485256	color=(34,94,168)
3	78	79	3.6065520298742	color=(34,94,168)
3	79	80	0.751516672256	color=(65,182,196)
3	80	81	1.583110324558	color=(29,145,192)
3	81	82	2.5413382609758	color=(29,145,192)
3	82	83	2.3841171074964	color=(29,145,192)
3	83	84	3.23180053676	color=(29,145,192)
3	84	85	2.464355174945	color=(29,145,192)
3	85	86	3.89921682544516	color=(34,94,168)
3	86	87	1.3272219237192	color=(29,145,192)
3	87	88	2.767935267878	color=(29,145,192)
3	88	89	6.3945736397922	color=(37,52,148)
3	89	90	3.060298893552	color=(29,145,192)
3	90	91	2.193806940518	color=(29,145,192)
3	91	92	2.62802681348	color=(29,145,192)
3	92	93	4.4719232757248	color=(34,94,168)
3	93	94	2.60353185535856	color=(29,145,192)
3	94	95	3.770411592182	color=(34,94,168)
3	95	96	3.1924127098504	color=(29,145,192)
3	96	97	1.086396856458	color=(65,182,196)
3	97	98	2.4337770076374	color=(29,145,192)
3	98	99	4.1940750997464	color=(34,94,168)
3	99	100	1.0810944416636	color=(65,182,196)
3	100	101	3.1288316374036	color=(29,145,192)
3	101	102	3.9593612058842	color=(34,94,168)
3	102	103	2.01176729324	color=(29,145,192)
3	103	104	2.384429137106	color=(29,145,192)
3	104	105	5.234793161795	color=(34,94,168)
3	105	106	3.8226973371806	color=(34,94,168)
3	106	107	1.201442125212	color=(29,145,192)
3	107	108	3.17811964466	color=(29,145,192)
3	108	109	2.8068009297158	color=(29,145,192)
3	109	110	2.7760208334274	color=(29,145,192)
3	110	111	2.172451984786	color=(29,145,192)
3	111	112	4.0846626587574	color=(34,94,168)
3	112	113	3.808580698494	color=(34,94,168)
3	113	114	3.1340407261592	color=(29,145,192)
3	114	115	4.894425014176	color=(34,94,168)
3	115	116	4.2418568011348	color=(34,94,168)
3	116	117	3.9598332937906	color=(34,94,168)
3	117	118	3.162328817026	color=(29,145,192)
3	118	119	1.6335446673534	color=(29,145,192)
3	119	120	2.8633383187176	color=(29,145,192)
3	120	121	2.899542660282	color=(29,145,192)
3	121	122	3.54594000658	color=(34,94,168)
3	122	123	2.72039614902	color=(29,145,192)
3	123	124	1.26135675192	color=(29,145,192)
3	124	125	4.0624358606138	color=(34,94,168)
3	125	126	3.3070700921972	color=(29,145,192)
3	126	127	3.60564525695784	color=(34,94,168)
3	127	128	2.274515093828	color=(29,145,192)
3	128	129	2.010771248318	color=(29,145,192)
3	129	130	2.0370517029714	color=(29,145,192)
3	130	131	2.2190812749156	color=(29,145,192)
3	131	132	1.929889856484	color=(29,145,192)
3	132	133	2.9354993468436	color=(29,145,192)
3	133	134	3.2388553476646	color=(29,145,192)
3	134	135	1.7773568075316	color=(29,145,192)
3	135	136	3.1999278952572	color=(29,145,192)
3	136	137	2.391306785505	color=(29,145,192)
3	137	138	1.4628790563258	color=(29,145,192)
3	138	139	2.7990138090408	color=(29,145,192)
3	139	140	2.829001189548	color=(29,145,192)
3	140	141	1.5191520459298	color=(29,145,192)
3	141	142	2.5343449496954	color=(29,145,192)
3	142	143	1.044730279968	color=(65,182,196)
3	143	144	3.63808273684	color=(34,94,168)
3	144	145	2.0876460054294	color=(29,145,192)
3	145	146	2.6698727556212	color=(29,145,192)
3	146	147	3.2156970030126	color=(29,145,192)
3	147	148	2.5015599003202	color=(29,145,192)
3	148	149	2.436959179134	color=(29,145,192)
3	149	150	3.7590523057778	color=(34,94,168)
3	150	151	1.3178331013102	color=(29,145,192)
3	151	152	1.4987782164286	color=(29,145,192)
3	152	153	2.262908606186	color=(29,145,192)
3	153	154	2.350284106464	color=(29,145,192)
3	154	155	2.008343369928	color=(29,145,192)
3	155	156	2.871026926664	color=(29,145,192)
3	156	157	1.771873104372	color=(29,145,192)
3	157	158	2.3864558903864	color=(29,145,192)
3	158	159	1.6972071314846	color=(29,145,192)
3	159	160	0.30993869639	color=(65,182,196)
3	160	161	3.9837443892348	color=(34,94,168)
3	161	162	1.311337317028	color=(29,145,192)
3	162	163	2.62203348385062	color=(29,145,192)
3	163	164	3.071019144144	color=(29,145,192)
3	164	165	4.333437285264	color=(34,94,168)
3	165	166	2.8558999264308	color=(29,145,192)
3	166	167	2.649326526228	color=(29,145,192)
3	167	168	3.347356061494	color=(34,94,168)
3	168	169	2.7051544923	color=(29,145,192)
3	169	170	1.93265968313	color=(29,145,192)
3	170	171	2.945875566378	color=(29,145,192)
3	171	172	1.9706932129714	color=(29,145,192)
3	172	173	2.7553229700822	color=(29,145,192)
3	173	174	3.1241261933006	color=(29,145,192)
3	174	175	3.72473489046748	color=(34,94,168)
3	175	176	2.3685471523318	color=(29,145,192)
3	176	177	3.2459261963258	color=(29,145,192)
3	177	178	2.2142320414092	color=(29,145,192)
3	178	179	3.1810281880774	color=(29,145,192)
3	179	180	2.745394062042	color=(29,145,192)
3	180	181	1.30698856985	color=(29,145,192)
3	181	182	6.041165441184	color=(37,52,148)
3	182	183	2.689860468462	color=(29,145,192)
3	183	184	2.5896497096144	color=(29,145,192)
3	184	185	2.0334760219872	color=(29,145,192)
3	185	186	5.86003279103062	color=(37,52,148)
3	186	187	2.1499779880324	color=(29,145,192)
3	187	188	2.7995684894498	color=(29,145,192)
3	188	189	3.984172475488	color=(34,94,168)
3	189	190	3.973810696178	color=(34,94,168)
3	190	191	3.249866103625	color=(29,145,192)
3	191	192	2.100490960886	color=(29,145,192)
3	192	193	1.9865007510962	color=(29,145,192)
3	193	194	3.8144871677906	color=(34,94,168)
3	194	195	2.386379054104	color=(29,145,192)
3	195	196	2.7429624533506	color=(29,145,192)
3	196	197	3.89163296378414	color=(34,94,168)
3	197	198	1.6741616254094	color=(29,145,192)
3	198	199	3.335963892412	color=(34,94,168)
3	199	200	3.25940000215	color=(29,145,192)
3	200	201	3.4511097689802	color=(34,94,168)
3	201	202	3.3902245624308	color=(34,94,168)
3	202	203	3.439203046788	color=(34,94,168)
3	203	204	2.21256228326858	color=(29,145,192)
3	204	205	2.427720969128	color=(29,145,192)
3	205	206	2.6612269373844	color=(29,145,192)
3	206	207	3.562032167266	color=(34,94,168)
3	207	208	3.215403900304	color=(29,145,192)
3	208	209	4.6901473020152	color=(34,94,168)
3	209	210	2.1016002456438	color=(29,145,192)
3	210	211	0.781197765002	color=(65,182,196)
3	211	212	2.368012326676	color=(29,145,192)
3	212	213	2.31536550726	color=(29,145,192)
3	213	214	2.6593501110586	color=(29,145,192)
3	214	215	2.09400706879	color=(29,145,192)
3	215	216	4.002876242518	color=(34,94,168)
3	216	217	3.0438603569608	color=(29,145,192)
3	217	218	4.0543380820344	color=(34,94,168)
3	218	219	3.286718740824	color=(29,145,192)
3	219	220	1.859233347562	color=(29,145,192)
3	220	221	3.40044102067	color=(34,94,168)
3	221	222	3.1387967756744	color=(29,145,192)
3	222	223	4.8585118804496	color=(34,94,168)
3	223	224	2.850740708078	color=(29,145,192)
3	224	225	4.563956623752	color=(34,94,168)
3	225	226	3.638021320452	color=(34,94,168)
3	226	227	4.0309431817912	color=(34,94,168)
4	0	1	-1.19486332019	color=(127,205,187)
4	1	2	-2.291463852694	color=(127,205,187)
4	2	3	0.2164477604958	color=(65,182,196)
4	3	4	-1.155290150306	color=(127,205,187)
4	4	5	-2.05128630651	color=(127,205,187)
4	5	6	-0.734105536833	color=(65,182,196)
4	6	7	-0.460363866142	color=(65,182,196)
4	7	8	-0.54402126571544	color=(65,182,196)
4	8	9	-0.3886017010878	color=(65,182,196)
4	9	10	-1.13323361892	color=(127,205,187)
4	10	11	-0.97571202594	color=(65,182,196)
4	11	12	-0.324210898276	color=(65,182,196)
4	12	13	-1.12440079848	color=(127,205,187)
4	13	14	-0.5667884164246	color=(65,182,196)
4	14	15	-0.329008817136001	color=(65,182,196)
4	15	16	0.176286337846	color=(65,182,196)
4	16	17	-0.659939556132	color=(65,182,196)
4	17	18	0.8442420045	color=(65,182,196)
4	18	19	-0.0591422671859991	color=(65,182,196)
4	19	20	-0.664324886126	color=(65,182,196)
4	20	21	-0.23478772034	color=(65,182,196)
4	21	22	-1.11635708957	color=(65,182,196)
4	22	23	-1.294157727736	color=(127,205,187)
4	23	24	-0.0688306098526	color=(65,182,196)
4	24	25	0.481656065999999	color=(65,182,196)
4	25	26	-0.6973511575898	color=(65,182,196)
4	26	27	-1.107903195194	color=(65,182,196)
4	27	28	-0.907439425948	color=(65,182,196)
4	28	29	-1.493938306515	color=(127,205,187)
4	29	30	0.198545006535999	color=(65,182,196)
4	30	31	0.5209156941074	color=(65,182,196)
4	31	32	-1.102291519744	color=(65,182,196)
4	32	33	1.631860110724	color=(29,145,192)
4	33	34	0.66524429871	color=(65,182,196)
4	34	35	-1.89437141288	color=(127,205,187)
4	35	36	-1.1766513685692	color=(127,205,187)
4	36	37	-1.4184227362636	color=(127,205,187)
4	37	38	1.532458386198	color=(29,145,192)
4	38	39	-3.09204771649	color=(127,205,187)
4	39	40	-1.429012574568	color=(127,205,187)
4	40	41	-0.0298343591819998	color=(65,182,196)
4	41	42	-1.35985101705	color=(127,205,187)
4	42	43	0.2624536796518	color=(65,182,196)
4	43	44	0.159781735903	color=(65,182,196)
4	44	45	0.79361790487	color=(65,182,196)
4	45	46	-0.282612089318	color=(65,182,196)
4	46	47	0.5085260305446	color=(65,182,196)
4	47	48	1.110382839664	color=(29,145,192)
4	48	49	-0.834101726214	color=(65,182,196)
4	49	50	-1.093080503478	color=(65,182,196)
4	50	51	-0.5926888265	color=(65,182,196)
4	51	52	-1.38963683241	color=(127,205,187)
4	52	53	-0.1162445712672	color=(65,182,196)
4	53	54	1.257282757868	color=(29,145,192)
4	54	55	-1.80904280333	color=(127,205,187)
4	55	56	-2.40166741389	color=(127,205,187)
4	56	57	-0.7043642134982	color=(65,182,196)
4	57	58	-0.6419443566038	color=(65,182,196)
4	58	59	-0.0361697565019998	color=(65,182,196)
4	59	60	-0.565067205608	color=(65,182,196)
4	60	61	-0.0744777874461999	color=(65,182,196)
4	61	62	-1.294396232898	color=(127,205,187)
4	62	63	-0.246458483366	color=(65,182,196)
4	63	64	0.959737103742	color=(65,182,196)
4	64	65	1.800383119416	color=(29,145,192)
4	65	66	-0.894272076142	color=(65,182,196)
4	66	67	-1.263430487896	color=(127,205,187)
4	67	68	0.11040803091666	color=(65,182,196)
4	68	69	-1.77018486344	color=(127,205,187)
4	69	70	-2.687400843136	color=(127,205,187)
4	70	71	-2.766714670044	color=(127,205,187)
4	71	72	-0.616048597102	color=(65,182,196)
4	72	73	-0.545792489218	color=(65,182,196)
4	73	74	-1.668412151776	color=(127,205,187)
4	74	75	-0.9392374436938	color=(65,182,196)
4	75	76	-2.479356077934	color=(127,205,187)
4	76	77	-0.3725978758394	color=(65,182,196)
4	77	78	-1.82015814284952	color=(127,205,187)
4	78	79	-2.5989297385	color=(127,205,187)
4	79	80	-1.06746014362496	color=(65,182,196)
4	80	81	-0.438839921824	color=(65,182,196)
4	81	82	-1.616309323778	color=(127,205,187)
4	82	83	-0.645980530539	color=(65,182,196)
4	83	84	0.000661779331999846	color=(65,182,196)
4	84	85	-0.840130102798	color=(65,182,196)
4	85	86	-1.679778093398	color=(127,205,187)
4	86	87	-0.937357148042	color=(65,182,196)
4	87	88	-0.2597618617472	color=(65,182,196)
4	88	89	0.539473689077999	color=(65,182,196)
4	89	90	-1.289781634294	color=(127,205,187)
4	90	91	1.0675144427344	color=(65,182,196)
4	91	92	0.970119417387999	color=(65,182,196)
4	92	93	-0.13889916352378	color=(65,182,196)
4	93	94	-0.234401450868001	color=(65,182,196)
4	94	95	0.2493496118856	color=(65,182,196)
4	95	96	-1.719161986862	color=(127,205,187)
4	96	97	-0.273228239962	color=(65,182,196)
4	97	98	-0.23277929378	color=(65,182,196)
4	98	99	-1.2286738700096	color=(127,205,187)
4	99	100	0.373038477394	color=(65,182,196)
4	100	101	-1.326344589564	color=(127,205,187)
4	101	102	0.0989438641400007	color=(65,182,196)
4	102	103	-0.820304268306	color=(65,182,196)
4	103	104	-0.7917709808146	color=(65,182,196)
4	104	105	-1.235796140872	color=(127,205,187)
4	105	106	0.3229800788968	color=(65,182,196)
4	106	107	-0.511359395722	color=(65,182,196)
4	107	108	0.703445357822	color=(65,182,196)
4	108	109	-0.1945391138574	color=(65,182,196)
4	109	110	-2.148186445392	color=(127,205,187)
4	110	111	-1.262402203404	color=(127,205,187)
4	111	112	-1.22141705852704	color=(127,205,187)
4	112	113	0.668410533906	color=(65,182,196)
4	113	114	-0.963931149824001	color=(65,182,196)
4	114	115	0.755171736917999	color=(65,182,196)
4	115	116	-0.343106997534	color=(65,182,196)
4	116	117	0.639471395421	color=(65,182,196)
4	117	118	-1.72697459369	color=(127,205,187)
4	118	119	-0.908538550512	color=(65,182,196)
4	119	120	-0.8268006673496	color=(65,182,196)
4	120	121	-1.22208813466131	color=(127,205,187)
4	121	122	-0.179354017426	color=(65,182,196)
4	122	123	-1.237641165192	color=(127,205,187)
4	123	124	-0.736299179137	color=(65,182,196)
4	124	125	-0.60981611224824	color=(65,182,196)
4	125	126	-1.10594986716	color=(65,182,196)
4	126	127	1.106859418628	color=(29,145,192)
4	127	128	-0.95554173202	color=(65,182,196)
4	128	129	-0.936660359688	color=(65,182,196)
4	129	130	-0.74592928526396	color=(65,182,196)
4	130	131	-1.4112171492746	color=(127,205,187)
4	131	132	-2.101451445712	color=(127,205,187)
4	132	133	-1.559062869588	color=(127,205,187)
4	133	134	-0.15525481109186	color=(65,182,196)
4	134	135	2.14395397718	color=(29,145,192)
4	135	136	-0.419714845881999	color=(65,182,196)
4	136	137	-0.95459035282562	color=(65,182,196)
4	137	138	-0.29321617994482	color=(65,182,196)
4	138	139	0.3853125304544	color=(65,182,196)
4	139	140	-2.363924508348	color=(127,205,187)
4	140	141	0.486493491696	color=(65,182,196)
4	141	142	-1.485942773624	color=(127,205,187)
4	142	143	-1.056244832696	color=(65,182,196)
4	143	144	-0.478404592776	color=(65,182,196)
4	144	145	-0.48980652879722	color=(65,182,196)
4	145	146	0.300276026286	color=(65,182,196)
4	146	147	-0.749539140988	color=(65,182,196)
4	147	148	0.0396214643913999	color=(65,182,196)
4	148	149	-1.14575143078	color=(127,205,187)
4	149	150	0.4432772838242	color=(65,182,196)
4	150	151	-1.1316318255516	color=(127,205,187)
4	151	152	0.7693612766528	color=(65,182,196)
4	152	153	-0.24744628015	color=(65,182,196)
4	153	154	0.14506543113134	color=(65,182,196)
4	154	155	-0.203725775904001	color=(65,182,196)
4	155	156	-0.495494385522	color=(65,182,196)
4	156	157	-1.37830777275196	color=(127,205,187)
4	157	158	-0.918241539327	color=(65,182,196)
4	158	159	-0.356789954212	color=(65,182,196)
4	159	160	-0.0620810505224	color=(65,182,196)
4	160	161	-0.7422483353954	color=(65,182,196)
4	161	162	-0.388449464604001	color=(65,182,196)
4	162	163	-0.358074619094	color=(65,182,196)
4	163	164	-0.053508357104	color=(65,182,196)
4	164	165	-0.77746933875136	color=(65,182,196)
4	165	166	-0.34774138419	color=(65,182,196)
4	166	167	-0.509665458559	color=(65,182,196)
4	167	168	-0.92273875164552	color=(65,182,196)
4	168	169	-1.341285644794	color=(127,205,187)
4	169	170	-1.68482410279	color=(127,205,187)
4	170	171	-0.8454695896034	color=(65,182,196)
4	171	172	-1.054537280424	color=(65,182,196)
4	172	173	-0.8133966231204	color=(65,182,196)
4	173	174	-0.849976987904	color=(65,182,196)
4	174	175	-1.1468584666176	color=(127,205,187)
4	175	176	-0.4042630538436	color=(65,182,196)
4	176	177	-0.4749033839202	color=(65,182,196)
4	177	178	-1.62806540134	color=(127,205,187)
4	178	179	-2.697229463206	color=(127,205,187)
4	179	180	1.72027245299834	color=(29,145,192)
4	180	181	-0.699257752827	color=(65,182,196)
4	181	182	-1.5755154197856	color=(127,205,187)
4	182	183	-0.13562557791444	color=(65,182,196)
4	183	184	-0.1566567979014	color=(65,182,196)
4	184	185	0.4410145595102	color=(65,182,196)
4	185	186	-3.031193102444	color=(127,205,187)
4	186	187	-0.379310999485	color=(65,182,196)
4	187	188	-1.705174039708	color=(127,205,187)
4	188	189	-0.1282692487298	color=(65,182,196)
4	189	190	0.22196771575	color=(65,182,196)
4	190	191	-2.3791264470698	color=(127,205,187)
4	191	192	-1.0029304024576	color=(65,182,196)
4	192	193	-1.041056589858	color=(65,182,196)
4	193	194	-0.33200889984	color=(65,182,196)
4	194	195	-1.5131997801372	color=(127,205,187)
4	195	196	-1.300533218052	color=(127,205,187)
4	196	197	-3.1147733359476	color=(127,205,187)
4	197	198	-1.001540754412	color=(65,182,196)
4	198	199	0.570252888474	color=(65,182,196)
4	199	200	0.139205013812	color=(65,182,196)
4	200	201	0.677390941438	color=(65,182,196)
4	201	202	-1.786905703596	color=(127,205,187)
4	202	203	-1.376251548722	color=(127,205,187)
4	203	204	-0.8045483896352	color=(65,182,196)
4	204	205	-2.322508598686	color=(127,205,187)
4	205	206	-0.0517849183920003	color=(65,182,196)
4	206	207	-1.3433691777102	color=(127,205,187)
4	207	208	1.90230621573	color=(29,145,192)
4	208	209	-0.279240584424	color=(65,182,196)
4	209	210	-0.8817153699894	color=(65,182,196)
4	210	211	-2.730514959098	color=(127,205,187)
4	211	212	-0.414455648836	color=(65,182,196)
4	212	213	-0.89866467664	color=(65,182,196)
4	213	214	-0.9896190315544	color=(65,182,196)
4	214	215	-1.641367910637	color=(127,205,187)
4	215	216	0.938792005524	color=(65,182,196)
4	216	217	-0.505362142736	color=(65,182,196)
4	217	218	-0.502670130606	color=(65,182,196)
4	218	219	-1.591003926934	color=(127,205,187)
4	219	220	-1.041883567816	color=(65,182,196)
4	220	221	-0.9977088444456	color=(65,182,196)
4	221	222	-0.404126492806	color=(65,182,196)
4	222	223	-2.1375121395142	color=(127,205,187)
4	223	224	0.503722387158	color=(65,182,196)
4	224	225	0.8318998678414	color=(65,182,196)
4	225	226	1.1065851113854	color=(29,145,192)
4	226	227	-1.0588957497595	color=(65,182,196)
4	227	228	-1.287856314884	color=(127,205,187)
4	228	229	-1.454472897576	color=(127,205,187)
4	229	230	-4.45530005543	color=(199,233,180)
4	230	231	-0.493551047178	color=(65,182,196)
4	231	232	-1.895330703566	color=(127,205,187)
4	232	233	-1.45029941063	color=(127,205,187)
4	233	234	0.265880687696	color=(65,182,196)
4	234	235	-0.046395139026	color=(65,182,196)
4	235	236	-0.435244725401	color=(65,182,196)
4	236	237	-1.525295576336	color=(127,205,187)
4	237	238	0.285585106112	color=(65,182,196)
4	238	239	-0.975062041064	color=(65,182,196)
4	239	240	0.1075076139176	color=(65,182,196)
4	240	241	2.763154470122	color=(29,145,192)
4	241	242	-0.464964700036	color=(65,182,196)
4	242	243	0.2985335200942	color=(65,182,196)
4	243	244	0.5741031466974	color=(65,182,196)
4	244	245	-2.37309400011	color=(127,205,187)
4	245	246	-1.326482376188	color=(127,205,187)
4	246	247	-0.18235568024	color=(65,182,196)
4	247	248	-2.082978964068	color=(127,205,187)
4	248	249	-0.6916593572436	color=(65,182,196)
4	249	250	0.33402991893196	color=(65,182,196)
4	250	251	-0.00397389696399975	color=(65,182,196)
4	251	252	-1.509331012728	color=(127,205,187)
4	252	253	0.677632521146	color=(65,182,196)
4	253	254	1.009398130474	color=(65,182,196)
4	254	255	0.658745889216	color=(65,182,196)
4	255	256	-2.2850508795484	color=(127,205,187)
4	256	257	0.165690964666	color=(65,182,196)
4	257	258	-1.845088436244	color=(127,205,187)
4	258	259	-0.0946340270694	color=(65,182,196)
4	259	260	-0.237849760224	color=(65,182,196)
4	260	261	-1.282146628466	color=(127,205,187)
4	261	262	-0.8427669483018	color=(65,182,196)
4	262	263	-0.2904988335616	color=(65,182,196)
4	263	264	0.0246358115360001	color=(65,182,196)
4	264	265	-0.298949389418506	color=(65,182,196)
4	265	266	-1.6348453152278	color=(127,205,187)
4	266	267	-0.48037539408416	color=(65,182,196)
4	267	268	0.064901005876	color=(65,182,196)
4	268	269	0.628017362102001	color=(65,182,196)
4	269	270	0.540535661864	color=(65,182,196)
4	270	271	-3.40986928748	color=(199,233,180)
4	271	272	-1.041978593582	color=(65,182,196)
4	272	273	-0.33851319199885	color=(65,182,196)
4	273	274	0.0613832241784	color=(65,182,196)
4	274	275	-3.05447179018	color=(127,205,187)
4	275	276	-0.8315896056988	color=(65,182,196)
4	276	277	-0.546522314138	color=(65,182,196)
4	277	278	-1.25045956310643	color=(127,205,187)
5	0	1	2.53968204616	color=(29,145,192)
5	1	2	0.75571206555346	color=(65,182,196)
5	2	3	3.1697205807804	color=(29,145,192)
5	3	4	1.6482557600728	color=(29,145,192)
5	4	5	1.6266854084916	color=(29,145,192)
5	5	6	0.72158493195796	color=(65,182,196)
5	6	7	2.73031223212	color=(29,145,192)
5	7	8	3.596415777772	color=(34,94,168)
5	8	9	2.8358119033492	color=(29,145,192)
5	9	10	2.432627205542	color=(29,145,192)
5	10	11	2.48080196663222	color=(29,145,192)
5	11	12	2.2842918686628	color=(29,145,192)
5	12	13	2.167547172726	color=(29,145,192)
5	13	14	0.87519930030214	color=(65,182,196)
5	14	15	2.185811712466	color=(29,145,192)
5	15	16	1.525767076212	color=(29,145,192)
5	16	17	1.00745456198	color=(65,182,196)
5	17	18	0.97000106414268	color=(65,182,196)
5	18	19	2.2477703660434	color=(29,145,192)
5	19	20	3.120831078984	color=(29,145,192)
5	20	21	2.89301990069	color=(29,145,192)
5	21	22	2.172051746122	color=(29,145,192)
5	22	23	2.36528451433	color=(29,145,192)
5	23	24	2.56930289357	color=(29,145,192)
5	24	25	1.3994765183544	color=(29,145,192)
5	25	26	2.0217080039432	color=(29,145,192)
5	26	27	0.65851716497524	color=(65,182,196)
5	27	28	2.8837234316	color=(29,145,192)
5	28	29	1.438315845508	color=(29,145,192)
5	29	30	1.045034145698	color=(65,182,196)
5	30	31	2.104407776412	color=(29,145,192)
5	31	32	1.55528891957828	color=(29,145,192)
5	32	33	2.2888659751498	color=(29,145,192)
5	33	34	1.9532767587402	color=(29,145,192)
5	34	35	4.092211388134	color=(34,94,168)
5	35	36	2.5003350917	color=(29,145,192)
5	36	37	1.7845984365312	color=(29,145,192)
5	37	38	1.275034611074	color=(29,145,192)
5	38	39	3.261418087346	color=(29,145,192)
5	39	40	2.397776192552	color=(29,145,192)
5	40	41	1.85148491202532	color=(29,145,192)
5	41	42	1.287147521354	color=(29,145,192)
5	42	43	1.26722241886494	color=(29,145,192)
5	43	44	2.197381173446	color=(29,145,192)
5	44	45	1.0627037618354	color=(65,182,196)
5	45	46	1.990288778978	color=(29,145,192)
5	46	47	1.4755889199	color=(29,145,192)
5	47	48	1.3135251255	color=(29,145,192)
5	48	49	1.3520147961864	color=(29,145,192)
5	49	50	2.6181307905866	color=(29,145,192)
5	50	51	1.411518876142	color=(29,145,192)
5	51	52	1.79122622002	color=(29,145,192)
5	52	53	3.6322549141358	color=(34,94,168)
5	53	54	0.897199542244	color=(65,182,196)
5	54	55	1.67420605222	color=(29,145,192)
5	55	56	1.721488766672	color=(29,145,192)
5	56	57	2.64050912359466	color=(29,145,192)
5	57	58	2.18694384954	color=(29,145,192)
5	58	59	1.8620511113652	color=(29,145,192)
5	59	60	3.778491098588	color=(34,94,168)
5	60	61	1.387238271536	color=(29,145,192)
5	61	62	2.4345419803124	color=(29,145,192)
5	62	63	2.0844284516144	color=(29,145,192)
5	63	64	3.82991825061	color=(34,94,168)
5	64	65	3.774605142214	color=(34,94,168)
5	65	66	2.9422717533054	color=(29,145,192)
5	66	67	3.53994667659924	color=(34,94,168)
5	67	68	1.82892544669528	color=(29,145,192)
5	68	69	2.494784493571	color=(29,145,192)
5	69	70	2.279161490828	color=(29,145,192)
5	70	71	3.017356933956	color=(29,145,192)
5	71	72	1.082894010582	color=(65,182,196)
5	72	73	1.222679432575	color=(29,145,192)
5	73	74	0.94990934633084	color=(65,182,196)
5	74	75	1.934978477944	color=(29,145,192)
5	75	76	2.28382763159	color=(29,145,192)
5	76	77	1.648681691436	color=(29,145,192)
5	77	78	1.4623001740018	color=(29,145,192)
5	78	79	2.94361254291132	color=(29,145,192)
5	79	80	2.000859189329	color=(29,145,192)
5	80	81	2.154591461136	color=(29,145,192)
5	81	82	3.6551232757136	color=(34,94,168)
5	82	83	1.5340547618252	color=(29,145,192)
5	83	84	1.29171136827163	color=(29,145,192)
5	84	85	3.091373867817	color=(29,145,192)
5	85	86	4.1619518513784	color=(34,94,168)
5	86	87	2.564303949622	color=(29,145,192)
5	87	88	2.2844362663742	color=(29,145,192)
5	88	89	1.257023411898	color=(29,145,192)
5	89	90	0.6143267210052	color=(65,182,196)
5	90	91	1.778806854301	color=(29,145,192)
5	91	92	1.44330884667	color=(29,145,192)
5	92	93	0.77545513782	color=(65,182,196)
5	93	94	1.800995353398	color=(29,145,192)
5	94	95	2.2356485828442	color=(29,145,192)
5	95	96	2.61278920106	color=(29,145,192)
5	96	97	1.41459801483192	color=(29,145,192)
5	97	98	0.945101308942	color=(65,182,196)
5	98	99	1.8493303891834	color=(29,145,192)
5	99	100	2.1948244150076	color=(29,145,192)
5	100	101	3.676133213716	color=(34,94,168)
5	101	102	1.0347749887956	color=(65,182,196)
5	102	103	3.2004507763326	color=(29,145,192)
5	103	104	1.4461153900586	color=(29,145,192)
5	104	105	2.72706939863	color=(29,145,192)
5	105	106	1.496218932286	color=(29,145,192)
5	106	107	1.49530388137	color=(29,145,192)
5	107	108	3.0407518014132	color=(29,145,192)
5	108	109	3.563482887274	color=(34,94,168)
5	109	110	2.9747448114732	color=(29,145,192)
5	110	111	1.53961965136	color=(29,145,192)
5	111	112	1.4374867206534	color=(29,145,192)
5	112	113	2.291155033942	color=(29,145,192)
5	113	114	2.6574014478644	color=(29,145,192)
5	114	115	3.86563976758452	color=(34,94,168)
5	115	116	3.414634295418	color=(34,94,168)
5	116	117	0.638083721938	color=(65,182,196)
5	117	118	1.265840693462	color=(29,145,192)
5	118	119	0.895382222596	color=(65,182,196)
5	119	120	2.06126442573126	color=(29,145,192)
5	120	121	2.9223661219296	color=(29,145,192)
5	121	122	2.684333691508	color=(29,145,192)
5	122	123	3.709055037512	color=(34,94,168)
5	123	124	2.29194169929	color=(29,145,192)
5	124	125	1.3002008078972	color=(29,145,192)
5	125	126	0.32067189354	color=(65,182,196)
5	126	127	1.850560820986	color=(29,145,192)
5	127	128	1.396521480228	color=(29,145,192)
5	128	129	3.7438533832084	color=(34,94,168)
5	129	130	1.2649059747346	color=(29,145,192)
5	130	131	1.353592002756	color=(29,145,192)
5	131	132	1.2825540402902	color=(29,145,192)
5	132	133	2.8808122364709	color=(29,145,192)
5	133	134	1.851587825788	color=(29,145,192)
5	134	135	2.596579678658	color=(29,145,192)
5	135	136	0.804012438714	color=(65,182,196)
5	136	137	1.3700094840958	color=(29,145,192)
5	137	138	1.885340168458	color=(29,145,192)
5	138	139	1.3623925925866	color=(29,145,192)
5	139	140	3.3074458218404	color=(29,145,192)
5	140	141	0.9561889291056	color=(65,182,196)
5	141	142	3.261287054838	color=(29,145,192)
5	142	143	2.024800124728	color=(29,145,192)
5	143	144	1.0650308336112	color=(65,182,196)
5	144	145	1.819343749204	color=(29,145,192)
5	145	146	3.4371181271194	color=(34,94,168)
5	146	147	2.61917812517818	color=(29,145,192)
5	147	148	2.211254137598	color=(29,145,192)
5	148	149	2.2638862081885	color=(29,145,192)
5	149	150	3.305016083036	color=(29,145,192)
5	150	151	1.08770869979	color=(65,182,196)
5	151	152	2.5916458638504	color=(29,145,192)
5	152	153	1.730103829641	color=(29,145,192)
5	153	154	3.9706454884014	color=(34,94,168)
5	154	155	1.529197780052	color=(29,145,192)
5	155	156	2.086629339917	color=(29,145,192)
5	156	157	3.961267533044	color=(34,94,168)
5	157	158	2.1669840417914	color=(29,145,192)
5	158	159	1.805160902932	color=(29,145,192)
5	159	160	2.197005063992	color=(29,145,192)
5	160	161	1.4825715209284	color=(29,145,192)
5	161	162	1.369410775126	color=(29,145,192)
5	162	163	1.220930979604	color=(29,145,192)
5	163	164	4.3889473851662	color=(34,94,168)
5	164	165	2.951761710964	color=(29,145,192)
5	165	166	1.5699254383806	color=(29,145,192)
5	166	167	1.57412641072472	color=(29,145,192)
5	167	168	1.693907166232	color=(29,145,192)
5	168	169	3.3053258226834	color=(29,145,192)
5	169	170	0.5137904780026	color=(65,182,196)
5	170	171	1.83848641041	color=(29,145,192)
5	171	172	1.450741790722	color=(29,145,192)
5	172	173	2.173049075318	color=(29,145,192)
5	173	174	2.414117885018	color=(29,145,192)
5	174	175	3.024735814238	color=(29,145,192)
5	175	176	2.40090121665596	color=(29,145,192)
5	176	177	2.7308174223208	color=(29,145,192)
5	177	178	1.80932386070844	color=(29,145,192)
5	178	179	1.79810175147614	color=(29,145,192)
5	179	180	3.032846684079	color=(29,145,192)
5	180	181	2.599906480672	color=(29,145,192)
5	181	182	1.174735527964	color=(29,145,192)
5	182	183	0.60199466762	color=(65,182,196)
5	183	184	1.7280991488932	color=(29,145,192)
5	184	185	3.568644036772	color=(34,94,168)
5	185	186	2.5744642720626	color=(29,145,192)
5	186	187	2.214287338374	color=(29,145,192)
5	187	188	2.5866411360882	color=(29,145,192)
5	188	189	1.718116270506	color=(29,145,192)
5	189	190	2.7646470961036	color=(29,145,192)
5	190	191	2.47937108148236	color=(29,145,192)
5	191	192	2.36659056450855	color=(29,145,192)
5	192	193	2.0132998440438	color=(29,145,192)
5	193	194	2.86375386185	color=(29,145,192)
5	194	195	1.4940451005	color=(29,145,192)
5	195	196	1.9037204423804	color=(29,145,192)
5	196	197	1.753089787682	color=(29,145,192)
5	197	198	2.836813123202	color=(29,145,192)
5	198	199	2.958424489844	color=(29,145,192)
5	199	200	2.272448473454	color=(29,145,192)
5	200	201	3.293656136988	color=(29,145,192)
5	201	202	2.02042661033454	color=(29,145,192)
5	202	203	1.734272591898	color=(29,145,192)
5	203	204	1.794212450892	color=(29,145,192)
5	204	205	1.969383748292	color=(29,145,192)
5	205	206	0.9767342231234	color=(65,182,196)
5	206	207	2.065682031418	color=(29,145,192)
5	207	208	1.5950866919648	color=(29,145,192)
5	208	209	1.893591077682	color=(29,145,192)
5	209	210	1.4208660426414	color=(29,145,192)
5	210	211	2.67353754540389	color=(29,145,192)
5	211	212	1.5748510208076	color=(29,145,192)
5	212	213	3.503987996316	color=(34,94,168)
5	213	214	0.577865363552	color=(65,182,196)
5	214	215	2.773053888218	color=(29,145,192)
5	215	216	2.643376392186	color=(29,145,192)
5	216	217	3.209729229218	color=(29,145,192)
5	217	218	3.7972065466268	color=(34,94,168)
5	218	219	2.2495163480392	color=(29,145,192)
5	219	220	0.88487509739	color=(65,182,196)
5	220	221	0.966421615394	color=(65,182,196)
5	221	222	0.86036820093452	color=(65,182,196)
5	222	223	2.174724995574	color=(29,145,192)
5	223	224	3.3160685649304	color=(29,145,192)
5	224	225	3.7793409530138	color=(34,94,168)
5	225	226	1.0605670351964	color=(65,182,196)
5	226	227	2.077564436806	color=(29,145,192)
5	227	228	2.5920689469212	color=(29,145,192)
5	228	229	1.190524684788	color=(29,145,192)
5	229	230	3.6983770539012	color=(34,94,168)
5	230	231	1.7448792930768	color=(29,145,192)
5	231	232	0.967397438736	color=(65,182,196)
5	232	233	0.691527129385999	color=(65,182,196)
5	233	234	4.1467099739	color=(34,94,168)
5	234	235	2.6383190171204	color=(29,145,192)
5	235	236	0.719395620216	color=(65,182,196)
5	236	237	4.063257807364	color=(34,94,168)
5	237	238	3.880081740458	color=(34,94,168)
5	238	239	1.9576207348608	color=(29,145,192)
5	239	240	0.392337808297	color=(65,182,196)
5	240	241	2.77505788960382	color=(29,145,192)
5	241	242	0.644328387708048	color=(65,182,196)
5	242	243	1.890729932484	color=(29,145,192)
5	243	244	1.8783763997602	color=(29,145,192)
5	244	245	0.3647562829732	color=(65,182,196)
5	245	246	3.045650026452	color=(29,145,192)
5	246	247	2.647040588446	color=(29,145,192)
5	247	248	2.72417288068562	color=(29,145,192)
5	248	249	3.429059080434	color=(34,94,168)
5	249	250	2.5746931871068	color=(29,145,192)
5	250	251	2.693588774746	color=(29,145,192)
5	251	252	2.9958358123988	color=(29,145,192)
5	252	253	2.6067124289504	color=(29,145,192)
5	253	254	0.9380889232106	color=(65,182,196)
5	254	255	3.36854369723558	color=(34,94,168)
5	255	256	0.9994123615646	color=(65,182,196)
5	256	257	2.022344150602	color=(29,145,192)
5	257	258	0.783796462104	color=(65,182,196)
5	258	259	1.35119899813	color=(29,145,192)
5	259	260	1.848421857446	color=(29,145,192)
5	260	261	2.461118023904	color=(29,145,192)
5	261	262	1.2886382359032	color=(29,145,192)
5	262	263	2.325589471986	color=(29,145,192)
5	263	264	2.560885455116	color=(29,145,192)
5	264	265	1.009309177212	color=(65,182,196)
5	265	266	2.462680759996	color=(29,145,192)
5	266	267	0.88722389142	color=(65,182,196)
5	267	268	1.5399773052348	color=(29,145,192)
5	268	269	1.70218850013476	color=(29,145,192)
5	269	270	1.47550487707	color=(29,145,192)
5	270	271	3.515237261336	color=(34,94,168)
5	271	272	1.56353945333	color=(29,145,192)
5	272	273	1.329693181892	color=(29,145,192)
5	273	274	3.266382907572	color=(29,145,192)
5	274	275	1.34345936397	color=(29,145,192)
5	275	276	2.911542687056	color=(29,145,192)
5	276	277	1.296546304744	color=(29,145,192)
5	277	278	0.2464769143962	color=(65,182,196)
5	278	279	1.380582660922	color=(29,145,192)
5	279	280	3.9970449746442	color=(34,94,168)
5	280	281	1.62992738137146	color=(29,145,192)
5	281	282	3.540256488408	color=(34,94,168)
5	282	283	3.2869104699388	color=(29,145,192)
5	283	284	1.7729062752296	color=(29,145,192)
5	284	285	2.7471642805984	color=(29,145,192)
5	285	286	2.3018774608378	color=(29,145,192)
5	286	287	1.614095628654	color=(29,145,192)
5	287	288	2.0881757335996	color=(29,145,192)
5	288	289	3.2445953638914	color=(29,145,192)
5	289	290	2.5535038058716	color=(29,145,192)
5	290	291	3.03800577080238	color=(29,145,192)
6	0	1	-1.1190057699856	color=(65,182,196)
6	1	2	-0.7179080755952	color=(65,182,196)
6	2	3	0.00416382831340023	color=(65,182,196)
6	3	4	-0.809370705504399	color=(65,182,196)
6	4	5	-1.112218959928	color=(65,182,196)
6	5	6	-1.357101803472	color=(127,205,187)
6	6	7	0.021496351982	color=(65,182,196)
6	7	8	0.0421284941280007	color=(65,182,196)
6	8	9	-2.6295971611328	color=(127,205,187)
6	9	10	-2.6677872373964	color=(127,205,187)
6	10	11	-0.71476485719	color=(65,182,196)
6	11	12	-0.1979921864934	color=(65,182,196)
6	12	13	-1.964154241102	color=(127,205,187)
6	13	14	-0.158614054687	color=(65,182,196)
6	14	15	-0.0157349966566001	color=(65,182,196)
6	15	16	-0.5652098411536	color=(65,182,196)
6	16	17	-1.59778729318	color=(127,205,187)
6	17	18	-0.514046711721999	color=(65,182,196)
6	18	19	-2.138691954794	color=(127,205,187)
6	19	20	-0.0444904421119992	color=(65,182,196)
6	20	21	-0.0370509957660001	color=(65,182,196)
6	21	22	-1.707640141036	color=(127,205,187)
6	22	23	0.180644530078	color=(65,182,196)
6	23	24	-0.818089016688	color=(65,182,196)
6	24	25	-0.121932957559999	color=(65,182,196)
6	25	26	-1.4853848476084	color=(127,205,187)
6	26	27	-1.143328263504	color=(127,205,187)
6	27	28	-0.602917805592	color=(65,182,196)
6	28	29	-0.351468224164	color=(65,182,196)
6	29	30	-1.109833835538	color=(65,182,196)
6	30	31	-0.894726799361	color=(65,182,196)
6	31	32	-1.8101939555182	color=(127,205,187)
6	32	33	-0.95330007975	color=(65,182,196)
6	33	34	-0.172267497887999	color=(65,182,196)
6	34	35	-0.0531241141832002	color=(65,182,196)
6	35	36	-1.473024928152	color=(127,205,187)
6	36	37	-0.701665763536	color=(65,182,196)
6	37	38	-1.029393385736	color=(65,182,196)
6	38	39	-1.221891699848	color=(127,205,187)
6	39	40	-1.748297771052	color=(127,205,187)
6	40	41	-0.83204585451	color=(65,182,196)
6	41	42	-1.750295119066	color=(127,205,187)
6	42	43	-0.4152072514	color=(65,182,196)
6	43	44	-0.169668665193999	color=(65,182,196)
6	44	45	-0.803779545356201	color=(65,182,196)
6	45	46	-1.357945770672	color=(127,205,187)
6	46	47	-1.69883922295	color=(127,205,187)
6	47	48	-0.96755169112	color=(65,182,196)
6	48	49	0.3112039488202	color=(65,182,196)
6	49	50	0.0965036225732003	color=(65,182,196)
6	50	51	-1.015069439214	color=(65,182,196)
6	51	52	-0.305527281006	color=(65,182,196)
6	52	53	-0.160698338674	color=(65,182,196)
6	53	54	-1.029277240828	color=(65,182,196)
6	54	55	-1.472114789114	color=(127,205,187)
6	55	56	-0.577332744107199	color=(65,182,196)
6	56	57	0.0387540517359994	color=(65,182,196)
6	57	58	-1.526525188812	color=(127,205,187)
6	58	59	-0.840048225088001	color=(65,182,196)
6	59	60	-1.233581249472	color=(127,205,187)
7	0	1	1.93235626496442	color=(29,145,192)
7	1	2	1.0441576168166	color=(65,182,196)
7	2	3	0.649958063846	color=(65,182,196)
7	3	4	0.7969101857462	color=(65,182,196)
7	4	5	0.599178547344	color=(65,182,196)
7	5	6	0.7807223151888	color=(65,182,196)
7	6	7	1.2443654345182	color=(29,145,192)
7	7	8	2.09674347364	color=(29,145,192)
7	8	9	-0.41428007855	color=(65,182,196)
7	9	10	-1.35068547585188	color=(127,205,187)
7	10	11	1.7505622191984	color=(29,145,192)
7	11	12	0.6877032548182	color=(65,182,196)
7	12	13	1.33391210826056	color=(29,145,192)
7	13	14	1.460146459956	color=(29,145,192)
7	14	15	0.82688664341	color=(65,182,196)
7	15	16	1.21982731034	color=(29,145,192)
7	16	17	-0.8369672941772	color=(65,182,196)
7	17	18	0.87989388352	color=(65,182,196)
7	18	19	1.449465979312	color=(29,145,192)
7	19	20	-1.149327112326	color=(127,205,187)
7	20	21	0.8513407220846	color=(65,182,196)
7	21	22	1.730992965616	color=(29,145,192)
7	22	23	1.435037521106	color=(29,145,192)
7	23	24	1.2341065714696	color=(29,145,192)
7	24	25	1.139271359006	color=(29,145,192)
7	25	26	-0.523747957448	color=(65,182,196)
7	26	27	1.78494478093	color=(29,145,192)
7	27	28	0.1889818107524	color=(65,182,196)
7	28	29	-1.335437067922	color=(127,205,187)
7	29	30	1.1661866943504	color=(29,145,192)
7	30	31	-1.37825124242	color=(127,205,187)
7	31	32	-1.488157647528	color=(127,205,187)
7	32	33	-0.839799593396	color=(65,182,196)
7	33	34	1.237349124394	color=(29,145,192)
7	34	35	-0.1116658319904	color=(65,182,196)
7	35	36	0.389321299368	color=(65,182,196)
7	36	37	-0.100633001418	color=(65,182,196)
7	37	38	1.60206592396	color=(29,145,192)
7	38	39	-0.86712604795585	color=(65,182,196)
7	39	40	1.4157307167564	color=(29,145,192)
7	40	41	0.136289607328	color=(65,182,196)
7	41	42	0.704468825762	color=(65,182,196)
7	42	43	-1.612391372072	color=(127,205,187)
7	43	44	-0.0836327992648	color=(65,182,196)
7	44	45	0.2937988773676	color=(65,182,196)
7	45	46	0.306537797776	color=(65,182,196)
7	46	47	2.229737434441	color=(29,145,192)
7	47	48	1.005775710992	color=(65,182,196)
7	48	49	2.533308653614	color=(29,145,192)
7	49	50	1.2298212407232	color=(29,145,192)
7	50	51	0.9888594348766	color=(65,182,196)
7	51	52	1.376313318476	color=(29,145,192)
7	52	53	0.228149157594	color=(65,182,196)
7	53	54	1.539732678672	color=(29,145,192)
7	54	55	-0.3013630459354	color=(65,182,196)
7	55	56	-1.3084542013142	color=(127,205,187)
7	56	57	1.4615895347756	color=(29,145,192)
7	57	58	0.385850998868	color=(65,182,196)
7	58	59	-2.70428061442	color=(127,205,187)
7	59	60	0.5164963036464	color=(65,182,196)
7	60	61	0.646070654522	color=(65,182,196)
7	61	62	1.247809500316	color=(29,145,192)
7	62	63	-0.0888222095093999	color=(65,182,196)
7	63	64	0.23613702520638	color=(65,182,196)
7	64	65	0.924917940988	color=(65,182,196)
7	65	66	0.358260969154	color=(65,182,196)
7	66	67	0.681066075484	color=(65,182,196)
7	67	68	-0.0772608387799991	color=(65,182,196)
7	68	69	-1.0475503341814	color=(65,182,196)
7	69	70	0.7222434145312	color=(65,182,196)
7	70	71	0.3536688043144	color=(65,182,196)
7	71	72	-0.20519047472	color=(65,182,196)
7	72	73	-0.3327353801304	color=(65,182,196)
7	73	74	1.62497337232482	color=(29,145,192)
7	74	75	1.964068525223	color=(29,145,192)
7	75	76	-0.3982621010506	color=(65,182,196)
7	76	77	0.9207571611776	color=(65,182,196)
7	77	78	1.8488986931586	color=(29,145,192)
7	78	79	0.71429688083	color=(65,182,196)
7	79	80	0.5784080516554	color=(65,182,196)
7	80	81	1.306043143872	color=(29,145,192)
7	81	82	1.08637382184588	color=(65,182,196)
7	82	83	1.950122580298	color=(29,145,192)
7	83	84	0.5405880160806	color=(65,182,196)
7	84	85	1.693074067356	color=(29,145,192)
7	85	86	0.313224056398	color=(65,182,196)
7	86	87	-0.6945316045072	color=(65,182,196)
7	87	88	0.31398770668426	color=(65,182,196)
7	88	89	-0.535000034884	color=(65,182,196)
7	89	90	-1.50799757448	color=(127,205,187)
7	90	91	1.446067705078	color=(29,145,192)
7	91	92	1.4057242245946	color=(29,145,192)
7	92	93	1.9480481804158	color=(29,145,192)
7	93	94	1.63935799072	color=(29,145,192)
7	94	95	0.318502127332	color=(65,182,196)
7	95	96	-0.09962128013	color=(65,182,196)
7	96	97	-0.366570493566	color=(65,182,196)
7	97	98	-1.738455815864	color=(127,205,187)
7	98	99	2.2714866922936	color=(29,145,192)
7	99	100	-2.14453840623	color=(127,205,187)
7	100	101	0.5466758801636	color=(65,182,196)
7	101	102	1.02964707889684	color=(65,182,196)
7	102	103	0.49891069639442	color=(65,182,196)
7	103	104	2.004034311022	color=(29,145,192)
7	104	105	0.464548027244	color=(65,182,196)
7	105	106	2.4586384888606	color=(29,145,192)
7	106	107	0.0635049819880003	color=(65,182,196)
7	107	108	0.1394123447696	color=(65,182,196)
7	108	109	0.2986649373184	color=(65,182,196)
7	109	110	1.3666360523898	color=(29,145,192)
7	110	111	0.886912417522	color=(65,182,196)
7	111	112	2.2836826225368	color=(29,145,192)
7	112	113	1.36420911160788	color=(29,145,192)
7	113	114	0.556799487996	color=(65,182,196)
7	114	115	0.4369359247156	color=(65,182,196)
7	115	116	-0.4270436384744	color=(65,182,196)
7	116	117	1.8526185020742	color=(29,145,192)
7	117	118	2.165071583252	color=(29,145,192)
7	118	119	0.414392833413999	color=(65,182,196)
7	119	120	1.45319685184378	color=(29,145,192)
7	120	121	0.918742338226	color=(65,182,196)
7	121	122	0.6977642551962	color=(65,182,196)
7	122	123	0.811269147381999	color=(65,182,196)
7	123	124	1.2687483275254	color=(29,145,192)
7	124	125	1.94167246762146	color=(29,145,192)
7	125	126	1.760295764604	color=(29,145,192)
7	126	127	1.72423920914	color=(29,145,192)
7	127	128	0.10444683747	color=(65,182,196)
7	128	129	0.993472375371999	color=(65,182,196)
7	129	130	2.8426353100568	color=(29,145,192)
7	130	131	1.489311169238	color=(29,145,192)
7	131	132	2.27525498216	color=(29,145,192)
7	132	133	0.39362536488	color=(65,182,196)
7	133	134	-0.207903171998	color=(65,182,196)
7	134	135	-0.569045796428	color=(65,182,196)
7	135	136	1.0339706773008	color=(65,182,196)
7	136	137	-0.20906871864636	color=(65,182,196)
7	137	138	1.01262093592	color=(65,182,196)
7	138	139	-0.39104547808	color=(65,182,196)
7	139	140	-0.276245357058	color=(65,182,196)
7	140	141	1.4311318680734	color=(29,145,192)
7	141	142	2.0102001836064	color=(29,145,192)
7	142	143	-1.008599731448	color=(65,182,196)
7	143	144	1.9794283448624	color=(29,145,192)
7	144	145	0.9914815730796	color=(65,182,196)
7	145	146	0.3714604430508	color=(65,182,196)
7	146	147	0.47050876546864	color=(65,182,196)
7	147	148	2.43029698886	color=(29,145,192)
7	148	149	1.688807945966	color=(29,145,192)
7	149	150	0.953119945748	color=(65,182,196)
7	150	151	-0.177693375734	color=(65,182,196)
7	151	152	-0.83272162827	color=(65,182,196)
7	152	153	0.865901453836	color=(65,182,196)
7	153	154	1.946462587854	color=(29,145,192)
7	154	155	-0.085878759226	color=(65,182,196)
7	155	156	0.859124453473999	color=(65,182,196)
7	156	157	1.4131430608994	color=(29,145,192)
7	157	158	1.3190928037086	color=(29,145,192)
7	158	159	1.460572752646	color=(29,145,192)
7	159	160	-0.681887250333	color=(65,182,196)
7	160	161	-1.879796617584	color=(127,205,187)
7	161	162	1.707809276164	color=(29,145,192)
7	162	163	1.659597075632	color=(29,145,192)
7	163	164	0.455687394227	color=(65,182,196)
7	164	165	1.8872548190438	color=(29,145,192)
7	165	166	1.159239021984	color=(29,145,192)
7	166	167	-0.18775733846038	color=(65,182,196)
7	167	168	1.3069992097252	color=(29,145,192)
7	168	169	1.1857571167638	color=(29,145,192)
7	169	170	2.198311894964	color=(29,145,192)
7	170	171	2.5168832910942	color=(29,145,192)
7	171	172	0.36154367153262	color=(65,182,196)
7	172	173	-1.79247310450176	color=(127,205,187)
7	173	174	0.7095944089156	color=(65,182,196)
7	174	175	0.6572840797406	color=(65,182,196)
7	175	176	0.1317398655204	color=(65,182,196)
7	176	177	2.0816247384666	color=(29,145,192)
7	177	178	0.8508321744916	color=(65,182,196)
7	178	179	-0.0825997895623201	color=(65,182,196)
7	179	180	-0.4987723906345	color=(65,182,196)
7	180	181	-0.1189871409354	color=(65,182,196)
7	181	182	-1.271263121754	color=(127,205,187)
7	182	183	0.1247877139018	color=(65,182,196)
7	183	184	2.0471857390428	color=(29,145,192)
7	184	185	-1.464604924002	color=(127,205,187)
7	185	186	1.741546070518	color=(29,145,192)
7	186	187	-0.415983103092	color=(65,182,196)
7	187	188	0.17324982903586	color=(65,182,196)
7	188	189	0.35869229952	color=(65,182,196)
7	189	190	1.705312464189	color=(29,145,192)
7	190	191	0.211393488935	color=(65,182,196)
7	191	192	1.896023432294	color=(29,145,192)
7	192	193	-0.402083657695198	color=(65,182,196)
7	193	194	-0.06425306176004	color=(65,182,196)
7	194	195	-0.01487111221064	color=(65,182,196)
7	195	196	-0.263714298988	color=(65,182,196)
7	196	197	1.72028695248852	color=(29,145,192)
7	197	198	0.558091387508	color=(65,182,196)
7	198	199	2.4850035872636	color=(29,145,192)
7	199	200	0.029354224164	color=(65,182,196)
7	200	201	2.0855515880338	color=(29,145,192)
7	201	202	2.0072442086236	color=(29,145,192)
7	202	203	0.68154579065332	color=(65,182,196)
7	203	204	-0.985281366854	color=(65,182,196)
7	204	205	-0.957579480025999	color=(65,182,196)
7	205	206	1.7219095275924	color=(29,145,192)
7	206	207	0.708715612427	color=(65,182,196)
7	207	208	0.506313130356	color=(65,182,196)
7	208	209	0.00607138723799938	color=(65,182,196)
7	209	210	1.1020187911002	color=(29,145,192)
7	210	211	0.2253455605084	color=(65,182,196)
7	211	212	1.424031759428	color=(29,145,192)
7	212	213	0.462369461809999	color=(65,182,196)
7	213	214	1.808181358626	color=(29,145,192)
7	214	215	0.19183940869452	color=(65,182,196)
7	215	216	-0.3078148713752	color=(65,182,196)
7	216	217	1.7408885799972	color=(29,145,192)
7	217	218	0.842598975470001	color=(65,182,196)
7	218	219	1.6476872761494	color=(29,145,192)
7	219	220	1.690504665874	color=(29,145,192)
7	220	221	0.68256411917528	color=(65,182,196)
7	221	222	1.5226572014625	color=(29,145,192)
7	222	223	0.925394046356	color=(65,182,196)
7	223	224	0.1851139121678	color=(65,182,196)
7	224	225	0.5950415855888	color=(65,182,196)
7	225	226	1.5919447065292	color=(29,145,192)
7	226	227	0.2578960473512	color=(65,182,196)
7	227	228	-0.0666879293706	color=(65,182,196)
7	228	229	0.0689934396294001	color=(65,182,196)
7	229	230	2.33800573371	color=(29,145,192)
7	230	231	-0.0519158626420007	color=(65,182,196)
7	231	232	0.2668245404562	color=(65,182,196)
7	232	233	0.602965543016001	color=(65,182,196)
7	233	234	2.4387497694426	color=(29,145,192)
7	234	235	0.2986867483984	color=(65,182,196)
7	235	236	0.9550080999244	color=(65,182,196)
7	236	237	1.936908973339	color=(29,145,192)
7	237	238	1.4244329287822	color=(29,145,192)
7	238	239	-1.138100687072	color=(127,205,187)
7	239	240	0.515510139656	color=(65,182,196)
7	240	241	0.510969602658	color=(65,182,196)
7	241	242	1.9055990347002	color=(29,145,192)
7	242	243	1.464292229084	color=(29,145,192)
7	243	244	0.597315735376	color=(65,182,196)
7	244	245	-0.7559104674612	color=(65,182,196)
7	245	246	1.3440344469258	color=(29,145,192)
7	246	247	1.712535333202	color=(29,145,192)
7	247	248	-0.8749802311	color=(65,182,196)
7	248	249	0.5509910837216	color=(65,182,196)
7	249	250	0.8161003049044	color=(65,182,196)
7	250	251	0.8788698969888	color=(65,182,196)
7	251	252	-0.000299194003199998	color=(65,182,196)
7	252	253	0.0961610765855999	color=(65,182,196)
7	253	254	1.031216657124	color=(65,182,196)
7	254	255	-0.5123814058016	color=(65,182,196)
7	255	256	1.604798672238	color=(29,145,192)
7	256	257	-0.282160368406	color=(65,182,196)
7	257	258	1.7691917955016	color=(29,145,192)
7	258	259	-0.38515285319398	color=(65,182,196)
7	259	260	-0.765610150056	color=(65,182,196)
7	260	261	1.2624192997862	color=(29,145,192)
7	261	262	0.849363008660001	color=(65,182,196)
7	262	263	-2.620794582884	color=(127,205,187)
7	263	264	1.32362399895	color=(29,145,192)
7	264	265	1.94624214292472	color=(29,145,192)
7	265	266	0.00759701600240004	color=(65,182,196)
7	266	267	0.4438065921878	color=(65,182,196)
7	267	268	1.226127067008	color=(29,145,192)
7	268	269	1.2973981227682	color=(29,145,192)
7	269	270	0.944906810896	color=(65,182,196)
7	270	271	2.046335454704	color=(29,145,192)
7	271	272	2.232402621922	color=(29,145,192)
7	272	273	0.9257152915444	color=(65,182,196)
7	273	274	1.209188244686	color=(29,145,192)
7	274	275	-0.793551169742	color=(65,182,196)
7	275	276	1.351187235849	color=(29,145,192)
7	276	277	-0.5617927193196	color=(65,182,196)
7	277	278	2.0369857143172	color=(29,145,192)
7	278	279	0.6170459474912	color=(65,182,196)
7	279	280	-0.17067428949746	color=(65,182,196)
8	0	1	4.845014651952	color=(34,94,168)
8	1	2	4.01278108055	color=(34,94,168)
8	2	3	5.152453464218	color=(34,94,168)
8	3	4	7.6564837323894	color=(37,52,148)
8	4	5	5.8370671219048	color=(37,52,148)
8	5	6	6.0621857437126	color=(37,52,148)
8	6	7	6.063497083341	color=(37,52,148)
8	7	8	5.6985588410792	color=(37,52,148)
8	8	9	6.3593211767376	color=(37,52,148)
8	9	10	6.5768601934752	color=(37,52,148)
8	10	11	5.3965020356188	color=(34,94,168)
8	11	12	6.4788214842016	color=(37,52,148)
8	12	13	5.6954945111918	color=(37,52,148)
8	13	14	5.4779665442962	color=(34,94,168)
8	14	15	7.08586639289968	color=(37,52,148)
8	15	16	5.152181826098	color=(34,94,168)
8	16	17	6.8453104608714	color=(37,52,148)
8	17	18	6.9317557643347	color=(37,52,148)
8	18	19	6.7625021705812	color=(37,52,148)
8	19	20	6.40120818418512	color=(37,52,148)
8	20	21	4.916160250197	color=(34,94,168)
8	21	22	5.363706122374	color=(34,94,168)
8	22	23	5.8779007898446	color=(37,52,148)
8	23	24	5.7573169273214	color=(37,52,148)
8	24	25	7.0265842301182	color=(37,52,148)
8	25	26	4.8865591012326	color=(34,94,168)
8	26	27	6.78778277907	color=(37,52,148)
8	27	28	7.6643798280042	color=(37,52,148)
8	28	29	6.37011224894	color=(37,52,148)
8	29	30	4.916050850298	color=(34,94,168)
8	30	31	5.9118333265454	color=(37,52,148)
8	31	32	6.26408849878	color=(37,52,148)
8	32	33	5.3575919407564	color=(34,94,168)
8	33	34	6.00169879364	color=(37,52,148)
8	34	35	7.3809672345936	color=(37,52,148)
8	35	36	5.7324263663758	color=(37,52,148)
8	36	37	6.355129328117	color=(37,52,148)
8	37	38	7.2621143526574	color=(37,52,148)
8	38	39	6.3596905171828	color=(37,52,148)
8	39	40	6.3957878014096	color=(37,52,148)
8	40	41	5.726028635749	color=(37,52,148)
8	41	42	6.6066723972212	color=(37,52,148)
8	42	43	4.4035049594302	color=(34,94,168)
8	43	44	6.4430351513818	color=(37,52,148)
8	44	45	6.4518919799802	color=(37,52,148)
8	45	46	6.9921583765478	color=(37,52,148)
8	46	47	5.327975354724	color=(34,94,168)
8	47	48	4.4638300311362	color=(34,94,168)
8	48	49	7.5309890519016	color=(37,52,148)
8	49	50	4.3455795123192	color=(34,94,168)
8	50	51	8.188854148406	color=(8,29,88)
8	51	52	7.4296285390394	color=(37,52,148)
8	52	53	6.206056191464	color=(37,52,148)
8	53	54	4.761058863568	color=(34,94,168)
8	54	55	6.59906473579771	color=(37,52,148)
8	55	56	4.7442315425813	color=(34,94,168)
8	56	57	3.984692629232	color=(34,94,168)
8	57	58	6.8601807992536	color=(37,52,148)
8	58	59	6.866046877372	color=(37,52,148)
8	59	60	5.8846020031342	color=(37,52,148)
8	60	61	6.2075941699416	color=(37,52,148)
8	61	62	4.755469134296	color=(34,94,168)
8	62	63	6.4313373962002	color=(37,52,148)
8	63	64	6.0616528341582	color=(37,52,148)
8	64	65	6.206737925524	color=(37,52,148)
8	65	66	7.690998751354	color=(37,52,148)
8	66	67	5.8350818846284	color=(37,52,148)
8	67	68	5.3490265344052	color=(34,94,168)
8	68	69	5.526458940126	color=(34,94,168)
8	69	70	6.96335900829374	color=(37,52,148)
8	70	71	6.3656925874818	color=(37,52,148)
8	71	72	5.5187663624306	color=(34,94,168)
8	72	73	5.152843034566	color=(34,94,168)
8	73	74	6.0801397756934	color=(37,52,148)
8	74	75	6.252887719546	color=(37,52,148)
8	75	76	4.896793352782	color=(34,94,168)
8	76	77	6.5373899863154	color=(37,52,148)
8	77	78	7.348834509041	color=(37,52,148)
8	78	79	5.57317769744432	color=(37,52,148)
8	79	80	5.995109210616	color=(37,52,148)
8	80	81	6.3542271182682	color=(37,52,148)
8	81	82	6.5344756526758	color=(37,52,148)
8	82	83	6.233089332607	color=(37,52,148)
8	83	84	4.424943994912	color=(34,94,168)
8	84	85	6.48468775974588	color=(37,52,148)
8	85	86	7.3426213620468	color=(37,52,148)
8	86	87	6.4814127347568	color=(37,52,148)
8	87	88	6.6352684491254	color=(37,52,148)
8	88	89	5.3098993240896	color=(34,94,168)
8	89	90	5.03839314327	color=(34,94,168)
8	90	91	6.598351905302	color=(37,52,148)
8	91	92	5.586837688748	color=(37,52,148)
8	92	93	6.7474389260352	color=(37,52,148)
8	93	94	6.4762730242418	color=(37,52,148)
8	94	95	8.183300463902	color=(8,29,88)
8	95	96	6.1301928455058	color=(37,52,148)
8	96	97	4.9972734174334	color=(34,94,168)
8	97	98	6.2394706040266	color=(37,52,148)
8	98	99	8.9146340304072	color=(8,29,88)
8	99	100	5.8107644901144	color=(37,52,148)
8	100	101	5.7029375343606	color=(37,52,148)
8	101	102	5.5482037165044	color=(37,52,148)
8	102	103	5.126297152402	color=(34,94,168)
8	103	104	6.7241262176508	color=(37,52,148)
8	104	105	5.544707799297	color=(37,52,148)
8	105	106	4.778492622644	color=(34,94,168)
8	106	107	4.8316354233452	color=(34,94,168)
8	107	108	7.6041634119348	color=(37,52,148)
8	108	109	6.00461629193832	color=(37,52,148)
8	109	110	5.6437548142256	color=(37,52,148)
8	110	111	7.6578259003468	color=(37,52,148)
8	111	112	5.70915956008	color=(37,52,148)
8	112	113	5.418960675308	color=(34,94,168)
8	113	114	7.6564547352399	color=(37,52,148)
8	114	115	7.001507669355	color=(37,52,148)
8	115	116	7.281244837347	color=(37,52,148)
8	116	117	6.887579791044	color=(37,52,148)
8	117	118	4.8590881929828	color=(34,94,168)
8	118	119	6.318458487031	color=(37,52,148)
8	119	120	7.45794760103	color=(37,52,148)
8	120	121	6.457263439191	color=(37,52,148)
8	121	122	7.9224008719146	color=(8,29,88)
8	122	123	5.090271081278	color=(34,94,168)
8	123	124	4.359973887322	color=(34,94,168)
8	124	125	4.903707319938	color=(34,94,168)
8	125	126	6.556874305084	color=(37,52,148)
8	126	127	6.986406350272	color=(37,52,148)
8	127	128	6.1086920925774	color=(37,52,148)
8	128	129	8.2420102112792	color=(8,29,88)
8	129	130	8.67430577679218	color=(8,29,88)
8	130	131	7.2027108545636	color=(37,52,148)
8	131	132	5.675761476333	color=(37,52,148)
8	132	133	5.1122362788704	color=(34,94,168)
8	133	134	7.3267308946452	color=(37,52,148)
8	134	135	4.9578268690794	color=(34,94,168)
8	135	136	5.9954432201648	color=(37,52,148)
8	136	137	6.4080650146858	color=(37,52,148)
8	137	138	7.495409400415	color=(37,52,148)
8	138	139	7.2599121663664	color=(37,52,148)
8	139	140	4.6542636463906	color=(34,94,168)
8	140	141	5.8676351447992	color=(37,52,148)
8	141	142	7.7664638101156	color=(8,29,88)
8	142	143	6.101517513908	color=(37,52,148)
8	143	144	6.417002389549	color=(37,52,148)
8	144	145	6.01780613723456	color=(37,52,148)
8	145	146	5.9959594004202	color=(37,52,148)
8	146	147	6.144188291877	color=(37,52,148)
8	147	148	5.6406881958858	color=(37,52,148)
8	148	149	6.6564195450388	color=(37,52,148)
8	149	150	5.851816692324	color=(37,52,148)
8	150	151	4.984768980248	color=(34,94,168)
8	151	152	5.51147371795432	color=(34,94,168)
8	152	153	3.6552060171506	color=(34,94,168)
8	153	154	5.9460591289016	color=(37,52,148)
8	154	155	6.8427716561704	color=(37,52,148)
8	155	156	5.504294911718	color=(34,94,168)
8	156	157	7.3069370570968	color=(37,52,148)
8	157	158	5.8695418269558	color=(37,52,148)
8	158	159	5.6762658633802	color=(37,52,148)
8	159	160	5.1119476531058	color=(34,94,168)
8	160	161	6.0335361496	color=(37,52,148)
8	161	162	6.21513400669224	color=(37,52,148)
8	162	163	6.067653672416	color=(37,52,148)
8	163	164	5.2325328502814	color=(34,94,168)
8	164	165	4.267570820348	color=(34,94,168)
8	165	166	6.1258506379138	color=(37,52,148)
8	166	167	6.3976801227596	color=(37,52,148)
8	167	168	5.730181961342	color=(37,52,148)
8	168	169	5.4437804075548	color=(34,94,168)
8	169	170	6.2023210997844	color=(37,52,148)
8	170	171	7.5504729129038	color=(37,52,148)
8	171	172	5.541251132328	color=(37,52,148)
8	172	173	6.4794429529458	color=(37,52,148)
8	173	174	5.936528613733	color=(37,52,148)
8	174	175	4.896276614714	color=(34,94,168)
8	175	176	6.3593384928652	color=(37,52,148)
8	176	177	5.483957318329	color=(34,94,168)
8	177	178	4.841945277794	color=(34,94,168)
8	178	179	7.07558847007618	color=(37,52,148)
8	179	180	5.735792697694	color=(37,52,148)
8	180	181	4.93660282577	color=(34,94,168)
8	181	182	7.3272474568336	color=(37,52,148)
8	182	183	5.595889402786	color=(37,52,148)
8	183	184	6.7641826493076	color=(37,52,148)
8	184	185	5.2908295414128	color=(34,94,168)
8	185	186	6.3191474977746	color=(37,52,148)
8	186	187	5.3762185560886	color=(34,94,168)
8	187	188	5.8840833191202	color=(37,52,148)
8	188	189	6.4662446517652	color=(37,52,148)
8	189	190	6.5482297505566	color=(37,52,148)
8	190	191	6.4070457527834	color=(37,52,148)
8	191	192	5.910857892396	color=(37,52,148)
8	192	193	4.972488188878	color=(34,94,168)
8	193	194	6.175864170118	color=(37,52,148)
8	194	195	6.41262764449	color=(37,52,148)
8	195	196	5.793481542852	color=(37,52,148)
8	196	197	6.603896730568	color=(37,52,148)
8	197	198	7.63085940079416	color=(37,52,148)
8	198	199	4.211367737234	color=(34,94,168)
8	199	200	4.906399270626	color=(34,94,168)
8	200	201	5.7168444451506	color=(37,52,148)
8	201	202	5.3998555309934	color=(34,94,168)
8	202	203	6.5302040365636	color=(37,52,148)
8	203	204	5.513396006542	color=(34,94,168)
8	204	205	7.6341024989654	color=(37,52,148)
8	205	206	4.968506782784	color=(34,94,168)
8	206	207	4.830904727572	color=(34,94,168)
8	207	208	6.52749314784	color=(37,52,148)
8	208	209	5.827875590168	color=(37,52,148)
8	209	210	4.747691676974	color=(34,94,168)
8	210	211	6.540153637178	color=(37,52,148)
8	211	212	4.031557555724	color=(34,94,168)
8	212	213	6.361703000276	color=(37,52,148)
8	213	214	5.93319851177717	color=(37,52,148)
8	214	215	5.6515299939372	color=(37,52,148)
8	215	216	6.0959123558108	color=(37,52,148)
8	216	217	5.669627199252	color=(37,52,148)
8	217	218	7.496474454978	color=(37,52,148)
8	218	219	6.8151380167812	color=(37,52,148)
8	219	220	6.2867637966482	color=(37,52,148)
8	220	221	6.4456725179454	color=(37,52,148)
8	221	222	7.842921251918	color=(8,29,88)
8	222	223	5.8967027059826	color=(37,52,148)
8	223	224	4.70819120167578	color=(34,94,168)
8	224	225	5.1182809557276	color=(34,94,168)
8	225	226	5.564042676948	color=(37,52,148)
8	226	227	5.397521519809	color=(34,94,168)
8	227	228	6.3004770506668	color=(37,52,148)
8	228	229	4.835394339546	color=(34,94,168)
8	229	230	5.2006474780746	color=(34,94,168)
8	230	231	5.3291060303072	color=(34,94,168)
8	231	232	6.816044443473	color=(37,52,148)
8	232	233	7.07846043731464	color=(37,52,148)
8	233	234	7.437046474735	color=(37,52,148)
8	234	235	6.6559797751642	color=(37,52,148)
8	235	236	6.0111874350246	color=(37,52,148)
8	236	237	4.9359360704255	color=(34,94,168)
8	237	238	6.103919342094	color=(37,52,148)
8	238	239	6.1506605009044	color=(37,52,148)
8	239	240	7.22408825035756	color=(37,52,148)
8	240	241	7.3795456487638	color=(37,52,148)
8	241	242	6.495701843329	color=(37,52,148)
8	242	243	6.180429191678	color=(37,52,148)
8	243	244	4.447099874094	color=(34,94,168)
8	244	245	5.682823136318	color=(37,52,148)
8	245	246	6.0574793845402	color=(37,52,148)
8	246	247	4.2186436527224	color=(34,94,168)
8	247	248	5.370075606756	color=(34,94,168)
8	248	249	5.56813082066	color=(37,52,148)
8	249	250	7.20353839340296	color=(37,52,148)
8	250	251	4.075103997296	color=(34,94,168)
8	251	252	7.1073121512346	color=(37,52,148)
8	252	253	5.330257865414	color=(34,94,168)
8	253	254	6.7050643925188	color=(37,52,148)
8	254	255	5.872736179342	color=(37,52,148)
8	255	256	6.88912076145	color=(37,52,148)
8	256	257	5.7927818882742	color=(37,52,148)
8	257	258	6.5886026981772	color=(37,52,148)
8	258	259	6.79461103733	color=(37,52,148)
8	259	260	6.3989142111446	color=(37,52,148)
8	260	261	8.2546758930558	color=(8,29,88)
8	261	262	7.347298978312	color=(37,52,148)
8	262	263	7.34003910512632	color=(37,52,148)
8	263	264	4.353753233266	color=(34,94,168)
8	264	265	5.8511015219864	color=(37,52,148)
8	265	266	6.0082100201246	color=(37,52,148)
8	266	267	6.810134495818	color=(37,52,148)
8	267	268	5.410653213066	color=(34,94,168)
8	268	269	6.0584443778618	color=(37,52,148)
8	269	270	7.41212189042014	color=(37,52,148)
8	270	271	7.6826276528764	color=(37,52,148)
8	271	272	5.1916817911572	color=(34,94,168)
8	272	273	6.6922478457384	color=(37,52,148)
8	273	274	5.9301741957168	color=(37,52,148)
8	274	275	4.373857661276	color=(34,94,168)
8	275	276	6.9216680987648	color=(37,52,148)
8	276	277	7.2098886785962	color=(37,52,148)
8	277	278	4.218740679152	color=(34,94,168)
8	278	279	6.9087804366308	color=(37,52,148)
8	279	280	5.4025590187494	color=(34,94,168)
8	280	281	7.0747992598338	color=(37,52,148)
8	281	282	6.33235321990362	color=(37,52,148)
8	282	283	7.1441453719404	color=(37,52,148)
8	283	284	7.847752884164	color=(8,29,88)
8	284	285	5.732632918484	color=(37,52,148)
8	285	286	6.9933753205644	color=(37,52,148)
8	286	287	6.03795840057	color=(37,52,148)
8	287	288	5.474486790398	color=(34,94,168)
8	288	289	7.470037688586	color=(37,52,148)
8	289	290	6.940820266111	color=(37,52,148)
8	290	291	5.617412291429	color=(37,52,148)
8	291	292	6.9038189703286	color=(37,52,148)
8	292	293	5.3071169527442	color=(34,94,168)
8	293	294	7.3078815666282	color=(37,52,148)
8	294	295	7.16856498013	color=(37,52,148)
8	295	296	4.7296154511278	color=(34,94,168)
8	296	297	4.862163787196	color=(34,94,168)
8	297	298	4.9135041895126	color=(34,94,168)
8	298	299	6.2741139989788	color=(37,52,148)
8	299	300	7.2384488640958	color=(37,52,148)
8	300	301	6.015234327502	color=(37,52,148)
8	301	302	5.9550066666476	color=(37,52,148)
8	302	303	6.0798934944332	color=(37,52,148)
8	303	304	5.5273633858646	color=(34,94,168)
8	304	305	4.7398860811808	color=(34,94,168)
8	305	306	5.839600812364	color=(37,52,148)
8	306	307	6.1731606370406	color=(37,52,148)
8	307	308	5.088878851008	color=(34,94,168)
