1	0	1	3.065167686526	color=(29,145,192)
1	1	2	3.007072013914	color=(29,145,192)
1	2	3	3.255961240888	color=(29,145,192)
1	3	4	2.3402635211748	color=(29,145,192)
1	4	5	2.75360360432404	color=(29,145,192)
1	5	6	3.538256298926	color=(34,94,168)
1	6	7	2.41404136822792	color=(29,145,192)
1	7	8	2.4932564072678	color=(29,145,192)
1	8	9	3.288184749119	color=(29,145,192)
1	9	10	3.7858162893066	color=(34,94,168)
1	10	11	1.52909517883016	color=(29,145,192)
1	11	12	2.4604871748584	color=(29,145,192)
1	12	13	3.35516309429142	color=(34,94,168)
1	13	14	1.893931930468	color=(29,145,192)
1	14	15	1.649124702874	color=(29,145,192)
1	15	16	1.4281852516482	color=(29,145,192)
1	16	17	3.364352851218	color=(34,94,168)
1	17	18	3.622232998478	color=(34,94,168)
1	18	19	4.217358869544	color=(34,94,168)
1	19	20	1.5108445862966	color=(29,145,192)
1	20	21	4.0012656131	color=(34,94,168)
1	21	22	-1.9666709661564	color=(127,205,187)
1	22	23	3.481984147523	color=(34,94,168)
1	23	24	4.670014359174	color=(34,94,168)
1	24	25	2.122743601368	color=(29,145,192)
1	25	26	2.9861582701524	color=(29,145,192)
1	26	27	1.8035685028724	color=(29,145,192)
1	27	28	2.280223152464	color=(29,145,192)
1	28	29	4.0251079491558	color=(34,94,168)
1	29	30	1.5967953349962	color=(29,145,192)
1	30	31	4.049770166232	color=(34,94,168)
1	31	32	2.530825380174	color=(29,145,192)
1	32	33	1.9243469286414	color=(29,145,192)
1	33	34	2.7159257404126	color=(29,145,192)
1	34	35	2.505424907984	color=(29,145,192)
1	35	36	2.6532619682894	color=(29,145,192)
1	36	37	3.518539837904	color=(34,94,168)
1	37	38	4.46885390102	color=(34,94,168)
1	38	39	3.02341034985	color=(29,145,192)
1	39	40	3.689761211138	color=(34,94,168)
1	40	41	4.2265479650142	color=(34,94,168)
1	41	42	2.887025638724	color=(29,145,192)
1	42	43	3.5044985765468	color=(34,94,168)
1	43	44	3.311693538166	color=(29,145,192)
1	44	45	3.858256442648	color=(34,94,168)
1	45	46	2.7314953775182	color=(29,145,192)
1	46	47	2.618485645446	color=(29,145,192)
1	47	48	3.866973707664	color=(34,94,168)
1	48	49	2.84236288328	color=(29,145,192)
1	49	50	4.0650466625552	color=(34,94,168)
1	50	51	1.935137727872	color=(29,145,192)
1	51	52	3.2396859565636	color=(29,145,192)
1	52	53	2.3413907837524	color=(29,145,192)
1	53	54	2.76066882093682	color=(29,145,192)
1	54	55	3.562217038884	color=(34,94,168)
1	55	56	1.5510866222698	color=(29,145,192)
1	56	57	2.5632887023	color=(29,145,192)
1	57	58	3.410854462412	color=(34,94,168)
1	58	59	3.359019101044	color=(34,94,168)
1	59	60	4.39728991147	color=(34,94,168)
1	60	61	3.378347763646	color=(34,94,168)
1	61	62	2.993542752429	color=(29,145,192)
1	62	63	3.91577103235447	color=(34,94,168)
1	63	64	3.094930245152	color=(29,145,192)
1	64	65	2.25096021664	color=(29,145,192)
1	65	66	2.624267718526	color=(29,145,192)
1	66	67	3.16021183428	color=(29,145,192)
1	67	68	2.997312774838	color=(29,145,192)
1	68	69	3.482978184894	color=(34,94,168)
1	69	70	2.8655228475112	color=(29,145,192)
1	70	71	1.102165989222	color=(29,145,192)
1	71	72	1.4406478419124	color=(29,145,192)
1	72	73	3.7980300924304	color=(34,94,168)
1	73	74	4.510039650364	color=(34,94,168)
1	74	75	3.6845380813962	color=(34,94,168)
1	75	76	4.51605020887	color=(34,94,168)
1	76	77	4.426439717056	color=(34,94,168)
1	77	78	2.570832590412	color=(29,145,192)
1	78	79	5.3027589762425	color=(34,94,168)
1	79	80	3.946440503856	color=(34,94,168)
1	80	81	2.07908907685502	color=(29,145,192)
1	81	82	3.451211987696	color=(34,94,168)
1	82	83	3.6119750753738	color=(34,94,168)
1	83	84	4.1580328528394	color=(34,94,168)
1	84	85	3.03247846181	color=(29,145,192)
1	85	86	4.2034118438066	color=(34,94,168)
1	86	87	3.10022853496526	color=(29,145,192)
1	87	88	2.2558013657984	color=(29,145,192)
1	88	89	2.8607578129895	color=(29,145,192)
1	89	90	3.39517044047	color=(34,94,168)
1	90	91	4.643639595742	color=(34,94,168)
1	91	92	2.706426712116	color=(29,145,192)
1	92	93	3.524691846732	color=(34,94,168)
1	93	94	3.3303485084236	color=(34,94,168)
1	94	95	3.61056719285	color=(34,94,168)
1	95	96	2.852067137468	color=(29,145,192)
1	96	97	2.9543083575162	color=(29,145,192)
1	97	98	3.8068669808916	color=(34,94,168)
1	98	99	2.416408303688	color=(29,145,192)
1	99	100	2.8418453141432	color=(29,145,192)
1	100	101	1.497319338538	color=(29,145,192)
1	101	102	3.0607196039996	color=(29,145,192)
1	102	103	4.84906891972292	color=(34,94,168)
1	103	104	3.482156753946	color=(34,94,168)
1	104	105	2.201843794682	color=(29,145,192)
1	105	106	3.0090559216966	color=(29,145,192)
1	106	107	3.7668416746862	color=(34,94,168)
1	107	108	3.759952649991	color=(34,94,168)
1	108	109	2.703469569539	color=(29,145,192)
1	109	110	1.85948618931131	color=(29,145,192)
1	110	111	2.950946730822	color=(29,145,192)
1	111	112	2.19775270983502	color=(29,145,192)
1	112	113	4.197805918784	color=(34,94,168)
1	113	114	3.07099533315192	color=(29,145,192)
1	114	115	3.5696737716911	color=(34,94,168)
1	115	116	2.766395776006	color=(29,145,192)
1	116	117	4.1638366844814	color=(34,94,168)
1	117	118	2.68264982172464	color=(29,145,192)
1	118	119	2.524609225012	color=(29,145,192)
1	119	120	3.411145986818	color=(34,94,168)
1	120	121	4.2467256912656	color=(34,94,168)
1	121	122	4.004832907948	color=(34,94,168)
1	122	123	4.0896230862786	color=(34,94,168)
1	123	124	2.399978041368	color=(29,145,192)
1	124	125	2.7332863987544	color=(29,145,192)
1	125	126	3.702263563408	color=(34,94,168)
1	126	127	3.80278118033084	color=(34,94,168)
1	127	128	4.693643510176	color=(34,94,168)
1	128	129	1.46210163025	color=(29,145,192)
1	129	130	4.6450300792	color=(34,94,168)
1	130	131	3.9477919426618	color=(34,94,168)
1	131	132	3.520161566492	color=(34,94,168)
1	132	133	1.902750607718	color=(29,145,192)
1	133	134	2.66840927412	color=(29,145,192)
1	134	135	4.1470043434454	color=(34,94,168)
1	135	136	2.6808094708622	color=(29,145,192)
1	136	137	4.22178484907678	color=(34,94,168)
1	137	138	4.28571804067	color=(34,94,168)
1	138	139	2.6860685498236	color=(29,145,192)
1	139	140	3.948572340824	color=(34,94,168)
1	140	141	4.1158202044508	color=(34,94,168)
1	141	142	3.6144956670104	color=(34,94,168)
1	142	143	6.0300642956504	color=(37,52,148)
1	143	144	2.20528361810786	color=(29,145,192)
1	144	145	3.345661538176	color=(34,94,168)
1	145	146	3.59439589535254	color=(34,94,168)
1	146	147	2.8826444361	color=(29,145,192)
1	147	148	3.33295462321	color=(34,94,168)
2	0	1	-3.237442309968	color=(127,205,187)
2	1	2	-2.6860441179692	color=(127,205,187)
2	2	3	-3.8593658212424	color=(199,233,180)
2	3	4	-3.4935870975828	color=(199,233,180)
2	4	5	-3.369251975308	color=(199,233,180)
2	5	6	-2.94517994261	color=(127,205,187)
2	6	7	-4.700841571906	color=(199,233,180)
2	7	8	-4.187443783622	color=(199,233,180)
2	8	9	-4.318648815993	color=(199,233,180)
2	9	10	-3.72566023164	color=(199,233,180)
2	10	11	-4.469241398396	color=(199,233,180)
2	11	12	-1.9255913324022	color=(127,205,187)
2	12	13	-2.863006776564	color=(127,205,187)
2	13	14	-3.362012736992	color=(199,233,180)
2	14	15	-1.9513290046546	color=(127,205,187)
2	15	16	-3.839406401202	color=(199,233,180)
2	16	17	-2.938516334224	color=(127,205,187)
2	17	18	-1.706886826022	color=(127,205,187)
2	18	19	-2.791270518492	color=(127,205,187)
2	19	20	-3.4613832993448	color=(199,233,180)
2	20	21	-3.7511708793556	color=(199,233,180)
2	21	22	-2.989252211744	color=(127,205,187)
2	22	23	-2.494034951825	color=(127,205,187)
2	23	24	-3.346919656664	color=(199,233,180)
2	24	25	-3.687452411034	color=(199,233,180)
2	25	26	-2.7623710235552	color=(127,205,187)
2	26	27	-1.594356842666	color=(127,205,187)
2	27	28	-4.1672961659652	color=(199,233,180)
2	28	29	-2.21285381555516	color=(127,205,187)
2	29	30	-3.0333093274438	color=(127,205,187)
2	30	31	-2.3266401496636	color=(127,205,187)
2	31	32	-3.6384562524486	color=(199,233,180)
2	32	33	-2.1605076349446	color=(127,205,187)
2	33	34	-1.9917462867148	color=(127,205,187)
2	34	35	-3.1412143192368	color=(127,205,187)
2	35	36	-4.1214403985532	color=(199,233,180)
2	36	37	-2.2498245083532	color=(127,205,187)
2	37	38	-2.9994316839676	color=(127,205,187)
2	38	39	-3.776989522496	color=(199,233,180)
2	39	40	-3.5096820108012	color=(199,233,180)
2	40	41	-2.644979099956	color=(127,205,187)
2	41	42	-3.346018567334	color=(199,233,180)
2	42	43	-2.5470356420686	color=(127,205,187)
2	43	44	-2.9484336181854	color=(127,205,187)
2	44	45	-2.37571955013744	color=(127,205,187)
2	45	46	-3.657447488318	color=(199,233,180)
2	46	47	-2.5756352685934	color=(127,205,187)
2	47	48	-3.1033137695626	color=(127,205,187)
2	48	49	-2.101886801956	color=(127,205,187)
2	49	50	-2.6849556197384	color=(127,205,187)
2	50	51	-2.74869119186062	color=(127,205,187)
2	51	52	-2.6921578147544	color=(127,205,187)
2	52	53	-3.67008344920758	color=(199,233,180)
2	53	54	-4.384490969784	color=(199,233,180)
2	54	55	-3.187576108438	color=(127,205,187)
2	55	56	-1.8851820654274	color=(127,205,187)
2	56	57	-1.554944837416	color=(127,205,187)
2	57	58	-3.5796453474406	color=(199,233,180)
2	58	59	-3.0804087062532	color=(127,205,187)
2	59	60	-2.937220033394	color=(127,205,187)
2	60	61	-3.807394769836	color=(199,233,180)
2	61	62	-2.8660141648418	color=(127,205,187)
2	62	63	-2.2197196063742	color=(127,205,187)
2	63	64	-2.13562433118	color=(127,205,187)
2	64	65	-2.5551194915494	color=(127,205,187)
2	65	66	-3.1964215808858	color=(127,205,187)
2	66	67	-3.6227248844658	color=(199,233,180)
2	67	68	-1.06238044939	color=(65,182,196)
2	68	69	-3.884778467132	color=(199,233,180)
2	69	70	-4.428880589684	color=(199,233,180)
2	70	71	-2.332899203314	color=(127,205,187)
2	71	72	-3.9302982226716	color=(199,233,180)
2	72	73	-4.05850505207	color=(199,233,180)
2	73	74	-3.89310762277774	color=(199,233,180)
2	74	75	-3.463137595078	color=(199,233,180)
2	75	76	-2.968904767054	color=(127,205,187)
2	76	77	-4.25963062948	color=(199,233,180)
2	77	78	-3.731550463908	color=(199,233,180)
2	78	79	-1.48980387156	color=(127,205,187)
2	79	80	-3.20745064312978	color=(127,205,187)
2	80	81	-4.078055952644	color=(199,233,180)
2	81	82	-2.29562623733512	color=(127,205,187)
2	82	83	-1.469020535786	color=(127,205,187)
2	83	84	-3.8821744027404	color=(199,233,180)
2	84	85	-3.0711171264424	color=(127,205,187)
2	85	86	-3.095550140666	color=(127,205,187)
2	86	87	-2.81795459658012	color=(127,205,187)
2	87	88	-2.72780828801052	color=(127,205,187)
2	88	89	-2.65240748927344	color=(127,205,187)
2	89	90	-2.668052670576	color=(127,205,187)
2	90	91	-4.5987254640026	color=(199,233,180)
2	91	92	-4.3939996703024	color=(199,233,180)
2	92	93	-3.0104129514594	color=(127,205,187)
2	93	94	-3.2181910406568	color=(127,205,187)
2	94	95	-3.766081436912	color=(199,233,180)
2	95	96	-1.989471099629	color=(127,205,187)
2	96	97	-3.5763677632578	color=(199,233,180)
2	97	98	-3.061630546116	color=(127,205,187)
2	98	99	-2.4892054471594	color=(127,205,187)
2	99	100	-3.786283010608	color=(199,233,180)
2	100	101	-3.07459392148	color=(127,205,187)
2	101	102	-1.6690531165	color=(127,205,187)
2	102	103	-2.2049050305666	color=(127,205,187)
2	103	104	-4.092069399204	color=(199,233,180)
2	104	105	-2.45190871987	color=(127,205,187)
2	105	106	-4.2671286383	color=(199,233,180)
2	106	107	-3.65056144716548	color=(199,233,180)
2	107	108	-3.44692898089	color=(199,233,180)
2	108	109	-1.812978679216	color=(127,205,187)
2	109	110	-3.164942568954	color=(127,205,187)
2	110	111	-2.9517196499312	color=(127,205,187)
2	111	112	-1.2510393700834	color=(127,205,187)
2	112	113	-2.158468217692	color=(127,205,187)
2	113	114	-3.5199826399398	color=(199,233,180)
2	114	115	-1.7571388826948	color=(127,205,187)
2	115	116	-3.4795605252228	color=(199,233,180)
2	116	117	-3.780511504814	color=(199,233,180)
2	117	118	-3.41601118877532	color=(199,233,180)
2	118	119	-2.5808443607334	color=(127,205,187)
2	119	120	-2.0229465740832	color=(127,205,187)
2	120	121	-1.7628753588322	color=(127,205,187)
2	121	122	-2.3965587575602	color=(127,205,187)
2	122	123	-4.278859598436	color=(199,233,180)
2	123	124	-4.3814286682796	color=(199,233,180)
2	124	125	-2.94963193718234	color=(127,205,187)
2	125	126	-2.5768994762438	color=(127,205,187)
2	126	127	-3.6529796697286	color=(199,233,180)
2	127	128	-4.2497253780734	color=(199,233,180)
2	128	129	-1.7855320720856	color=(127,205,187)
2	129	130	-2.893166179945	color=(127,205,187)
2	130	131	-2.428997608706	color=(127,205,187)
2	131	132	-2.930637966967	color=(127,205,187)
2	132	133	-4.151753936018	color=(199,233,180)
2	133	134	-4.263571948704	color=(199,233,180)
2	134	135	-2.595867272582	color=(127,205,187)
2	135	136	-3.7996912023	color=(199,233,180)
2	136	137	-3.586259247226	color=(199,233,180)
2	137	138	-2.478198330452	color=(127,205,187)
2	138	139	-4.43415827255	color=(199,233,180)
2	139	140	-3.649934907252	color=(199,233,180)
2	140	141	-2.686016818974	color=(127,205,187)
2	141	142	-3.030203949224	color=(127,205,187)
2	142	143	-2.06776754704	color=(127,205,187)
2	143	144	-3.1177632216034	color=(127,205,187)
2	144	145	-4.292405903504	color=(199,233,180)
2	145	146	-3.81191566596	color=(199,233,180)
2	146	147	-2.58739405587692	color=(127,205,187)
2	147	148	-1.9595944871364	color=(127,205,187)
2	148	149	-3.5405719767988	color=(199,233,180)
2	149	150	-2.08728186	color=(127,205,187)
2	150	151	-3.472021193811	color=(199,233,180)
2	151	152	-4.1935607286036	color=(199,233,180)
2	152	153	-2.9521835342048	color=(127,205,187)
2	153	154	-4.2435697706344	color=(199,233,180)
2	154	155	-2.666742902048	color=(127,205,187)
2	155	156	-3.1136476985264	color=(127,205,187)
2	156	157	-2.7121860987364	color=(127,205,187)
2	157	158	-3.132957020046	color=(127,205,187)
2	158	159	-2.341721273074	color=(127,205,187)
2	159	160	-3.705203626233	color=(199,233,180)
2	160	161	-3.117872574563	color=(127,205,187)
2	161	162	-3.857677931583	color=(199,233,180)
2	162	163	-1.8880436925554	color=(127,205,187)
2	163	164	-1.596803512272	color=(127,205,187)
2	164	165	-0.8381675045406	color=(65,182,196)
2	165	166	-3.3948997451774	color=(199,233,180)
2	166	167	-3.667518319928	color=(199,233,180)
2	167	168	-3.7873247162474	color=(199,233,180)
2	168	169	0.53190019298	color=(65,182,196)
2	169	170	-2.945018200024	color=(127,205,187)
2	170	171	-3.0080928001944	color=(127,205,187)
2	171	172	-3.4152876913608	color=(199,233,180)
2	172	173	-3.2328806571114	color=(127,205,187)
2	173	174	-3.4217906496432	color=(199,233,180)
2	174	175	-4.067309385026	color=(199,233,180)
2	175	176	-3.27062959117	color=(127,205,187)
2	176	177	-4.03086130334818	color=(199,233,180)
2	177	178	-2.616045610873	color=(127,205,187)
2	178	179	-2.81316056348	color=(127,205,187)
2	179	180	-2.731049655672	color=(127,205,187)
2	180	181	-4.059244424023	color=(199,233,180)
2	181	182	-3.56667065107	color=(199,233,180)
2	182	183	-3.616462126404	color=(199,233,180)
2	183	184	-2.1421199050776	color=(127,205,187)
2	184	185	-4.38163233716558	color=(199,233,180)
2	185	186	-3.148596862622	color=(127,205,187)
2	186	187	-2.8881294574	color=(127,205,187)
2	187	188	-2.3871157054796	color=(127,205,187)
2	188	189	-2.839849491396	color=(127,205,187)
2	189	190	-1.66079682041736	color=(127,205,187)
2	190	191	-2.4515292591148	color=(127,205,187)
2	191	192	-4.030528450618	color=(199,233,180)
2	192	193	-2.228530609412	color=(127,205,187)
2	193	194	-2.358523889256	color=(127,205,187)
2	194	195	-2.5061650214154	color=(127,205,187)
2	195	196	-3.40098597452102	color=(199,233,180)
2	196	197	-1.0005381133536	color=(65,182,196)
2	197	198	-4.1848724721236	color=(199,233,180)
2	198	199	-2.1339844205988	color=(127,205,187)
2	199	200	-3.9474984489334	color=(199,233,180)
2	200	201	-1.46091412427	color=(127,205,187)
2	201	202	-2.0752625412722	color=(127,205,187)
2	202	203	-2.7766514776536	color=(127,205,187)
2	203	204	-4.33865503636	color=(199,233,180)
2	204	205	-2.316998373436	color=(127,205,187)
2	205	206	-2.960065558315	color=(127,205,187)
2	206	207	-2.60410449639132	color=(127,205,187)
2	207	208	-3.06312540421	color=(127,205,187)
2	208	209	-3.9691723175473	color=(199,233,180)
2	209	210	-1.3536961411928	color=(127,205,187)
2	210	211	-2.3841766485846	color=(127,205,187)
2	211	212	-3.618599781836	color=(199,233,180)
2	212	213	-2.891481566168	color=(127,205,187)
2	213	214	-2.3038950018166	color=(127,205,187)
2	214	215	-4.155408153936	color=(199,233,180)
2	215	216	-4.32944936286592	color=(199,233,180)
2	216	217	-1.407821398779	color=(127,205,187)
2	217	218	-3.9641861619836	color=(199,233,180)
2	218	219	-2.5631344728744	color=(127,205,187)
2	219	220	-2.690494811256	color=(127,205,187)
2	220	221	-3.180030295704	color=(127,205,187)
2	221	222	-3.0965076569716	color=(127,205,187)
2	222	223	-1.748897297232	color=(127,205,187)
2	223	224	-4.3437416345602	color=(199,233,180)
2	224	225	-5.6203015480908	color=(237,248,177)
2	225	226	-3.5498304664882	color=(199,233,180)
2	226	227	-1.4666491545376	color=(127,205,187)
2	227	228	-1.503905553512	color=(127,205,187)
2	228	229	-4.9028834656584	color=(199,233,180)
2	229	230	-4.08619081952	color=(199,233,180)
2	230	231	-3.8010846509212	color=(199,233,180)
2	231	232	-1.447707782248	color=(127,205,187)
2	232	233	-3.365310535038	color=(199,233,180)
2	233	234	-3.66365015492	color=(199,233,180)
2	234	235	-2.4325190349512	color=(127,205,187)
2	235	236	-2.5146090536926	color=(127,205,187)
2	236	237	-3.736033228799	color=(199,233,180)
2	237	238	-3.2225437723646	color=(127,205,187)
2	238	239	-3.4111282742712	color=(199,233,180)
2	239	240	-3.8090327639892	color=(199,233,180)
2	240	241	-3.0073414764622	color=(127,205,187)
2	241	242	-2.0274774261848	color=(127,205,187)
2	242	243	-3.866232031226	color=(199,233,180)
2	243	244	-2.24637088736	color=(127,205,187)
2	244	245	-3.4110212122416	color=(199,233,180)
2	245	246	-2.7200356329258	color=(127,205,187)
2	246	247	-2.31584451524474	color=(127,205,187)
2	247	248	-1.4230345785054	color=(127,205,187)
2	248	249	-3.5324136918088	color=(199,233,180)
2	249	250	-3.3475888363052	color=(199,233,180)
2	250	251	-4.106201118046	color=(199,233,180)
2	251	252	-3.409092478694	color=(199,233,180)
2	252	253	-3.4289349087404	color=(199,233,180)
2	253	254	-3.0998964534244	color=(127,205,187)
2	254	255	-2.3155812550104	color=(127,205,187)
2	255	256	-1.8756063137322	color=(127,205,187)
2	256	257	-0.3729490467445	color=(65,182,196)
2	257	258	-3.234547808117	color=(127,205,187)
2	258	259	-2.29748856008686	color=(127,205,187)
2	259	260	-2.9363778734592	color=(127,205,187)
2	260	261	-1.846311676842	color=(127,205,187)
2	261	262	-3.26687331453	color=(127,205,187)
2	262	263	-3.743259112986	color=(199,233,180)
2	263	264	-1.475495402912	color=(127,205,187)
2	264	265	-2.944915862365	color=(127,205,187)
2	265	266	-1.888711631614	color=(127,205,187)
2	266	267	-4.856273271982	color=(199,233,180)
2	267	268	-3.3468306398864	color=(199,233,180)
2	268	269	-3.0035121494792	color=(127,205,187)
2	269	270	-3.2971409177566	color=(127,205,187)
2	270	271	-1.72473999142506	color=(127,205,187)
2	271	272	-1.8425707743378	color=(127,205,187)
2	272	273	-2.1207480690816	color=(127,205,187)
2	273	274	-2.2919498765178	color=(127,205,187)
3	0	1	-3.15504531102464	color=(127,205,187)
3	1	2	-3.39817927215	color=(199,233,180)
3	2	3	-4.46279110366	color=(199,233,180)
3	3	4	-3.869930889196	color=(199,233,180)
3	4	5	-3.658185146832	color=(199,233,180)
3	5	6	-4.516464946766	color=(199,233,180)
3	6	7	-3.142530958992	color=(127,205,187)
3	7	8	-3.839125813762	color=(199,233,180)
3	8	9	-4.277542507846	color=(199,233,180)
3	9	10	-4.491537868602	color=(199,233,180)
3	10	11	-5.3001711527104	color=(199,233,180)
3	11	12	-2.819764112214	color=(127,205,187)
3	12	13	-4.261171509334	color=(199,233,180)
3	13	14	-2.944931398916	color=(127,205,187)
3	14	15	-4.3240347160988	color=(199,233,180)
3	15	16	-3.493898752899	color=(199,233,180)
3	16	17	-4.6620922761906	color=(199,233,180)
3	17	18	-4.6287992683532	color=(199,233,180)
3	18	19	-4.87877477546	color=(199,233,180)
3	19	20	-4.088239148682	color=(199,233,180)
3	20	21	-3.953292458355	color=(199,233,180)
3	21	22	-3.771521230878	color=(199,233,180)
3	22	23	-3.021079383802	color=(127,205,187)
3	23	24	-3.2446757012436	color=(127,205,187)
3	24	25	-4.9502270963796	color=(199,233,180)
3	25	26	-5.453021070326	color=(199,233,180)
3	26	27	-3.646705847368	color=(199,233,180)
3	27	28	-3.87944502949	color=(199,233,180)
3	28	29	-3.36045726307	color=(199,233,180)
3	29	30	-4.1207250340066	color=(199,233,180)
3	30	31	-4.0559164389274	color=(199,233,180)
3	31	32	-3.7588247007028	color=(199,233,180)
3	32	33	-4.126432487396	color=(199,233,180)
3	33	34	-3.38686537245	color=(199,233,180)
3	34	35	-5.4382031669646	color=(199,233,180)
3	35	36	-3.6105796870516	color=(199,233,180)
3	36	37	-4.4471279592524	color=(199,233,180)
3	37	38	-2.724639025296	color=(127,205,187)
3	38	39	-3.671874000708	color=(199,233,180)
3	39	40	-4.0252795179312	color=(199,233,180)
3	40	41	-2.70244955807944	color=(127,205,187)
3	41	42	-3.3606780461404	color=(199,233,180)
3	42	43	-3.283901310284	color=(127,205,187)
3	43	44	-3.0541866307454	color=(127,205,187)
3	44	45	-4.05800175666638	color=(199,233,180)
3	45	46	-3.182705463678	color=(127,205,187)
3	46	47	-4.2405950333282	color=(199,233,180)
3	47	48	-3.7561660268616	color=(199,233,180)
3	48	49	-3.548127755014	color=(199,233,180)
3	49	50	-6.55444026615608	color=(237,248,177)
3	50	51	-5.0956320413278	color=(199,233,180)
3	51	52	-3.789333810908	color=(199,233,180)
3	52	53	-3.4956538508426	color=(199,233,180)
3	53	54	-4.124136616692	color=(199,233,180)
3	54	55	-4.7333620799766	color=(199,233,180)
3	55	56	-6.0600811938832	color=(237,248,177)
3	56	57	-4.339664649718	color=(199,233,180)
3	57	58	-3.44111117505858	color=(199,233,180)
3	58	59	-2.619408803888	color=(127,205,187)
3	59	60	-3.260734812324	color=(127,205,187)
3	60	61	-2.950460928272	color=(127,205,187)
3	61	62	-3.05786653265428	color=(127,205,187)
3	62	63	-4.4717827081932	color=(199,233,180)
3	63	64	-3.896625923292	color=(199,233,180)
3	64	65	-4.08486694362066	color=(199,233,180)
3	65	66	-2.751355892438	color=(127,205,187)
3	66	67	-2.844756350458	color=(127,205,187)
3	67	68	-3.594760865892	color=(199,233,180)
3	68	69	-5.045172578162	color=(199,233,180)
3	69	70	-4.9892009290766	color=(199,233,180)
3	70	71	-4.66741794767993	color=(199,233,180)
3	71	72	-4.9729494655796	color=(199,233,180)
3	72	73	-3.133156519844	color=(127,205,187)
3	73	74	-3.972048396416	color=(199,233,180)
3	74	75	-4.40113660888928	color=(199,233,180)
3	75	76	-4.0723834296384	color=(199,233,180)
3	76	77	-3.4796106693328	color=(199,233,180)
3	77	78	-4.3227700948644	color=(199,233,180)
3	78	79	-5.1113781999468	color=(199,233,180)
3	79	80	-3.421937438934	color=(199,233,180)
3	80	81	-4.343943668362	color=(199,233,180)
3	81	82	-3.3503835225222	color=(199,233,180)
3	82	83	-4.7925379818136	color=(199,233,180)
3	83	84	-3.60343155992	color=(199,233,180)
3	84	85	-2.828284107585	color=(127,205,187)
3	85	86	-4.15349083985484	color=(199,233,180)
3	86	87	-3.1908312338218	color=(127,205,187)
3	87	88	-3.830604743702	color=(199,233,180)
3	88	89	-4.9823190619178	color=(199,233,180)
3	89	90	-4.707372281278	color=(199,233,180)
3	90	91	-2.853257913602	color=(127,205,187)
3	91	92	-4.54325760778	color=(199,233,180)
3	92	93	-4.5989461182572	color=(199,233,180)
3	93	94	-5.80601623855144	color=(237,248,177)
3	94	95	-4.614400610604	color=(199,233,180)
3	95	96	-1.9823367231896	color=(127,205,187)
3	96	97	-3.396756583692	color=(199,233,180)
3	97	98	-4.5579411535426	color=(199,233,180)
3	98	99	-4.1387570986266	color=(199,233,180)
3	99	100	-3.3501533230754	color=(199,233,180)
3	100	101	-5.3203310946264	color=(199,233,180)
3	101	102	-4.1649842515058	color=(199,233,180)
3	102	103	-3.7098933491	color=(199,233,180)
3	103	104	-4.453533515234	color=(199,233,180)
3	104	105	-4.804841664633	color=(199,233,180)
3	105	106	-3.5367015800094	color=(199,233,180)
3	106	107	-3.453833152028	color=(199,233,180)
3	107	108	-5.00908151334	color=(199,233,180)
3	108	109	-2.6905153334932	color=(127,205,187)
3	109	110	-3.9139982009326	color=(199,233,180)
3	110	111	-3.267947266024	color=(127,205,187)
3	111	112	-5.9141294922826	color=(237,248,177)
3	112	113	-5.879659410216	color=(237,248,177)
3	113	114	-4.1666379875118	color=(199,233,180)
3	114	115	-4.720758251204	color=(199,233,180)
3	115	116	-3.6312326236812	color=(199,233,180)
3	116	117	-3.8210459208874	color=(199,233,180)
3	117	118	-4.442773707074	color=(199,233,180)
3	118	119	-4.4897201539966	color=(199,233,180)
3	119	120	-5.5621055553474	color=(237,248,177)
3	120	121	-5.148751376958	color=(199,233,180)
3	121	122	-4.27068648826	color=(199,233,180)
3	122	123	-1.83278626607	color=(127,205,187)
3	123	124	-7.26915186291	color=(237,248,177)
3	124	125	-3.6600956583652	color=(199,233,180)
3	125	126	-4.5371221043838	color=(199,233,180)
3	126	127	-3.58099738179216	color=(199,233,180)
3	127	128	-4.430471769412	color=(199,233,180)
3	128	129	-4.946984557832	color=(199,233,180)
3	129	130	-4.2437753474856	color=(199,233,180)
3	130	131	-4.5864783562144	color=(199,233,180)
3	131	132	-3.499911975976	color=(199,233,180)
3	132	133	-4.2144105971164	color=(199,233,180)
3	133	134	-2.5024536495364	color=(127,205,187)
3	134	135	-2.6334222197084	color=(127,205,187)
3	135	136	-4.9089728766128	color=(199,233,180)
3	136	137	-3.90774536576	color=(199,233,180)
3	137	138	-1.7624419119742	color=(127,205,187)
3	138	139	-3.1928657763432	color=(127,205,187)
3	139	140	-2.729972750202	color=(127,205,187)
3	140	141	-3.9933541115742	color=(199,233,180)
3	141	142	-3.7305899345946	color=(199,233,180)
3	142	143	-4.937333643452	color=(199,233,180)
3	143	144	-5.31581862821	color=(199,233,180)
3	144	145	-6.2821993233006	color=(237,248,177)
3	145	146	-4.3622955761748	color=(199,233,180)
3	146	147	-2.7202945520054	color=(127,205,187)
3	147	148	-4.7133705788468	color=(199,233,180)
3	148	149	-2.896082271136	color=(127,205,187)
3	149	150	-4.1438617147822	color=(199,233,180)
3	150	151	-3.8255784155298	color=(199,233,180)
3	151	152	-2.4324600902144	color=(127,205,187)
3	152	153	-4.280986669554	color=(199,233,180)
3	153	154	-4.846027921336	color=(199,233,180)
3	154	155	-4.368855755832	color=(199,233,180)
3	155	156	-3.147703450706	color=(127,205,187)
3	156	157	-4.060403958658	color=(199,233,180)
3	157	158	-4.2845235267036	color=(199,233,180)
3	158	159	-3.5553480059254	color=(199,233,180)
3	159	160	-2.47452213087	color=(127,205,187)
3	160	161	-3.9644250039042	color=(199,233,180)
3	161	162	-3.867836498982	color=(199,233,180)
3	162	163	-3.05374529357948	color=(127,205,187)
3	163	164	-5.069924151616	color=(199,233,180)
3	164	165	-3.116091767456	color=(127,205,187)
3	165	166	-4.0066412230692	color=(199,233,180)
3	166	167	-4.937315468002	color=(199,233,180)
3	167	168	-5.286035937806	color=(199,233,180)
3	168	169	-4.63769581975	color=(199,233,180)
3	169	170	-3.26804118447	color=(127,205,187)
3	170	171	-3.784631253362	color=(199,233,180)
3	171	172	-4.4306416875136	color=(199,233,180)
3	172	173	-5.1303188001988	color=(199,233,180)
3	173	174	-3.9959570147424	color=(199,233,180)
3	174	175	-4.96594652978892	color=(199,233,180)
3	175	176	-4.0449369701372	color=(199,233,180)
3	176	177	-4.1202505885242	color=(199,233,180)
3	177	178	-6.2725507777768	color=(237,248,177)
3	178	179	-2.3827472468426	color=(127,205,187)
3	179	180	-4.714600832478	color=(199,233,180)
3	180	181	-3.79499280891	color=(199,233,180)
3	181	182	-5.679425505526	color=(237,248,177)
3	182	183	-2.293386983588	color=(127,205,187)
3	183	184	-3.0000513099016	color=(127,205,187)
3	184	185	-4.8131679648418	color=(199,233,180)
3	185	186	-5.38907251232938	color=(199,233,180)
3	186	187	-5.1148694552876	color=(199,233,180)
3	187	188	-3.1308868443462	color=(127,205,187)
3	188	189	-3.911350681462	color=(199,233,180)
3	189	190	-4.112898658282	color=(199,233,180)
3	190	191	-4.531033347015	color=(199,233,180)
3	191	192	-3.249941092614	color=(127,205,187)
3	192	193	-2.2122745309048	color=(127,205,187)
3	193	194	-4.3167619140184	color=(199,233,180)
3	194	195	-4.062137489466	color=(199,233,180)
3	195	196	-5.1980529371194	color=(199,233,180)
3	196	197	-3.75521542781056	color=(199,233,180)
3	197	198	-4.4906200970976	color=(199,233,180)
3	198	199	-4.141971358288	color=(199,233,180)
3	199	200	-4.3287036648	color=(199,233,180)
3	200	201	-4.0261866771788	color=(199,233,180)
3	201	202	-2.9784258577692	color=(127,205,187)
3	202	203	-4.856357503872	color=(199,233,180)
3	203	204	-4.04859339029742	color=(199,233,180)
3	204	205	-5.200849661832	color=(199,233,180)
3	205	206	-3.3043549180956	color=(127,205,187)
3	206	207	-3.097865748204	color=(127,205,187)
3	207	208	-4.351075490936	color=(199,233,180)
3	208	209	-6.1763840099848	color=(237,248,177)
3	209	210	-4.8016525764662	color=(199,233,180)
3	210	211	-3.505568220458	color=(199,233,180)
3	211	212	-3.807918237424	color=(199,233,180)
3	212	213	-3.7935766134	color=(199,233,180)
3	213	214	-4.4821920946854	color=(199,233,180)
3	214	215	-2.86735171936	color=(127,205,187)
3	215	216	-3.784804222502	color=(199,233,180)
3	216	217	-5.1974749996792	color=(199,233,180)
3	217	218	-3.8641585330376	color=(199,233,180)
3	218	219	-6.126629176286	color=(237,248,177)
3	219	220	-3.427797572838	color=(199,233,180)
3	220	221	-4.27381195805	color=(199,233,180)
3	221	222	-2.7018352780756	color=(127,205,187)
3	222	223	-4.1117710989964	color=(199,233,180)
3	223	224	-3.842901921172	color=(199,233,180)
3	224	225	-3.349717877688	color=(199,233,180)
3	225	226	-3.421528639928	color=(199,233,180)
3	226	227	-4.1971492350738	color=(199,233,180)
4	0	1	0.56286186555	color=(65,182,196)
4	1	2	1.139198560356	color=(29,145,192)
4	2	3	1.0250903696508	color=(65,182,196)
4	3	4	0.984205085764	color=(65,182,196)
4	4	5	-0.582287657635	color=(65,182,196)
4	5	6	1.602460340316	color=(29,145,192)
4	6	7	0.501165107888	color=(65,182,196)
4	7	8	0.45881188001156	color=(65,182,196)
4	8	9	0.7038691096862	color=(65,182,196)
4	9	10	0.721571042759999	color=(65,182,196)
4	10	11	1.91797092146	color=(29,145,192)
4	11	12	2.860047819134	color=(29,145,192)
4	12	13	0.56509761765	color=(65,182,196)
4	13	14	0.9443456777494	color=(65,182,196)
4	14	15	1.355012626654	color=(29,145,192)
4	15	16	0.831045128576	color=(65,182,196)
4	16	17	0.043740172018	color=(65,182,196)
4	17	18	1.16326708361	color=(29,145,192)
4	18	19	1.042325076254	color=(65,182,196)
4	19	20	1.001532862504	color=(65,182,196)
4	20	21	0.64681090006	color=(65,182,196)
4	21	22	0.89904765872	color=(65,182,196)
4	22	23	1.882261046854	color=(29,145,192)
4	23	24	1.7867881699114	color=(29,145,192)
4	24	25	0.19971924663	color=(65,182,196)
4	25	26	-1.9956377084898	color=(127,205,187)
4	26	27	1.781413112076	color=(29,145,192)
4	27	28	1.246659297112	color=(29,145,192)
4	28	29	2.576063481851	color=(29,145,192)
4	29	30	1.311854503396	color=(29,145,192)
4	30	31	5.3169570548374	color=(34,94,168)
4	31	32	2.136650236376	color=(29,145,192)
4	32	33	1.916457477694	color=(29,145,192)
4	33	34	-0.0309030204899994	color=(65,182,196)
4	34	35	0.947575628379999	color=(65,182,196)
4	35	36	0.5523738365408	color=(65,182,196)
4	36	37	4.1791990790154	color=(34,94,168)
4	37	38	1.500604774908	color=(29,145,192)
4	38	39	1.31725792267	color=(29,145,192)
4	39	40	0.297483501621999	color=(65,182,196)
4	40	41	1.505655329958	color=(29,145,192)
4	41	42	0.68451129664	color=(65,182,196)
4	42	43	-0.7558230140682	color=(65,182,196)
4	43	44	1.47488565987	color=(29,145,192)
4	44	45	2.2157950655	color=(29,145,192)
4	45	46	1.011781176622	color=(65,182,196)
4	46	47	0.9436697154546	color=(65,182,196)
4	47	48	2.048073494224	color=(29,145,192)
4	48	49	0.560441129546	color=(65,182,196)
4	49	50	0.614296721972	color=(65,182,196)
4	50	51	1.39284617351	color=(29,145,192)
4	51	52	2.49994014973	color=(29,145,192)
4	52	53	0.4460527126028	color=(65,182,196)
4	53	54	2.047031430568	color=(29,145,192)
4	54	55	2.53393514821	color=(29,145,192)
4	55	56	0.75389429685	color=(65,182,196)
4	56	57	0.6080404741418	color=(65,182,196)
4	57	58	1.5663498539362	color=(29,145,192)
4	58	59	1.057269984248	color=(65,182,196)
4	59	60	1.174965337362	color=(29,145,192)
4	60	61	-1.1587368429882	color=(127,205,187)
4	61	62	0.963879524392	color=(65,182,196)
4	62	63	0.613651143994	color=(65,182,196)
4	63	64	0.239828748542	color=(65,182,196)
4	64	65	1.567060113416	color=(29,145,192)
4	65	66	0.881981643488	color=(65,182,196)
4	66	67	2.250629889484	color=(29,145,192)
4	67	68	1.04726659946666	color=(65,182,196)
4	68	69	2.29933716916	color=(29,145,192)
4	69	70	1.237467217384	color=(29,145,192)
4	70	71	1.011239571626	color=(65,182,196)
4	71	72	0.798374477518	color=(65,182,196)
4	72	73	1.878791935012	color=(29,145,192)
4	73	74	0.917903996574	color=(65,182,196)
4	74	75	0.9636425495162	color=(65,182,196)
4	75	76	2.176380101141	color=(29,145,192)
4	76	77	0.8718169098306	color=(65,182,196)
4	77	78	2.86797126243738	color=(29,145,192)
4	78	79	1.88139486595	color=(29,145,192)
4	79	80	1.00331888332599	color=(65,182,196)
4	80	81	0.265782948436	color=(65,182,196)
4	81	82	0.860513689482	color=(65,182,196)
4	82	83	0.543426496616	color=(65,182,196)
4	83	84	1.843454771802	color=(29,145,192)
4	84	85	-0.17952374438	color=(65,182,196)
4	85	86	0.354827128421999	color=(65,182,196)
4	86	87	0.869625758638	color=(65,182,196)
4	87	88	-0.5796647184332	color=(65,182,196)
4	88	89	-0.405122219932	color=(65,182,196)
4	89	90	0.504982006385999	color=(65,182,196)
4	90	91	-0.7859810853556	color=(65,182,196)
4	91	92	0.460747359898	color=(65,182,196)
4	92	93	0.92425496886222	color=(65,182,196)
4	93	94	0.805800771612	color=(65,182,196)
4	94	95	2.0169803327926	color=(29,145,192)
4	95	96	0.501940728848	color=(65,182,196)
4	96	97	1.111602485608	color=(29,145,192)
4	97	98	-0.2757153732	color=(65,182,196)
4	98	99	1.1660116064444	color=(29,145,192)
4	99	100	1.055769252924	color=(65,182,196)
4	100	101	1.181011310966	color=(29,145,192)
4	101	102	1.75037035505	color=(29,145,192)
4	102	103	2.521761097334	color=(29,145,192)
4	103	104	-0.4256515394666	color=(65,182,196)
4	104	105	1.700314281208	color=(29,145,192)
4	105	106	0.7625488299568	color=(65,182,196)
4	106	107	1.438545932638	color=(29,145,192)
4	107	108	0.833893418182	color=(65,182,196)
4	108	109	0.9648533482906	color=(65,182,196)
4	109	110	0.128449968718001	color=(65,182,196)
4	110	111	0.885650648806001	color=(65,182,196)
4	111	112	1.42956429468596	color=(29,145,192)
4	112	113	1.761737763346	color=(29,145,192)
4	113	114	1.322316800866	color=(29,145,192)
4	114	115	2.782119847428	color=(29,145,192)
4	115	116	0.820956930906	color=(65,182,196)
4	116	117	2.273564185301	color=(29,145,192)
4	117	118	0.34783842709	color=(65,182,196)
4	118	119	-0.442787564582	color=(65,182,196)
4	119	120	1.9519809691444	color=(29,145,192)
4	120	121	0.071838502789078	color=(65,182,196)
4	121	122	2.326337919354	color=(29,145,192)
4	122	123	0.403481891898	color=(65,182,196)
4	123	124	-1.048656032517	color=(65,182,196)
4	124	125	1.18214711615676	color=(29,145,192)
4	125	126	0.83302226978	color=(65,182,196)
4	126	127	0.532027221638	color=(65,182,196)
4	127	128	0.73498534252	color=(65,182,196)
4	128	129	0.584028109402	color=(65,182,196)
4	129	130	1.01167999527604	color=(65,182,196)
4	130	131	1.1450846699334	color=(29,145,192)
4	131	132	2.495088932478	color=(29,145,192)
4	132	133	1.786210594622	color=(29,145,192)
4	133	134	1.31121547499714	color=(29,145,192)
4	134	135	2.33219257584	color=(29,145,192)
4	135	136	3.261132065828	color=(29,145,192)
4	136	137	0.60253870586938	color=(65,182,196)
4	137	138	0.94912743366018	color=(65,182,196)
4	138	139	-0.1192090790456	color=(65,182,196)
4	139	140	1.682303758862	color=(29,145,192)
4	140	141	1.972411385416	color=(29,145,192)
4	141	142	0.114917405046	color=(65,182,196)
4	142	143	2.869598229254	color=(29,145,192)
4	143	144	1.039996509844	color=(65,182,196)
4	144	145	1.17807084164578	color=(29,145,192)
4	145	146	1.860447177226	color=(29,145,192)
4	146	147	1.317704309342	color=(29,145,192)
4	147	148	1.1385824445304	color=(29,145,192)
4	148	149	1.38171236978	color=(29,145,192)
4	149	150	-0.7162096140638	color=(65,182,196)
4	150	151	-0.4964537881536	color=(65,182,196)
4	151	152	0.7006471015728	color=(65,182,196)
4	152	153	2.51307079441	color=(29,145,192)
4	153	154	0.50782743076864	color=(65,182,196)
4	154	155	1.510627820996	color=(29,145,192)
4	155	156	1.938082978338	color=(29,145,192)
4	156	157	1.20985436599224	color=(29,145,192)
4	157	158	1.424801780797	color=(29,145,192)
4	158	159	2.214898015218	color=(29,145,192)
4	159	160	-0.8229796648184	color=(65,182,196)
4	160	161	1.0519714803846	color=(65,182,196)
4	161	162	1.754422174396	color=(29,145,192)
4	162	163	1.983047599716	color=(29,145,192)
4	163	164	1.842063202156	color=(29,145,192)
4	164	165	0.16570937398844	color=(65,182,196)
4	165	166	0.69372078122	color=(65,182,196)
4	166	167	0.731237978455	color=(65,182,196)
4	167	168	1.89508049180248	color=(29,145,192)
4	168	169	3.112933096836	color=(29,145,192)
4	169	170	0.750922913630001	color=(65,182,196)
4	170	171	2.3974463408006	color=(29,145,192)
4	171	172	2.117555392386	color=(29,145,192)
4	172	173	1.6856942711156	color=(29,145,192)
4	173	174	0.794977260698	color=(65,182,196)
4	174	175	2.5989656125224	color=(29,145,192)
4	175	176	1.0432649341134	color=(65,182,196)
4	176	177	0.8588815732128	color=(65,182,196)
4	177	178	2.0488362453	color=(29,145,192)
4	178	179	2.594146521584	color=(29,145,192)
4	179	180	-0.83221418612966	color=(65,182,196)
4	180	181	1.482598643129	color=(29,145,192)
4	181	182	1.0942046989764	color=(65,182,196)
4	182	183	-0.34255091588614	color=(65,182,196)
4	183	184	3.9425372020086	color=(34,94,168)
4	184	185	2.8440476874502	color=(29,145,192)
4	185	186	1.681739748536	color=(29,145,192)
4	186	187	1.370795392575	color=(29,145,192)
4	187	188	2.199941413562	color=(29,145,192)
4	188	189	1.0542856997702	color=(65,182,196)
4	189	190	-0.47014766218	color=(65,182,196)
4	190	191	1.9416214079312	color=(29,145,192)
4	191	192	2.5366369998242	color=(29,145,192)
4	192	193	2.017083105612	color=(29,145,192)
4	193	194	-0.1262702255	color=(65,182,196)
4	194	195	0.8896695674558	color=(65,182,196)
4	195	196	1.597641780438	color=(29,145,192)
4	196	197	2.2721210514344	color=(29,145,192)
4	197	198	1.302252971798	color=(29,145,192)
4	198	199	0.484410043014	color=(65,182,196)
4	199	200	-0.655513833428	color=(65,182,196)
4	200	201	1.564547488038	color=(29,145,192)
4	201	202	0.240235009414	color=(65,182,196)
4	202	203	0.898733325158	color=(65,182,196)
4	203	204	0.7995300248818	color=(65,182,196)
4	204	205	1.582769122194	color=(29,145,192)
4	205	206	0.657215074027999	color=(65,182,196)
4	206	207	2.0974402282908	color=(29,145,192)
4	207	208	2.09866977745	color=(29,145,192)
4	208	209	0.943015245396	color=(65,182,196)
4	209	210	1.2533081002096	color=(29,145,192)
4	210	211	1.530290014582	color=(29,145,192)
4	211	212	-0.845803707036	color=(65,182,196)
4	212	213	0.82685155351	color=(65,182,196)
4	213	214	1.0035015284256	color=(65,182,196)
4	214	215	-0.0447627298379999	color=(65,182,196)
4	215	216	1.770607446024	color=(29,145,192)
4	216	217	2.100511584374	color=(29,145,192)
4	217	218	1.297497664434	color=(29,145,192)
4	218	219	-0.0149739099039996	color=(65,182,196)
4	219	220	1.077228140034	color=(65,182,196)
4	220	221	-0.4701603868446	color=(65,182,196)
4	221	222	1.375325378694	color=(29,145,192)
4	222	223	2.2619173238768	color=(29,145,192)
4	223	224	1.400648902908	color=(29,145,192)
4	224	225	0.3962269149314	color=(65,182,196)
4	225	226	0.7147271281544	color=(65,182,196)
4	226	227	2.4387303541445	color=(29,145,192)
4	227	228	0.808714054206	color=(65,182,196)
4	228	229	0.463166430254001	color=(65,182,196)
4	229	230	2.71088248632	color=(29,145,192)
4	230	231	-0.813853401778001	color=(65,182,196)
4	231	232	-0.000821306995999915	color=(65,182,196)
4	232	233	0.91601445579	color=(65,182,196)
4	233	234	1.840092063666	color=(29,145,192)
4	234	235	1.675934166294	color=(29,145,192)
4	235	236	0.563907208761	color=(65,182,196)
4	236	237	0.586145923724	color=(65,182,196)
4	237	238	1.079974537982	color=(65,182,196)
4	238	239	1.706917893816	color=(29,145,192)
4	239	240	1.2768427093356	color=(29,145,192)
4	240	241	1.648147328482	color=(29,145,192)
4	241	242	0.750827941484	color=(65,182,196)
4	242	243	-0.8463159711868	color=(65,182,196)
4	243	244	0.7422891307374	color=(65,182,196)
4	244	245	2.27982363659	color=(29,145,192)
4	245	246	0.796553172612001	color=(65,182,196)
4	246	247	1.34142427748	color=(29,145,192)
4	247	248	-0.0880922406279998	color=(65,182,196)
4	248	249	0.7264606457424	color=(65,182,196)
4	249	250	-0.23471276374504	color=(65,182,196)
4	250	251	0.379626060486	color=(65,182,196)
4	251	252	0.649406743002	color=(65,182,196)
4	252	253	1.656370216716	color=(29,145,192)
4	253	254	1.033085499044	color=(65,182,196)
4	254	255	-0.736306241284	color=(65,182,196)
4	255	256	1.9890659775066	color=(29,145,192)
4	256	257	1.260455344166	color=(29,145,192)
4	257	258	1.593666208736	color=(29,145,192)
4	258	259	0.8552145934156	color=(65,182,196)
4	259	260	1.053025473326	color=(65,182,196)
4	260	261	1.020187391194	color=(65,182,196)
4	261	262	1.3754133344562	color=(29,145,192)
4	262	263	0.9682448293134	color=(65,182,196)
4	263	264	2.104227308186	color=(29,145,192)
4	264	265	1.26122390186949	color=(29,145,192)
4	265	266	1.8865792096832	color=(29,145,192)
4	266	267	1.27540218857554	color=(29,145,192)
4	267	268	-0.130269636374	color=(65,182,196)
4	268	269	1.496368040042	color=(29,145,192)
4	269	270	1.604608583364	color=(29,145,192)
4	270	271	1.89828725797	color=(29,145,192)
4	271	272	1.511176875358	color=(29,145,192)
4	272	273	0.00470390979639997	color=(65,182,196)
4	273	274	1.6119766881634	color=(29,145,192)
4	274	275	1.60424263123	color=(29,145,192)
4	275	276	1.4548588547492	color=(29,145,192)
4	276	277	3.106051080182	color=(29,145,192)
4	277	278	-0.718992812886434	color=(65,182,196)
5	0	1	-0.01365354604	color=(65,182,196)
5	1	2	1.05514170670346	color=(65,182,196)
5	2	3	-1.4206575902796	color=(127,205,187)
5	3	4	-1.0068635737142	color=(65,182,196)
5	4	5	-1.2275281671844	color=(127,205,187)
5	5	6	-0.94441026732604	color=(65,182,196)
5	6	7	0.74903412196	color=(65,182,196)
5	7	8	-2.098875983138	color=(127,205,187)
5	8	9	-3.0470731040128	color=(127,205,187)
5	9	10	0.990219903092	color=(65,182,196)
5	10	11	-2.06513569264778	color=(127,205,187)
5	11	12	-2.0550615467872	color=(127,205,187)
5	12	13	-0.760052372804	color=(65,182,196)
5	13	14	-1.10671801424186	color=(65,182,196)
5	14	15	-0.916059797054	color=(65,182,196)
5	15	16	-0.820912650067999	color=(65,182,196)
5	16	17	-0.56814826491	color=(65,182,196)
5	17	18	-0.99097899763542	color=(65,182,196)
5	18	19	-1.7490484727116	color=(127,205,187)
5	19	20	-0.538446797466	color=(65,182,196)
5	20	21	-2.25728053196	color=(127,205,187)
5	21	22	-1.751344352768	color=(127,205,187)
5	22	23	-0.89892262496	color=(65,182,196)
5	23	24	-0.264730667546	color=(65,182,196)
5	24	25	-0.6899346257186	color=(65,182,196)
5	25	26	-1.2810613346668	color=(127,205,187)
5	26	27	-0.74094272242256	color=(65,182,196)
5	27	28	0.868932065099999	color=(65,182,196)
5	28	29	-0.118721984242	color=(65,182,196)
5	29	30	-0.148427651752	color=(65,182,196)
5	30	31	-1.154240680218	color=(127,205,187)
5	31	32	-1.99595561914312	color=(127,205,187)
5	32	33	-1.2389683979002	color=(127,205,187)
5	33	34	-0.8348518563908	color=(65,182,196)
5	34	35	0.335102278434	color=(65,182,196)
5	35	36	-1.036777621	color=(65,182,196)
5	36	37	1.5093903050912	color=(29,145,192)
5	37	38	0.605980518104	color=(65,182,196)
5	38	39	-1.883185527784	color=(127,205,187)
5	39	40	-0.252715605618	color=(65,182,196)
5	40	41	-1.46794368330228	color=(127,205,187)
5	41	42	0.0747913634339996	color=(65,182,196)
5	42	43	-0.76390494278606	color=(65,182,196)
5	43	44	-1.389251808004	color=(127,205,187)
5	44	45	-2.3938401510066	color=(127,205,187)
5	45	46	-0.353077954102	color=(65,182,196)
5	46	47	-0.427213640190001	color=(65,182,196)
5	47	48	-0.97966311153	color=(65,182,196)
5	48	49	-0.9386912304386	color=(65,182,196)
5	49	50	-1.2979773378934	color=(127,205,187)
5	50	51	-0.210816303968	color=(65,182,196)
5	51	52	-1.21056855151	color=(127,205,187)
5	52	53	-1.9645588961642	color=(127,205,187)
5	53	54	-0.659716125976	color=(65,182,196)
5	54	55	-1.29649711245	color=(127,205,187)
5	55	56	1.113887093722	color=(29,145,192)
5	56	57	-1.01204533037724	color=(65,182,196)
5	57	58	-0.56324885105	color=(65,182,196)
5	58	59	0.5714586875052	color=(65,182,196)
5	59	60	-2.174965104412	color=(127,205,187)
5	60	61	-1.451112422314	color=(127,205,187)
5	61	62	-2.0043475767876	color=(127,205,187)
5	62	63	-1.7706267482656	color=(127,205,187)
5	63	64	-1.39949156256	color=(127,205,187)
5	64	65	-0.100063123356	color=(65,182,196)
5	65	66	-2.3947379792546	color=(127,205,187)
5	66	67	-2.26067880718076	color=(127,205,187)
5	67	68	0.25779252803528	color=(65,182,196)
5	68	69	-1.437833172347	color=(127,205,187)
5	69	70	-1.660099399402	color=(127,205,187)
5	70	71	-0.321468032664	color=(65,182,196)
5	71	72	0.625346093412	color=(65,182,196)
5	72	73	-1.219208890811	color=(127,205,187)
5	73	74	-1.26291614046116	color=(127,205,187)
5	74	75	0.232518550974	color=(65,182,196)
5	75	76	-0.693344747259999	color=(65,182,196)
5	76	77	-0.870303863931	color=(65,182,196)
5	77	78	0.5494726810418	color=(65,182,196)
5	78	79	-0.11586762856868	color=(65,182,196)
5	79	80	-0.740723282391	color=(65,182,196)
5	80	81	0.571006602586	color=(65,182,196)
5	81	82	-2.8510026767144	color=(127,205,187)
5	82	83	-0.9362303522838	color=(65,182,196)
5	83	84	-0.11105199473137	color=(65,182,196)
5	84	85	0.0611345034569999	color=(65,182,196)
5	85	86	0.6684788646784	color=(65,182,196)
5	86	87	-0.056482465068	color=(65,182,196)
5	87	88	-1.0029984730208	color=(65,182,196)
5	88	89	-0.455679135602001	color=(65,182,196)
5	89	90	-0.7453274742668	color=(65,182,196)
5	90	91	-0.221986164499	color=(65,182,196)
5	91	92	-0.642705050729999	color=(65,182,196)
5	92	93	-1.05235801918	color=(65,182,196)
5	93	94	-1.235234280822	color=(127,205,187)
5	94	95	-1.4794776538558	color=(127,205,187)
5	95	96	-1.34192469975	color=(127,205,187)
5	96	97	-1.58038853103108	color=(127,205,187)
5	97	98	-0.631781200698	color=(65,182,196)
5	98	99	1.4006745081634	color=(29,145,192)
5	99	100	-0.9600466524444	color=(65,182,196)
5	100	101	-0.363178049714	color=(65,182,196)
5	101	102	-1.6532622501444	color=(127,205,187)
5	102	103	-1.9175174916274	color=(127,205,187)
5	103	104	-0.6658762825594	color=(65,182,196)
5	104	105	-1.19613890385	color=(127,205,187)
5	105	106	-1.095559035924	color=(65,182,196)
5	106	107	-2.49384633672	color=(127,205,187)
5	107	108	-2.3164299955768	color=(127,205,187)
5	108	109	-1.413556234296	color=(127,205,187)
5	109	110	-1.7300096983628	color=(127,205,187)
5	110	111	-1.30205402954	color=(127,205,187)
5	111	112	-0.1944546349756	color=(65,182,196)
5	112	113	0.639774753912	color=(65,182,196)
5	113	114	-1.6674388632956	color=(127,205,187)
5	114	115	-1.07781848378148	color=(65,182,196)
5	115	116	-1.651142098592	color=(127,205,187)
5	116	117	-1.144218742412	color=(127,205,187)
5	117	118	-1.404536379628	color=(127,205,187)
5	118	119	-0.787605291464	color=(65,182,196)
5	119	120	-1.14399911151954	color=(127,205,187)
5	120	121	-2.0303891429604	color=(127,205,187)
5	121	122	-1.773795163154	color=(127,205,187)
5	122	123	-1.350103936428	color=(127,205,187)
5	123	124	-0.2246783444	color=(65,182,196)
5	124	125	-1.6244746180388	color=(127,205,187)
5	125	126	-1.42793890103	color=(127,205,187)
5	126	127	-0.788899920914	color=(65,182,196)
5	127	128	-0.662901311642001	color=(65,182,196)
5	128	129	-2.5796975580636	color=(127,205,187)
5	129	130	0.3539622170856	color=(65,182,196)
5	130	131	-1.689849764154	color=(127,205,187)
5	131	132	0.3103432343732	color=(65,182,196)
5	132	133	-0.6821568555831	color=(65,182,196)
5	133	134	-0.415451779042	color=(65,182,196)
5	134	135	-2.141347653832	color=(127,205,187)
5	135	136	0.237987326864	color=(65,182,196)
5	136	137	1.1839006058058	color=(29,145,192)
5	137	138	-1.532949661812	color=(127,205,187)
5	138	139	-0.7011693523954	color=(65,182,196)
5	139	140	-1.5269459553386	color=(127,205,187)
5	140	141	-0.8446450792894	color=(65,182,196)
5	141	142	-1.002102710892	color=(65,182,196)
5	142	143	-0.288935320052	color=(65,182,196)
5	143	144	-1.0446090724378	color=(65,182,196)
5	144	145	-1.241095881076	color=(127,205,187)
5	145	146	-1.1763021481096	color=(127,205,187)
5	146	147	-0.75557204233082	color=(65,182,196)
5	147	148	-1.002758499772	color=(65,182,196)
5	148	149	-0.349070335611	color=(65,182,196)
5	149	150	-1.822357969714	color=(127,205,187)
5	150	151	-0.46345535321	color=(65,182,196)
5	151	152	-1.7802974676796	color=(127,205,187)
5	152	153	0.415572369983	color=(65,182,196)
5	153	154	-1.5205692311526	color=(127,205,187)
5	154	155	-1.202652477328	color=(127,205,187)
5	155	156	-1.458083052593	color=(127,205,187)
5	156	157	-1.206161228406	color=(127,205,187)
5	157	158	-0.7172170545586	color=(65,182,196)
5	158	159	-0.649090314508	color=(65,182,196)
5	159	160	0.173676278072	color=(65,182,196)
5	160	161	-0.4394603187106	color=(65,182,196)
5	161	162	0.514808635656	color=(65,182,196)
5	162	163	-1.284643374806	color=(127,205,187)
5	163	164	-1.9672501363838	color=(127,205,187)
5	164	165	-0.732515756206	color=(65,182,196)
5	165	166	-0.8054054401284	color=(65,182,196)
5	166	167	-1.06250709467528	color=(65,182,196)
5	167	168	-0.565064229828	color=(65,182,196)
5	168	169	0.4893001181834	color=(65,182,196)
5	169	170	-0.9528993570474	color=(65,182,196)
5	170	171	-0.92412586212	color=(65,182,196)
5	171	172	-1.127406540088	color=(127,205,187)
5	172	173	-0.778143297662	color=(65,182,196)
5	173	174	-1.123973908182	color=(127,205,187)
5	174	175	-0.433864393492001	color=(65,182,196)
5	175	176	-0.92716095414804	color=(65,182,196)
5	176	177	-2.0012979212492	color=(127,205,187)
5	177	178	-0.48610124271156	color=(65,182,196)
5	178	179	-0.83992655917386	color=(65,182,196)
5	179	180	-3.118909647311	color=(127,205,187)
5	180	181	-0.427296670887999	color=(65,182,196)
5	181	182	-0.886420302099	color=(65,182,196)
5	182	183	-0.80301613168	color=(65,182,196)
5	183	184	-1.0288942917468	color=(65,182,196)
5	184	185	-3.09848767118	color=(127,205,187)
5	185	186	-1.1361120436994	color=(127,205,187)
5	186	187	0.0983825694439995	color=(65,182,196)
5	187	188	-1.1773627685018	color=(127,205,187)
5	188	189	-2.097056955424	color=(127,205,187)
5	189	190	-1.5555100740964	color=(127,205,187)
5	190	191	-1.76347654991764	color=(127,205,187)
5	191	192	-1.50513709620145	color=(127,205,187)
5	192	193	-1.2459434525252	color=(127,205,187)
5	193	194	-1.51709875271	color=(127,205,187)
5	194	195	0.13657907753	color=(65,182,196)
5	195	196	-0.3494623786066	color=(65,182,196)
5	196	197	-1.937543856428	color=(127,205,187)
5	197	198	-1.216404031308	color=(127,205,187)
5	198	199	-1.927157183886	color=(127,205,187)
5	199	200	-0.00800098767600055	color=(65,182,196)
5	200	201	-0.182550424722	color=(65,182,196)
5	201	202	-1.09136792036616	color=(65,182,196)
5	202	203	1.130898160358	color=(29,145,192)
5	203	204	-1.576567483288	color=(127,205,187)
5	204	205	-1.388368271388	color=(127,205,187)
5	205	206	-1.1770840276436	color=(127,205,187)
5	206	207	-0.128089982752	color=(65,182,196)
5	207	208	-1.7572753822352	color=(127,205,187)
5	208	209	-1.675368895708	color=(127,205,187)
5	209	210	0.0360925390514	color=(65,182,196)
5	210	211	-1.52296703807611	color=(127,205,187)
5	211	212	-1.3311871905104	color=(127,205,187)
5	212	213	-1.901823369124	color=(127,205,187)
5	213	214	-1.099680408554	color=(65,182,196)
5	214	215	-0.293787056502	color=(65,182,196)
5	215	216	0.481167642086	color=(65,182,196)
5	216	217	-1.408998870832	color=(127,205,187)
5	217	218	-1.3362646698032	color=(127,205,187)
5	218	219	-2.6069386149408	color=(127,205,187)
5	219	220	-0.934791329225	color=(65,182,196)
5	220	221	-0.677567784616	color=(65,182,196)
5	221	222	-0.80203411494148	color=(65,182,196)
5	222	223	-1.754374921771	color=(127,205,187)
5	223	224	-2.4253444981496	color=(127,205,187)
5	224	225	-2.2520678507062	color=(127,205,187)
5	225	226	-0.4333062566396	color=(65,182,196)
5	226	227	-1.129834831534	color=(127,205,187)
5	227	228	-2.3396957535868	color=(127,205,187)
5	228	229	-0.601096540492	color=(65,182,196)
5	229	230	-1.5621979147588	color=(127,205,187)
5	230	231	-0.7398371986832	color=(65,182,196)
5	231	232	-0.525444964494	color=(65,182,196)
5	232	233	-0.971248086274	color=(65,182,196)
5	233	234	-2.41665439196	color=(127,205,187)
5	234	235	-1.7053297253496	color=(127,205,187)
5	235	236	-0.496350600914	color=(65,182,196)
5	236	237	-2.248231216606	color=(127,205,187)
5	237	238	-0.972690475112	color=(65,182,196)
5	238	239	-1.5566867014392	color=(127,205,187)
5	239	240	-1.024480597729	color=(65,182,196)
5	240	241	-1.40881705686068	color=(127,205,187)
5	241	242	-0.750043966141012	color=(65,182,196)
5	242	243	-0.869357739306	color=(65,182,196)
5	243	244	-1.6219513506128	color=(127,205,187)
5	244	245	-1.0320348614028	color=(65,182,196)
5	245	246	-0.425445506218	color=(65,182,196)
5	246	247	-0.0615123930040005	color=(65,182,196)
5	247	248	-1.88688669563438	color=(127,205,187)
5	248	249	-1.649297497746	color=(127,205,187)
5	249	250	-0.9550273807632	color=(65,182,196)
5	250	251	-2.266265960794	color=(127,205,187)
5	251	252	-1.4818853709902	color=(127,205,187)
5	252	253	-1.5386452289896	color=(127,205,187)
5	253	254	-0.2846417151694	color=(65,182,196)
5	254	255	-0.0884628675544201	color=(65,182,196)
5	255	256	-1.0260506711294	color=(65,182,196)
5	256	257	-0.318586545178	color=(65,182,196)
5	257	258	-1.322705401526	color=(127,205,187)
5	258	259	0.55309459833	color=(65,182,196)
5	259	260	-1.129733516424	color=(127,205,187)
5	260	261	-2.611575138366	color=(127,205,187)
5	261	262	-0.5116186931038	color=(65,182,196)
5	262	263	-1.196638833704	color=(127,205,187)
5	263	264	-2.419688214164	color=(127,205,187)
5	264	265	-0.969445637915	color=(65,182,196)
5	265	266	-0.809699622944	color=(65,182,196)
5	266	267	0.0691570050600001	color=(65,182,196)
5	267	268	-1.2693805550132	color=(127,205,187)
5	268	269	-1.73819041784524	color=(127,205,187)
5	269	270	-0.126118546580001	color=(65,182,196)
5	270	271	-1.862493691924	color=(127,205,187)
5	271	272	-1.82553945615	color=(127,205,187)
5	272	273	-0.442258462888	color=(65,182,196)
5	273	274	-2.662231057738	color=(127,205,187)
5	274	275	0.55845831515	color=(65,182,196)
5	275	276	1.607946205526	color=(29,145,192)
5	276	277	-0.838168802706	color=(65,182,196)
5	277	278	-1.7113184994628	color=(127,205,187)
5	278	279	-1.021809750512	color=(65,182,196)
5	279	280	-0.3066009171108	color=(65,182,196)
5	280	281	-1.04892850628454	color=(65,182,196)
5	281	282	-1.026479852302	color=(65,182,196)
5	282	283	-1.4183325996252	color=(127,205,187)
5	283	284	-1.3548878848004	color=(127,205,187)
5	284	285	0.00406276151840013	color=(65,182,196)
5	285	286	-2.5350259883812	color=(127,205,187)
5	286	287	-2.788159133666	color=(127,205,187)
5	287	288	-2.0668053668904	color=(127,205,187)
5	288	289	-1.8998132530156	color=(127,205,187)
5	289	290	-1.5981422867684	color=(127,205,187)
5	290	291	-2.00554737883762	color=(127,205,187)
6	0	1	5.4056074598144	color=(34,94,168)
6	1	2	5.5442600377948	color=(37,52,148)
6	2	3	6.1900612413834	color=(37,52,148)
6	3	4	6.3372970154256	color=(37,52,148)
6	4	5	6.296725742922	color=(37,52,148)
6	5	6	5.806495500848	color=(37,52,148)
6	6	7	4.693868003792	color=(34,94,168)
6	7	8	6.482422369428	color=(37,52,148)
6	8	9	3.8289157418672	color=(34,94,168)
6	9	10	3.3144803473836	color=(29,145,192)
6	10	11	6.22316053595	color=(37,52,148)
6	11	12	6.5619599974266	color=(37,52,148)
6	12	13	6.419279070028	color=(37,52,148)
6	13	14	5.892243160603	color=(37,52,148)
6	14	15	5.8143467577234	color=(37,52,148)
6	15	16	5.8165752865564	color=(37,52,148)
6	16	17	6.07893222258	color=(37,52,148)
6	17	18	6.233022685498	color=(37,52,148)
6	18	19	4.286018560646	color=(34,94,168)
6	19	20	5.641554864448	color=(37,52,148)
6	20	21	6.080415367234	color=(37,52,148)
6	21	22	6.970197758494	color=(37,52,148)
6	22	23	6.345262534068	color=(37,52,148)
6	23	24	4.957961421542	color=(34,94,168)
6	24	25	6.13864832593	color=(37,52,148)
6	25	26	4.6395031701816	color=(34,94,168)
6	26	27	4.843233137996	color=(34,94,168)
6	27	28	5.781959860368	color=(37,52,148)
6	28	29	6.765662016736	color=(37,52,148)
6	29	30	4.790435304682	color=(34,94,168)
6	30	31	5.932131194259	color=(37,52,148)
6	31	32	4.9305703201618	color=(34,94,168)
6	32	33	5.22478241934	color=(34,94,168)
6	33	34	6.572245768122	color=(37,52,148)
6	34	35	6.3889491293668	color=(37,52,148)
6	35	36	5.622539252158	color=(37,52,148)
6	36	37	5.829741326974	color=(37,52,148)
6	37	38	7.270645532064	color=(37,52,148)
6	38	39	6.673356590652	color=(37,52,148)
6	39	40	5.249723673208	color=(34,94,168)
6	40	41	6.42791119745	color=(37,52,148)
6	41	42	6.950960758454	color=(37,52,148)
6	42	43	5.50242723314	color=(34,94,168)
6	43	44	6.183110500156	color=(37,52,148)
6	44	45	6.2936387808038	color=(37,52,148)
6	45	46	6.097586018108	color=(37,52,148)
6	46	47	4.86943714411	color=(34,94,168)
6	47	48	6.13799849829	color=(37,52,148)
6	48	49	6.9000516824902	color=(37,52,148)
6	49	50	6.2726831158432	color=(37,52,148)
6	50	51	3.690496230696	color=(34,94,168)
6	51	52	5.352058897254	color=(34,94,168)
6	52	53	5.943125590566	color=(37,52,148)
6	53	54	4.470779118662	color=(34,94,168)
6	54	55	6.210614503116	color=(37,52,148)
6	55	56	5.5580919704528	color=(37,52,148)
6	56	57	6.122697235536	color=(37,52,148)
6	57	58	6.158935970758	color=(37,52,148)
6	58	59	5.628214151052	color=(37,52,148)
6	59	60	5.034783052228	color=(34,94,168)
7	0	1	-2.02069882225558	color=(127,205,187)
7	1	2	-2.7611160732034	color=(127,205,187)
7	2	3	-2.872559367154	color=(127,205,187)
7	3	4	-1.3144254868328	color=(127,205,187)
7	4	5	-0.454271720996	color=(65,182,196)
7	5	6	-1.5690395113952	color=(127,205,187)
7	6	7	-0.8701218225468	color=(65,182,196)
7	7	8	-1.91030446264	color=(127,205,187)
7	8	9	2.96038862179	color=(29,145,192)
7	9	10	-0.61422535491248	color=(65,182,196)
7	10	11	-1.5519796104286	color=(127,205,187)
7	11	12	-0.7414941169708	color=(65,182,196)
7	12	13	-1.00286546677944	color=(65,182,196)
7	13	14	-1.552658943434	color=(127,205,187)
7	14	15	-0.954211635236	color=(65,182,196)
7	15	16	-2.71071086851	color=(127,205,187)
7	16	17	-1.1747725805042	color=(127,205,187)
7	17	18	-1.23441343372	color=(127,205,187)
7	18	19	-1.523260768838	color=(127,205,187)
7	19	20	-3.534666895696	color=(199,233,180)
7	20	21	-0.5067330998174	color=(65,182,196)
7	21	22	-1.658017337954	color=(127,205,187)
7	22	23	-1.256252587934	color=(127,205,187)
7	23	24	-2.4626393233204	color=(127,205,187)
7	24	25	-2.799358492694	color=(127,205,187)
7	25	26	0.180735268572	color=(65,182,196)
7	26	27	-2.429023357689	color=(127,205,187)
7	27	28	-1.7771321230036	color=(127,205,187)
7	28	29	1.469310625598	color=(29,145,192)
7	29	30	-1.7957630829456	color=(127,205,187)
7	30	31	-1.4298819336	color=(127,205,187)
7	31	32	-1.694833383348	color=(127,205,187)
7	32	33	0.991326014094	color=(65,182,196)
7	33	34	-1.980270333506	color=(127,205,187)
7	34	35	-1.2787897078094	color=(127,205,187)
7	35	36	-0.96224840071	color=(65,182,196)
7	36	37	-2.053525261348	color=(127,205,187)
7	37	38	-2.28853577603	color=(127,205,187)
7	38	39	1.17481228323215	color=(29,145,192)
7	39	40	-1.8340929009936	color=(127,205,187)
7	40	41	-0.247366914862	color=(65,182,196)
7	41	42	-1.473528535148	color=(127,205,187)
7	42	43	-0.358495454932001	color=(65,182,196)
7	43	44	-1.8838800847518	color=(127,205,187)
7	44	45	-2.3399337644014	color=(127,205,187)
7	45	46	-1.043899750614	color=(65,182,196)
7	46	47	-3.031661748422	color=(127,205,187)
7	47	48	-1.299710315178	color=(127,205,187)
7	48	49	-1.220342348616	color=(127,205,187)
7	49	50	-0.3825774361288	color=(65,182,196)
7	50	51	-1.2293419859474	color=(127,205,187)
7	51	52	-1.821573629814	color=(127,205,187)
7	52	53	-1.072722035376	color=(65,182,196)
7	53	54	-2.731241007718	color=(127,205,187)
7	54	55	-1.1224767492224	color=(127,205,187)
7	55	56	-3.4954173472742	color=(199,233,180)
7	56	57	-2.3692601785644	color=(127,205,187)
7	57	58	-1.788571857812	color=(127,205,187)
7	58	59	-0.84364649829	color=(65,182,196)
7	59	60	-1.7573070623086	color=(127,205,187)
7	60	61	0.241382272922	color=(65,182,196)
7	61	62	-1.473303449494	color=(127,205,187)
7	62	63	-1.5768457144094	color=(127,205,187)
7	63	64	-0.32490919776872	color=(65,182,196)
7	64	65	-2.224390616422	color=(127,205,187)
7	65	66	-0.823210470506	color=(65,182,196)
7	66	67	-1.118393328976	color=(65,182,196)
7	67	68	-3.57770726521	color=(199,233,180)
7	68	69	0.6795204951186	color=(65,182,196)
7	69	70	-1.9937673999348	color=(127,205,187)
7	70	71	0.0135293065543998	color=(65,182,196)
7	71	72	-1.49265858707	color=(127,205,187)
7	72	73	-1.5380515734004	color=(127,205,187)
7	73	74	-2.91700483357518	color=(127,205,187)
7	74	75	-1.889842519207	color=(127,205,187)
7	75	76	-2.0436600809126	color=(127,205,187)
7	76	77	-1.8732169072304	color=(127,205,187)
7	77	78	-2.5043960090034	color=(127,205,187)
7	78	79	-1.29424736927	color=(127,205,187)
7	79	80	-1.8678542630246	color=(127,205,187)
7	80	81	-1.395658036958	color=(127,205,187)
7	81	82	-2.04396127652312	color=(127,205,187)
7	82	83	-1.461748124842	color=(127,205,187)
7	83	84	-1.5747895354474	color=(127,205,187)
7	84	85	-2.226967942344	color=(127,205,187)
7	85	86	-2.224211050702	color=(127,205,187)
7	86	87	-0.4181192788742	color=(65,182,196)
7	87	88	-3.05438343843704	color=(127,205,187)
7	88	89	-0.980696606454	color=(65,182,196)
7	89	90	-0.099780351051	color=(65,182,196)
7	90	91	-2.345973305872	color=(127,205,187)
7	91	92	-2.4521481850784	color=(127,205,187)
7	92	93	-2.8273099325962	color=(127,205,187)
7	93	94	-1.31684222019	color=(127,205,187)
7	94	95	-1.643000142248	color=(127,205,187)
7	95	96	-1.71013675709	color=(127,205,187)
7	96	97	0.422790448934	color=(65,182,196)
7	97	98	0.0690459814859996	color=(65,182,196)
7	98	99	-2.0157328813844	color=(127,205,187)
7	99	100	0.0836234726399994	color=(65,182,196)
7	100	101	-1.7120648260834	color=(127,205,187)
7	101	102	-2.45239386486316	color=(127,205,187)
7	102	103	-1.08330245611358	color=(65,182,196)
7	103	104	-1.747156570868	color=(127,205,187)
7	104	105	-0.634426450296	color=(65,182,196)
7	105	106	-2.3208149656894	color=(127,205,187)
7	106	107	-2.784363458892	color=(127,205,187)
7	107	108	-0.7540761432164	color=(65,182,196)
7	108	109	-1.1596932781316	color=(127,205,187)
7	109	110	-1.8308934703032	color=(127,205,187)
7	110	111	-1.325256114548	color=(127,205,187)
7	111	112	-3.2835072034972	color=(127,205,187)
7	112	113	-1.29415046224152	color=(127,205,187)
7	113	114	-1.778371839604	color=(127,205,187)
7	114	115	-1.4831137206294	color=(127,205,187)
7	115	116	-0.3897914466544	color=(65,182,196)
7	116	117	-3.2119439832168	color=(127,205,187)
7	117	118	-2.778809471898	color=(127,205,187)
7	118	119	-2.886391792416	color=(127,205,187)
7	119	120	-1.50147492991622	color=(127,205,187)
7	120	121	-1.059214110724	color=(65,182,196)
7	121	122	-3.1407718131548	color=(127,205,187)
7	122	123	-1.137259138898	color=(127,205,187)
7	123	124	-2.2498521046146	color=(127,205,187)
7	124	125	-1.50678902846584	color=(127,205,187)
7	125	126	-2.653179106398	color=(127,205,187)
7	126	127	-2.05252891887	color=(127,205,187)
7	127	128	0.09861654404	color=(65,182,196)
7	128	129	-1.349445414508	color=(127,205,187)
7	129	130	-1.0163091941332	color=(65,182,196)
7	130	131	-2.796501959032	color=(127,205,187)
7	131	132	-1.84490306001	color=(127,205,187)
7	132	133	-3.42915118139	color=(199,233,180)
7	133	134	-1.444553392358	color=(127,205,187)
7	134	135	-1.144588954998	color=(127,205,187)
7	135	136	-2.0197457426492	color=(127,205,187)
7	136	137	0.56257759765364	color=(65,182,196)
7	137	138	-2.80836077178	color=(127,205,187)
7	138	139	-0.73556270349	color=(65,182,196)
7	139	140	0.0489331888219997	color=(65,182,196)
7	140	141	-0.3125809995066	color=(65,182,196)
7	141	142	-2.0475799164736	color=(127,205,187)
7	142	143	-0.985892991838	color=(65,182,196)
7	143	144	-2.6775332412596	color=(127,205,187)
7	144	145	-1.7423266488204	color=(127,205,187)
7	145	146	-0.8545822514652	color=(65,182,196)
7	146	147	-1.16541498260636	color=(127,205,187)
7	147	148	-2.58118175411	color=(127,205,187)
7	148	149	-1.465334702034	color=(127,205,187)
7	149	150	0.843775906497999	color=(65,182,196)
7	150	151	-1.552848990894	color=(127,205,187)
7	151	152	-0.748078131433	color=(65,182,196)
7	152	153	-1.467886988114	color=(127,205,187)
7	153	154	-2.709181446566	color=(127,205,187)
7	154	155	-0.631123409376	color=(65,182,196)
7	155	156	-0.761826661445999	color=(65,182,196)
7	156	157	-1.9675545086106	color=(127,205,187)
7	157	158	-2.5484427647314	color=(127,205,187)
7	158	159	-1.798464969404	color=(127,205,187)
7	159	160	-1.931358158867	color=(127,205,187)
7	160	161	-2.165152724664	color=(127,205,187)
7	161	162	-2.208803412546	color=(127,205,187)
7	162	163	-2.422057216278	color=(127,205,187)
7	163	164	-2.32780753373	color=(127,205,187)
7	164	165	-1.8820407620762	color=(127,205,187)
7	165	166	-1.225682916957	color=(127,205,187)
7	166	167	-0.68426497049338	color=(65,182,196)
7	167	168	-0.8826972811808	color=(65,182,196)
7	168	169	-0.9274040720082	color=(65,182,196)
7	169	170	-4.068171941496	color=(199,233,180)
7	170	171	-2.7627758273368	color=(127,205,187)
7	171	172	-1.14550058472238	color=(127,205,187)
7	172	173	-1.95843169173696	color=(127,205,187)
7	173	174	-2.9115842878244	color=(127,205,187)
7	174	175	-0.8425436677584	color=(65,182,196)
7	175	176	-1.2925840150056	color=(127,205,187)
7	176	177	-2.1216264859034	color=(127,205,187)
7	177	178	-1.1490540361624	color=(127,205,187)
7	178	179	-1.09744768231832	color=(65,182,196)
7	179	180	-0.4672130463445	color=(65,182,196)
7	180	181	-0.3263225327714	color=(65,182,196)
7	181	182	-0.435975726404	color=(65,182,196)
7	182	183	-1.4179472420372	color=(127,205,187)
7	183	184	-1.2561549499952	color=(127,205,187)
7	184	185	-1.247820770002	color=(127,205,187)
7	185	186	-1.913685395762	color=(127,205,187)
7	186	187	-0.825157346602	color=(65,182,196)
7	187	188	-1.54205570258114	color=(127,205,187)
7	188	189	-1.80891537804	color=(127,205,187)
7	189	190	-2.284185891111	color=(127,205,187)
7	190	191	-0.829201415171	color=(65,182,196)
7	191	192	-1.405899023336	color=(127,205,187)
7	192	193	-1.6190973405752	color=(127,205,187)
7	193	194	-0.94929625931724	color=(65,182,196)
7	194	195	-0.58300251215744	color=(65,182,196)
7	195	196	-1.491609163418	color=(127,205,187)
7	196	197	-2.01442203066148	color=(127,205,187)
7	197	198	-1.631373774929	color=(127,205,187)
7	198	199	-1.9240890304564	color=(127,205,187)
7	199	200	-1.22621349023	color=(127,205,187)
7	200	201	-0.9937141229662	color=(65,182,196)
7	201	202	-1.7165190974564	color=(127,205,187)
7	202	203	-1.04909937033068	color=(65,182,196)
7	203	204	-1.911134803174	color=(127,205,187)
7	204	205	-1.051092877706	color=(65,182,196)
7	205	206	-3.2924880057096	color=(127,205,187)
7	206	207	-0.759451942436	color=(65,182,196)
7	207	208	-0.507271837414	color=(65,182,196)
7	208	209	-0.153338782862	color=(65,182,196)
7	209	210	-1.5993882954018	color=(127,205,187)
7	210	211	-1.0031275740776	color=(65,182,196)
7	211	212	-3.459103888272	color=(199,233,180)
7	212	213	-2.07581431913	color=(127,205,187)
7	213	214	-2.317471193644	color=(127,205,187)
7	214	215	-1.27502816770788	color=(127,205,187)
7	215	216	-2.6358409338792	color=(127,205,187)
7	216	217	-3.5488163771028	color=(199,233,180)
7	217	218	-1.68129537719	color=(127,205,187)
7	218	219	-1.1731413839836	color=(127,205,187)
7	219	220	-0.472552635096	color=(65,182,196)
7	220	221	-1.01601427922172	color=(65,182,196)
7	221	222	-1.3167625417975	color=(127,205,187)
7	222	223	-1.146071561154	color=(127,205,187)
7	223	224	-1.1368096127502	color=(127,205,187)
7	224	225	-1.1406015412022	color=(127,205,187)
7	225	226	-1.6289027872528	color=(127,205,187)
7	226	227	-0.8730518000128	color=(65,182,196)
7	227	228	-1.5527817700806	color=(127,205,187)
7	228	229	-0.7980093723956	color=(65,182,196)
7	229	230	-3.01580293714	color=(127,205,187)
7	230	231	-1.980980314942	color=(127,205,187)
7	231	232	-1.1471951637298	color=(127,205,187)
7	232	233	-1.300311548954	color=(127,205,187)
7	233	234	-2.0104178198474	color=(127,205,187)
7	234	235	-1.4215756606366	color=(127,205,187)
7	235	236	-3.7657100035276	color=(199,233,180)
7	236	237	-2.310816871231	color=(127,205,187)
7	237	238	-1.8828703922158	color=(127,205,187)
7	238	239	-0.969687092112	color=(65,182,196)
7	239	240	-2.550598454734	color=(127,205,187)
7	240	241	-1.486347689522	color=(127,205,187)
7	241	242	-0.9183155439538	color=(65,182,196)
7	242	243	-2.284840137046	color=(127,205,187)
7	243	244	-1.427123413484	color=(127,205,187)
7	244	245	-0.2950782901702	color=(65,182,196)
7	245	246	-1.1220928512532	color=(127,205,187)
7	246	247	-3.005153005458	color=(127,205,187)
7	247	248	0.778452334599999	color=(65,182,196)
7	248	249	-1.4915214212854	color=(127,205,187)
7	249	250	-1.0329489280896	color=(65,182,196)
7	250	251	-0.8614952997262	color=(65,182,196)
7	251	252	-2.2913433018592	color=(127,205,187)
7	252	253	-1.4114958786004	color=(127,205,187)
7	253	254	-1.497444300256	color=(127,205,187)
7	254	255	-0.3583730010436	color=(65,182,196)
7	255	256	-2.959148757712	color=(127,205,187)
7	256	257	1.412297616924	color=(29,145,192)
7	257	258	-1.5747927130024	color=(127,205,187)
7	258	259	-1.05919769293398	color=(65,182,196)
7	259	260	-2.419870852026	color=(127,205,187)
7	260	261	-1.9884659968888	color=(127,205,187)
7	261	262	0.486144596560001	color=(65,182,196)
7	262	263	-0.484558328224	color=(65,182,196)
7	263	264	-1.489151862015	color=(127,205,187)
7	264	265	-1.27538645030828	color=(127,205,187)
7	265	266	-1.6725439598156	color=(127,205,187)
7	266	267	-0.6917828593992	color=(65,182,196)
7	267	268	-1.429295445522	color=(127,205,187)
7	268	269	-1.9305708321618	color=(127,205,187)
7	269	270	-0.818872403517	color=(65,182,196)
7	270	271	-0.759243511886	color=(65,182,196)
7	271	272	-2.744072922828	color=(127,205,187)
7	272	273	-1.2704845622996	color=(127,205,187)
7	273	274	-1.927143444254	color=(127,205,187)
7	274	275	-0.294768847852	color=(65,182,196)
7	275	276	-1.734653545083	color=(127,205,187)
7	276	277	-1.0793276631896	color=(65,182,196)
7	277	278	-2.0960903464628	color=(127,205,187)
7	278	279	-3.1225705136748	color=(127,205,187)
7	279	280	-2.81637498422346	color=(127,205,187)
8	0	1	-4.683943030708	color=(199,233,180)
8	1	2	-5.35747071814	color=(199,233,180)
8	2	3	-5.158411890762	color=(199,233,180)
8	3	4	-6.1452495934406	color=(237,248,177)
8	4	5	-5.7975532979452	color=(237,248,177)
8	5	6	-5.6505500233944	color=(237,248,177)
8	6	7	-5.067835154621	color=(199,233,180)
8	7	8	-6.3443512774508	color=(237,248,177)
8	8	9	-5.2223062638124	color=(199,233,180)
8	9	10	-6.3804893606768	color=(237,248,177)
8	10	11	-6.3561342115612	color=(237,248,177)
8	11	12	-6.0834108321184	color=(237,248,177)
8	12	13	-5.6272098504092	color=(237,248,177)
8	13	14	-5.0879186859618	color=(199,233,180)
8	14	15	-5.64165397297732	color=(237,248,177)
8	15	16	-5.610975185182	color=(237,248,177)
8	16	17	-6.6215295499186	color=(237,248,177)
8	17	18	-6.0404194161188	color=(237,248,177)
8	18	19	-6.2842544350188	color=(237,248,177)
8	19	20	-5.33440087808548	color=(199,233,180)
8	20	21	-5.390958072328	color=(199,233,180)
8	21	22	-5.641774366016	color=(237,248,177)
8	22	23	-4.7223531336124	color=(199,233,180)
8	23	24	-5.0494722294986	color=(199,233,180)
8	24	25	-5.3599691699318	color=(199,233,180)
8	25	26	-5.0572648273904	color=(199,233,180)
8	26	27	-4.40445229741	color=(199,233,180)
8	27	28	-5.7655776217248	color=(237,248,177)
8	28	29	-4.93111281228	color=(199,233,180)
8	29	30	-4.523950401322	color=(199,233,180)
8	30	31	-5.0918667307306	color=(199,233,180)
8	31	32	-5.4546376399	color=(199,233,180)
8	32	33	-4.1437098597236	color=(199,233,180)
8	33	34	-5.25634236518	color=(199,233,180)
8	34	35	-5.4781490130854	color=(199,233,180)
8	35	36	-5.0520314224742	color=(199,233,180)
8	36	37	-5.143693377443	color=(199,233,180)
8	37	38	-4.3033485505696	color=(199,233,180)
8	38	39	-6.2674385789832	color=(237,248,177)
8	39	40	-6.9259038267084	color=(237,248,177)
8	40	41	-7.337548797648	color=(237,248,177)
8	41	42	-6.6334669850888	color=(237,248,177)
8	42	43	-5.2013662108098	color=(199,233,180)
8	43	44	-4.1278723698742	color=(199,233,180)
8	44	45	-5.5765496651298	color=(237,248,177)
8	45	46	-6.3108921304552	color=(237,248,177)
8	46	47	-4.881941982546	color=(199,233,180)
8	47	48	-3.3610665074848	color=(199,233,180)
8	48	49	-5.7804859398364	color=(237,248,177)
8	49	50	-6.7687271425569	color=(237,248,177)
8	50	51	-5.412205225414	color=(199,233,180)
8	51	52	-6.0405410428576	color=(237,248,177)
8	52	53	-5.467213342226	color=(199,233,180)
8	53	54	-4.205849882692	color=(199,233,180)
8	54	55	-5.31671280543085	color=(199,233,180)
8	55	56	-6.8849339930987	color=(237,248,177)
8	56	57	-5.079960240378	color=(199,233,180)
8	57	58	-4.5127454892944	color=(199,233,180)
8	58	59	-6.010008803128	color=(237,248,177)
8	59	60	-6.0613942976958	color=(237,248,177)
8	60	61	-5.1564065907024	color=(199,233,180)
8	61	62	-5.222612022434	color=(199,233,180)
8	62	63	-4.7314483455398	color=(199,233,180)
8	63	64	-4.5069223054228	color=(199,233,180)
8	64	65	-4.795865688236	color=(199,233,180)
8	65	66	-6.196133701538	color=(237,248,177)
8	66	67	-6.2120122976936	color=(237,248,177)
8	67	68	-3.8718273775048	color=(199,233,180)
8	68	69	-5.014665355974	color=(199,233,180)
8	69	70	-6.63614453567426	color=(237,248,177)
8	70	71	-5.5669212381982	color=(237,248,177)
8	71	72	-5.0491876717694	color=(199,233,180)
8	72	73	-4.877286180194	color=(199,233,180)
8	73	74	-5.9310890605966	color=(237,248,177)
8	74	75	-4.799011908444	color=(199,233,180)
8	75	76	-4.823996316908	color=(199,233,180)
8	76	77	-5.2630546732846	color=(199,233,180)
8	77	78	-5.889785117862	color=(237,248,177)
8	78	79	-5.93966600886528	color=(237,248,177)
8	79	80	-4.738612091424	color=(199,233,180)
8	80	81	-5.5566779624418	color=(199,233,180)
8	81	82	-5.3596485246082	color=(199,233,180)
8	82	83	-6.640835270433	color=(237,248,177)
8	83	84	-4.896217401958	color=(199,233,180)
8	84	85	-6.07235382310412	color=(237,248,177)
8	85	86	-5.1014729463132	color=(199,233,180)
8	86	87	-6.0024954320222	color=(237,248,177)
8	87	88	-5.6888444664296	color=(237,248,177)
8	88	89	-5.1286378330504	color=(199,233,180)
8	89	90	-5.21116610685	color=(199,233,180)
8	90	91	-5.688748017328	color=(237,248,177)
8	91	92	-4.563870102842	color=(199,233,180)
8	92	93	-6.3607099765488	color=(237,248,177)
8	93	94	-5.8837264584482	color=(237,248,177)
8	94	95	-6.351240510294	color=(237,248,177)
8	95	96	-6.3732910191642	color=(237,248,177)
8	96	97	-5.6919313041436	color=(237,248,177)
8	97	98	-4.6556951662464	color=(199,233,180)
8	98	99	-4.6374962711888	color=(199,233,180)
8	99	100	-6.3763778547156	color=(237,248,177)
8	100	101	-4.5681004447544	color=(199,233,180)
8	101	102	-3.6421992726056	color=(199,233,180)
8	102	103	-6.086438357928	color=(237,248,177)
8	103	104	-5.7280960864332	color=(237,248,177)
8	104	105	-3.509340992563	color=(199,233,180)
8	105	106	-4.773895535326	color=(199,233,180)
8	106	107	-5.5208302395948	color=(199,233,180)
8	107	108	-5.5490160372952	color=(199,233,180)
8	108	109	-6.31737743063168	color=(237,248,177)
8	109	110	-5.0133627585544	color=(199,233,180)
8	110	111	-6.0872617633432	color=(237,248,177)
8	111	112	-4.45695193175	color=(199,233,180)
8	112	113	-3.857858042919	color=(199,233,180)
8	113	114	-6.7237777169871	color=(237,248,177)
8	114	115	-6.469302242205	color=(237,248,177)
8	115	116	-6.118806765631	color=(237,248,177)
8	116	117	-5.121576861146	color=(199,233,180)
8	117	118	-4.3116055942072	color=(199,233,180)
8	118	119	-5.378313023279	color=(199,233,180)
8	119	120	-4.73305748297	color=(199,233,180)
8	120	121	-6.807924784759	color=(237,248,177)
8	121	122	-6.0101899823254	color=(237,248,177)
8	122	123	-5.180812219382	color=(199,233,180)
8	123	124	-4.693423706738	color=(199,233,180)
8	124	125	-4.200964502622	color=(199,233,180)
8	125	126	-4.774712000936	color=(199,233,180)
8	126	127	-5.593242507558	color=(237,248,177)
8	127	128	-5.3529356095726	color=(199,233,180)
8	128	129	-5.5476387523908	color=(199,233,180)
8	129	130	-5.52114206888782	color=(199,233,180)
8	130	131	-6.3032061955764	color=(237,248,177)
8	131	132	-5.229335078482	color=(199,233,180)
8	132	133	-7.0496294045096	color=(237,248,177)
8	133	134	-5.0325907788308	color=(199,233,180)
8	134	135	-3.5044524609196	color=(199,233,180)
8	135	136	-5.9479012621852	color=(237,248,177)
8	136	137	-5.8704054429242	color=(237,248,177)
8	137	138	-5.822317118015	color=(237,248,177)
8	138	139	-6.6566195612736	color=(237,248,177)
8	139	140	-3.0010256673064	color=(127,205,187)
8	140	141	-4.5646239589908	color=(199,233,180)
8	141	142	-5.0999060972754	color=(199,233,180)
8	142	143	-5.527427455062	color=(199,233,180)
8	143	144	-5.196117124539	color=(199,233,180)
8	144	145	-4.19020377574444	color=(199,233,180)
8	145	146	-5.3897780029598	color=(199,233,180)
8	146	147	-5.734515266642	color=(237,248,177)
8	147	148	-4.9834271028612	color=(199,233,180)
8	148	149	-5.7921056545012	color=(237,248,177)
8	149	150	-4.610018048926	color=(199,233,180)
8	150	151	-3.844088861852	color=(199,233,180)
8	151	152	-5.13648102154668	color=(199,233,180)
8	152	153	-4.8018371178394	color=(199,233,180)
8	153	154	-5.0202334458584	color=(199,233,180)
8	154	155	-6.0052287900686	color=(237,248,177)
8	155	156	-5.270647082862	color=(199,233,180)
8	156	157	-5.7923218447522	color=(237,248,177)
8	157	158	-5.8490952396942	color=(237,248,177)
8	158	159	-5.9320373116198	color=(237,248,177)
8	159	160	-3.0461270190942	color=(127,205,187)
8	160	161	-4.2753820017	color=(199,233,180)
8	161	162	-4.34850271732096	color=(199,233,180)
8	162	163	-4.951000062024	color=(199,233,180)
8	163	164	-4.0928260495766	color=(199,233,180)
8	164	165	-5.229773000172	color=(199,233,180)
8	165	166	-5.3206533903662	color=(199,233,180)
8	166	167	-6.2125046638604	color=(237,248,177)
8	167	168	-5.148411416318	color=(199,233,180)
8	168	169	-4.7288283928212	color=(199,233,180)
8	169	170	-5.6412414859856	color=(237,248,177)
8	170	171	-6.1190285859892	color=(237,248,177)
8	171	172	-4.894280266212	color=(199,233,180)
8	172	173	-5.8290262973542	color=(237,248,177)
8	173	174	-6.085962595267	color=(237,248,177)
8	174	175	-5.386457805936	color=(199,233,180)
8	175	176	-6.1248756354648	color=(237,248,177)
8	176	177	-4.461897216161	color=(199,233,180)
8	177	178	-4.944135156546	color=(199,233,180)
8	178	179	-5.04397390625382	color=(199,233,180)
8	179	180	-4.916181593786	color=(199,233,180)
8	180	181	-4.43336880236	color=(199,233,180)
8	181	182	-6.6142979657744	color=(237,248,177)
8	182	183	-4.319873105604	color=(199,233,180)
8	183	184	-5.8186688116524	color=(237,248,177)
8	184	185	-6.0377658761672	color=(237,248,177)
8	185	186	-6.3333423040254	color=(237,248,177)
8	186	187	-4.9017774756114	color=(199,233,180)
8	187	188	-5.8869224058498	color=(237,248,177)
8	188	189	-6.3753579285818	color=(237,248,177)
8	189	190	-6.7559785658134	color=(237,248,177)
8	190	191	-5.9706003909866	color=(237,248,177)
8	191	192	-5.331758854264	color=(199,233,180)
8	192	193	-3.517490176622	color=(199,233,180)
8	193	194	-6.245935978032	color=(237,248,177)
8	194	195	-5.43113255465	color=(199,233,180)
8	195	196	-4.975462989768	color=(199,233,180)
8	196	197	-5.191211890592	color=(199,233,180)
8	197	198	-6.27264774545984	color=(237,248,177)
8	198	199	-4.286255680206	color=(199,233,180)
8	199	200	-5.426479311794	color=(199,233,180)
8	200	201	-6.4557237426384	color=(237,248,177)
8	201	202	-5.3267440942066	color=(199,233,180)
8	202	203	-5.7010436291964	color=(237,248,177)
8	203	204	-5.615573750578	color=(237,248,177)
8	204	205	-5.8771924629246	color=(237,248,177)
8	205	206	-4.919181965146	color=(199,233,180)
8	206	207	-4.819830978118	color=(199,233,180)
8	207	208	-4.36690401158	color=(199,233,180)
8	208	209	-5.221275600622	color=(199,233,180)
8	209	210	-5.014921842466	color=(199,233,180)
8	210	211	-4.467964865612	color=(199,233,180)
8	211	212	-4.488615421336	color=(199,233,180)
8	212	213	-4.894625212904	color=(199,233,180)
8	213	214	-6.35693815389583	color=(237,248,177)
8	214	215	-5.4396222371288	color=(199,233,180)
8	215	216	-3.6490567453712	color=(199,233,180)
8	216	217	-4.397256196584	color=(199,233,180)
8	217	218	-5.439254837472	color=(199,233,180)
8	218	219	-5.9709265931888	color=(237,248,177)
8	219	220	-6.1261360548498	color=(237,248,177)
8	220	221	-5.3764268720246	color=(199,233,180)
8	221	222	-6.251152273109	color=(237,248,177)
8	222	223	-4.3312239738654	color=(199,233,180)
8	223	224	-5.19584739252612	color=(199,233,180)
8	224	225	-6.0289416246924	color=(237,248,177)
8	225	226	-5.228167316642	color=(199,233,180)
8	226	227	-5.336557433961	color=(199,233,180)
8	227	228	-5.9086494854612	color=(237,248,177)
8	228	229	-4.390515915444	color=(199,233,180)
8	229	230	-5.2260993374854	color=(199,233,180)
8	230	231	-5.4912094219828	color=(199,233,180)
8	231	232	-5.452412929344	color=(199,233,180)
8	232	233	-6.10292785303436	color=(237,248,177)
8	233	234	-6.084011015623	color=(237,248,177)
8	234	235	-7.2650717012708	color=(237,248,177)
8	235	236	-4.1402690794834	color=(199,233,180)
8	236	237	-3.4685481914245	color=(199,233,180)
8	237	238	-4.315314992906	color=(199,233,180)
8	238	239	-5.5855872431126	color=(237,248,177)
8	239	240	-5.44814935091524	color=(199,233,180)
8	240	241	-5.5175820975332	color=(199,233,180)
8	241	242	-5.429928175231	color=(199,233,180)
8	242	243	-4.741028748572	color=(199,233,180)
8	243	244	-4.209736054786	color=(199,233,180)
8	244	245	-4.902503407362	color=(199,233,180)
8	245	246	-5.3090424390628	color=(199,233,180)
8	246	247	-4.4322915223486	color=(199,233,180)
8	247	248	-5.475653699474	color=(199,233,180)
8	248	249	-4.92541268011	color=(199,233,180)
8	249	250	-5.68135355877984	color=(237,248,177)
8	250	251	-4.956265134994	color=(199,233,180)
8	251	252	-6.0356364970554	color=(237,248,177)
8	252	253	-5.006192385426	color=(199,233,180)
8	253	254	-5.3920980653612	color=(199,233,180)
8	254	255	-4.932688196508	color=(199,233,180)
8	255	256	-6.25030179822	color=(237,248,177)
8	256	257	-5.2391380686988	color=(199,233,180)
8	257	258	-5.4305130056528	color=(199,233,180)
8	258	259	-4.67081734145	color=(199,233,180)
8	259	260	-5.0875815658574	color=(199,233,180)
8	260	261	-4.5593578001042	color=(199,233,180)
8	261	262	-5.317810276138	color=(199,233,180)
8	262	263	-6.10456054927928	color=(237,248,177)
8	263	264	-4.875034668584	color=(199,233,180)
8	264	265	-4.2956064825136	color=(199,233,180)
8	265	266	-4.5496257409354	color=(199,233,180)
8	266	267	-4.637558705212	color=(199,233,180)
8	267	268	-4.748785051844	color=(199,233,180)
8	268	269	-5.3565818683142	color=(199,233,180)
8	269	270	-6.13129735489956	color=(237,248,177)
8	270	271	-5.6782708741306	color=(237,248,177)
8	271	272	-5.3144669963288	color=(199,233,180)
8	272	273	-5.4799812785796	color=(199,233,180)
8	273	274	-5.7295199445232	color=(237,248,177)
8	274	275	-4.754080597314	color=(199,233,180)
8	275	276	-5.6435919628812	color=(237,248,177)
8	276	277	-6.0107423409438	color=(237,248,177)
8	277	278	-3.738246041978	color=(199,233,180)
8	278	279	-4.8200365737032	color=(199,233,180)
8	279	280	-5.2117259268246	color=(199,233,180)
8	280	281	-5.8720877961552	color=(237,248,177)
8	281	282	-5.05426034928838	color=(199,233,180)
8	282	283	-3.8161897247596	color=(199,233,180)
8	283	284	-4.487363915236	color=(199,233,180)
8	284	285	-4.170562454666	color=(199,233,180)
8	285	286	-5.2629389224656	color=(199,233,180)
8	286	287	-5.00024503073	color=(199,233,180)
8	287	288	-4.804847613732	color=(199,233,180)
8	288	289	-5.978748235264	color=(237,248,177)
8	289	290	-6.115611958289	color=(237,248,177)
8	290	291	-4.994870790591	color=(199,233,180)
8	291	292	-5.9715953017104	color=(237,248,177)
8	292	293	-5.2247468037658	color=(199,233,180)
8	293	294	-6.4312759227418	color=(237,248,177)
8	294	295	-4.54540442254	color=(199,233,180)
8	295	296	-5.2316530591422	color=(199,233,180)
8	296	297	-5.274923789584	color=(199,233,180)
8	297	298	-5.3646560931574	color=(199,233,180)
8	298	299	-5.5381957883012	color=(199,233,180)
8	299	300	-5.6892115511602	color=(237,248,177)
8	300	301	-5.095355971488	color=(199,233,180)
8	301	302	-5.1160015386124	color=(199,233,180)
8	302	303	-5.1462389356828	color=(199,233,180)
8	303	304	-3.1190638457154	color=(127,205,187)
8	304	305	-5.3423915810392	color=(199,233,180)
8	305	306	-5.078514629296	color=(199,233,180)
8	306	307	-5.7997266093494	color=(237,248,177)
8	307	308	-4.653760365272	color=(199,233,180)
