1	0	1	2.638540854026	color=(29,145,192)
1	1	2	2.152330982314	color=(29,145,192)
1	2	3	3.528716117458	color=(34,94,168)
1	3	4	2.8204069908948	color=(29,145,192)
1	4	5	2.38755050385404	color=(29,145,192)
1	5	6	4.391445806626	color=(34,94,168)
1	6	7	3.62873436134792	color=(34,94,168)
1	7	8	2.5281963336078	color=(29,145,192)
1	8	9	2.596872150929	color=(29,145,192)
1	9	10	3.0669209437466	color=(29,145,192)
1	10	11	2.76538238827016	color=(29,145,192)
1	11	12	1.9907466668084	color=(29,145,192)
1	12	13	0.78426489440142	color=(65,182,196)
1	13	14	2.552377646438	color=(29,145,192)
1	14	15	2.829412309784	color=(29,145,192)
1	15	16	2.5602862479082	color=(29,145,192)
1	16	17	1.048782292988	color=(65,182,196)
1	17	18	4.245869982078	color=(34,94,168)
1	18	19	3.901174502444	color=(34,94,168)
1	19	20	2.3022933032366	color=(29,145,192)
1	20	21	3.8810824619	color=(34,94,168)
1	21	22	5.6008068767336	color=(37,52,148)
1	22	23	2.567343331623	color=(29,145,192)
1	23	24	4.513728653474	color=(34,94,168)
1	24	25	1.926950772068	color=(29,145,192)
1	25	26	3.5158813436224	color=(34,94,168)
1	26	27	3.2034727451024	color=(29,145,192)
1	27	28	4.418755296564	color=(34,94,168)
1	28	29	4.1550488042258	color=(34,94,168)
1	29	30	3.3626536446862	color=(34,94,168)
1	30	31	4.236677225132	color=(34,94,168)
1	31	32	3.162261360974	color=(29,145,192)
1	32	33	2.7341412921414	color=(29,145,192)
1	33	34	3.3348822484526	color=(34,94,168)
1	34	35	2.117554413004	color=(29,145,192)
1	35	36	2.1760789234294	color=(29,145,192)
1	36	37	2.616901131954	color=(29,145,192)
1	37	38	3.35697082752	color=(34,94,168)
1	38	39	2.92662667085	color=(29,145,192)
1	39	40	3.414139403238	color=(34,94,168)
1	40	41	2.8092481059842	color=(29,145,192)
1	41	42	2.309979898824	color=(29,145,192)
1	42	43	2.5492110521468	color=(29,145,192)
1	43	44	1.764570876556	color=(29,145,192)
1	44	45	3.839631085348	color=(34,94,168)
1	45	46	2.2010949628182	color=(29,145,192)
1	46	47	3.021062959646	color=(29,145,192)
1	47	48	4.698762455964	color=(34,94,168)
1	48	49	1.95888110548	color=(29,145,192)
1	49	50	3.1330068910452	color=(29,145,192)
1	50	51	2.850278081372	color=(29,145,192)
1	51	52	3.2044690517836	color=(29,145,192)
1	52	53	2.8820959079824	color=(29,145,192)
1	53	54	2.24601444256682	color=(29,145,192)
1	54	55	2.813375012224	color=(29,145,192)
1	55	56	3.1275311887798	color=(29,145,192)
1	56	57	1.9588987584	color=(29,145,192)
1	57	58	2.778003088512	color=(29,145,192)
1	58	59	2.686293890044	color=(29,145,192)
1	59	60	3.84220017407	color=(34,94,168)
1	60	61	2.685208704346	color=(29,145,192)
1	61	62	2.867291547189	color=(29,145,192)
1	62	63	2.36351479603447	color=(29,145,192)
1	63	64	2.483457155752	color=(29,145,192)
1	64	65	2.67071599094	color=(29,145,192)
1	65	66	2.158145678826	color=(29,145,192)
1	66	67	2.54003684148	color=(29,145,192)
1	67	68	1.955655087138	color=(29,145,192)
1	68	69	3.070264718204	color=(29,145,192)
1	69	70	3.2569476965012	color=(29,145,192)
1	70	71	2.898538654022	color=(29,145,192)
1	71	72	3.0203797655524	color=(29,145,192)
1	72	73	3.8239611402504	color=(34,94,168)
1	73	74	3.456782460464	color=(34,94,168)
1	74	75	4.5510472421962	color=(34,94,168)
1	75	76	3.39822285277	color=(34,94,168)
1	76	77	3.019181558356	color=(29,145,192)
1	77	78	1.716745870942	color=(29,145,192)
1	78	79	1.7095632937825	color=(29,145,192)
1	79	80	3.369418024156	color=(34,94,168)
1	80	81	2.20816526968502	color=(29,145,192)
1	81	82	2.089502809636	color=(29,145,192)
1	82	83	0.9964146314838	color=(65,182,196)
1	83	84	3.6057082805394	color=(34,94,168)
1	84	85	2.99688136481	color=(29,145,192)
1	85	86	3.1647101821566	color=(29,145,192)
1	86	87	4.59755193182526	color=(34,94,168)
1	87	88	1.9718269990384	color=(29,145,192)
1	88	89	2.7293447621095	color=(29,145,192)
1	89	90	2.58985977028	color=(29,145,192)
1	90	91	3.887273045142	color=(34,94,168)
1	91	92	2.789196250216	color=(29,145,192)
1	92	93	3.616200903132	color=(34,94,168)
1	93	94	2.4058047341736	color=(29,145,192)
1	94	95	5.80196212395	color=(37,52,148)
1	95	96	1.765592876868	color=(29,145,192)
1	96	97	1.8623087078662	color=(29,145,192)
1	97	98	3.5467786871316	color=(34,94,168)
1	98	99	2.470484874688	color=(29,145,192)
1	99	100	5.6004473273332	color=(37,52,148)
1	100	101	3.081656695728	color=(29,145,192)
1	101	102	2.6242723468396	color=(29,145,192)
1	102	103	3.28537625604292	color=(29,145,192)
1	103	104	3.166118129466	color=(29,145,192)
1	104	105	3.511803992982	color=(34,94,168)
1	105	106	1.6782841443266	color=(29,145,192)
1	106	107	1.9926803316562	color=(29,145,192)
1	107	108	1.949370688511	color=(29,145,192)
1	108	109	2.351110899169	color=(29,145,192)
1	109	110	4.42440540105131	color=(34,94,168)
1	110	111	1.542973148792	color=(29,145,192)
1	111	112	2.61577036629502	color=(29,145,192)
1	112	113	2.861933820434	color=(29,145,192)
1	113	114	4.40605508934192	color=(34,94,168)
1	114	115	3.4136753086611	color=(34,94,168)
1	115	116	2.080445737296	color=(29,145,192)
1	116	117	3.2917210718314	color=(29,145,192)
1	117	118	2.30885906833464	color=(29,145,192)
1	118	119	2.649337705712	color=(29,145,192)
1	119	120	3.182440781448	color=(29,145,192)
1	120	121	5.5664104788056	color=(37,52,148)
1	121	122	3.200601881648	color=(29,145,192)
1	122	123	1.4310889218486	color=(29,145,192)
1	123	124	3.103314205068	color=(29,145,192)
1	124	125	2.1621378637144	color=(29,145,192)
1	125	126	2.812895121088	color=(29,145,192)
1	126	127	4.75950005338084	color=(34,94,168)
1	127	128	4.971461084776	color=(34,94,168)
1	128	129	3.24125930999	color=(29,145,192)
1	129	130	5.10306297258	color=(34,94,168)
1	130	131	4.6982851898918	color=(34,94,168)
1	131	132	4.117729266952	color=(34,94,168)
1	132	133	3.925989715568	color=(34,94,168)
1	133	134	2.87230351047	color=(29,145,192)
1	134	135	4.1651061744954	color=(34,94,168)
1	135	136	3.5565911303122	color=(34,94,168)
1	136	137	0.71903837120678	color=(65,182,196)
1	137	138	5.0180041326	color=(34,94,168)
1	138	139	3.0780328919536	color=(29,145,192)
1	139	140	3.002332828524	color=(29,145,192)
1	140	141	2.9470794097808	color=(29,145,192)
1	141	142	3.5242537834204	color=(34,94,168)
1	142	143	0.6289902051804	color=(65,182,196)
1	143	144	4.48093187275786	color=(34,94,168)
1	144	145	2.302148421576	color=(29,145,192)
1	145	146	5.66900464660254	color=(37,52,148)
1	146	147	3.37138860398	color=(34,94,168)
1	147	148	2.39814309173	color=(29,145,192)
2	0	1	-2.415467186918	color=(127,205,187)
2	1	2	-1.1454771142412	color=(127,205,187)
2	2	3	-3.0029688070404	color=(127,205,187)
2	3	4	-2.6548877585528	color=(127,205,187)
2	4	5	-2.596719526328	color=(127,205,187)
2	5	6	-2.20230092853	color=(127,205,187)
2	6	7	-3.369966931046	color=(199,233,180)
2	7	8	-3.766355909192	color=(199,233,180)
2	8	9	-2.972645687828	color=(127,205,187)
2	9	10	-2.89492260232	color=(127,205,187)
2	10	11	-2.271940853606	color=(127,205,187)
2	11	12	-2.3595145647362	color=(127,205,187)
2	12	13	-2.782092493454	color=(127,205,187)
2	13	14	-1.501972550692	color=(127,205,187)
2	14	15	-2.3754601380346	color=(127,205,187)
2	15	16	-3.015782554172	color=(127,205,187)
2	16	17	-1.679901430544	color=(127,205,187)
2	17	18	-4.586083161382	color=(199,233,180)
2	18	19	-2.151766246952	color=(127,205,187)
2	19	20	-0.8902062558188	color=(65,182,196)
2	20	21	-2.8971140768256	color=(127,205,187)
2	21	22	-2.155359538954	color=(127,205,187)
2	22	23	-2.227653929475	color=(127,205,187)
2	23	24	-2.023316951364	color=(127,205,187)
2	24	25	-2.800960779559	color=(127,205,187)
2	25	26	-4.5985605297092	color=(199,233,180)
2	26	27	-2.210597067097	color=(127,205,187)
2	27	28	-2.6429023938462	color=(127,205,187)
2	28	29	-2.35854898390716	color=(127,205,187)
2	29	30	-2.6885143322338	color=(127,205,187)
2	30	31	-3.0467656592626	color=(127,205,187)
2	31	32	-3.9826251104156	color=(199,233,180)
2	32	33	-5.4062544251616	color=(199,233,180)
2	33	34	-4.3285059117308	color=(199,233,180)
2	34	35	-3.3696538045988	color=(199,233,180)
2	35	36	-4.3896683364372	color=(199,233,180)
2	36	37	-3.0469929875572	color=(127,205,187)
2	37	38	-2.8315547497146	color=(127,205,187)
2	38	39	-2.984836826636	color=(127,205,187)
2	39	40	-2.1264392387512	color=(127,205,187)
2	40	41	-1.860716646396	color=(127,205,187)
2	41	42	-2.526661363234	color=(127,205,187)
2	42	43	-1.7430723930486	color=(127,205,187)
2	43	44	-2.1124748402554	color=(127,205,187)
2	44	45	-1.68761642199864	color=(127,205,187)
2	45	46	-2.816881323928	color=(127,205,187)
2	46	47	-3.1903570268774	color=(127,205,187)
2	47	48	-2.2668006254296	color=(127,205,187)
2	48	49	-4.606178852936	color=(199,233,180)
2	49	50	-1.5178999256004	color=(127,205,187)
2	50	51	-1.93170699133062	color=(127,205,187)
2	51	52	-2.6350753706464	color=(127,205,187)
2	52	53	-2.75157727456358	color=(127,205,187)
2	53	54	-3.193023681694	color=(127,205,187)
2	54	55	-2.050917393468	color=(127,205,187)
2	55	56	-4.5865683927304	color=(199,233,180)
2	56	57	-2.916995213076	color=(127,205,187)
2	57	58	-2.2756726453076	color=(127,205,187)
2	58	59	-2.2756929360232	color=(127,205,187)
2	59	60	-2.200184400764	color=(127,205,187)
2	60	61	-3.455031256166	color=(199,233,180)
2	61	62	-2.7703145746788	color=(127,205,187)
2	62	63	-2.6619987454732	color=(127,205,187)
2	63	64	-2.33469063827	color=(127,205,187)
2	64	65	-4.7465678278024	color=(199,233,180)
2	65	66	-2.9212123256318	color=(127,205,187)
2	66	67	-2.2621679062368	color=(127,205,187)
2	67	68	-2.8258287755	color=(127,205,187)
2	68	69	-3.052752663522	color=(127,205,187)
2	69	70	-0.970651673999	color=(65,182,196)
2	70	71	-2.872349856254	color=(127,205,187)
2	71	72	-3.4648010304396	color=(199,233,180)
2	72	73	-1.96036334373	color=(127,205,187)
2	73	74	-3.03999453180774	color=(127,205,187)
2	74	75	-2.663279211788	color=(127,205,187)
2	75	76	-3.722256754614	color=(199,233,180)
2	76	77	-3.41905400734	color=(199,233,180)
2	77	78	-3.361294207018	color=(199,233,180)
2	78	79	-1.95985242336	color=(127,205,187)
2	79	80	-1.81933885541678	color=(127,205,187)
2	80	81	-2.974367961284	color=(127,205,187)
2	81	82	-1.12543996712252	color=(127,205,187)
2	82	83	-2.033983895986	color=(127,205,187)
2	83	84	-3.5980955989024	color=(199,233,180)
2	84	85	-1.4534815514694	color=(127,205,187)
2	85	86	-1.994206945786	color=(127,205,187)
2	86	87	-2.99201519435052	color=(127,205,187)
2	87	88	-1.13030561887152	color=(127,205,187)
2	88	89	-3.38128728962064	color=(199,233,180)
2	89	90	-2.385724050696	color=(127,205,187)
2	90	91	-2.7588883537496	color=(127,205,187)
2	91	92	-3.9627179211424	color=(199,233,180)
2	92	93	-1.6696837756494	color=(127,205,187)
2	93	94	-1.7207129901158	color=(127,205,187)
2	94	95	-3.814628065842	color=(199,233,180)
2	95	96	-1.679234488999	color=(127,205,187)
2	96	97	-2.7202420100278	color=(127,205,187)
2	97	98	-2.742112833736	color=(127,205,187)
2	98	99	-2.5698452069794	color=(127,205,187)
2	99	100	-3.613813682698	color=(199,233,180)
2	100	101	-3.59697259376	color=(199,233,180)
2	101	102	-3.32173647088	color=(127,205,187)
2	102	103	-1.3576680130176	color=(127,205,187)
2	103	104	-3.256968579224	color=(127,205,187)
2	104	105	-2.84560602293	color=(127,205,187)
2	105	106	-3.2581895679	color=(127,205,187)
2	106	107	-2.73769405547248	color=(127,205,187)
2	107	108	-2.482046012744	color=(127,205,187)
2	108	109	-3.402715220196	color=(199,233,180)
2	109	110	-3.289267919704	color=(127,205,187)
2	110	111	-3.8805965678962	color=(199,233,180)
2	111	112	-2.4699336165294	color=(127,205,187)
2	112	113	-3.065041441291	color=(127,205,187)
2	113	114	-2.2337672723208	color=(127,205,187)
2	114	115	-0.8303447824378	color=(65,182,196)
2	115	116	-1.0423434817268	color=(65,182,196)
2	116	117	-3.947006775614	color=(199,233,180)
2	117	118	-2.38208739485542	color=(127,205,187)
2	118	119	-4.1361555900164	color=(199,233,180)
2	119	120	-1.9197884723032	color=(127,205,187)
2	120	121	-3.7328650467112	color=(199,233,180)
2	121	122	-5.2472603611892	color=(199,233,180)
2	122	123	-3.439259196816	color=(199,233,180)
2	123	124	-1.4722139809476	color=(127,205,187)
2	124	125	-1.76197619654634	color=(127,205,187)
2	125	126	-1.2872437574238	color=(127,205,187)
2	126	127	-2.7940893696886	color=(127,205,187)
2	127	128	-2.5875551279264	color=(127,205,187)
2	128	129	-2.6561990712586	color=(127,205,187)
2	129	130	-3.520183604821	color=(199,233,180)
2	130	131	-1.882758140626	color=(127,205,187)
2	131	132	-2.517175951523	color=(127,205,187)
2	132	133	-3.322205831598	color=(127,205,187)
2	133	134	-3.422156014754	color=(199,233,180)
2	134	135	-2.942896186052	color=(127,205,187)
2	135	136	-2.98728882901	color=(127,205,187)
2	136	137	-2.753217969606	color=(127,205,187)
2	137	138	-0.693014331402	color=(65,182,196)
2	138	139	-3.98226073815	color=(199,233,180)
2	139	140	-3.089269647153	color=(127,205,187)
2	140	141	-1.829557268504	color=(127,205,187)
2	141	142	-1.523607361914	color=(127,205,187)
2	142	143	-1.32721481587	color=(127,205,187)
2	143	144	-4.0983150716294	color=(199,233,180)
2	144	145	-2.678943392664	color=(127,205,187)
2	145	146	-3.00589658157	color=(127,205,187)
2	146	147	-1.31860560959692	color=(127,205,187)
2	147	148	-3.1137339149044	color=(127,205,187)
2	148	149	-0.1628512894428	color=(65,182,196)
2	149	150	-1.46420513945	color=(127,205,187)
2	150	151	-0.371585424191	color=(65,182,196)
2	151	152	-3.4662548599616	color=(199,233,180)
2	152	153	-4.3149332520708	color=(199,233,180)
2	153	154	-3.0778207993344	color=(127,205,187)
2	154	155	-1.044128729642	color=(65,182,196)
2	155	156	-1.8949526331734	color=(127,205,187)
2	156	157	-1.3727926309184	color=(127,205,187)
2	157	158	-1.325350412016	color=(127,205,187)
2	158	159	-2.788216787924	color=(127,205,187)
2	159	160	-2.363515936028	color=(127,205,187)
2	160	161	-3.190534502044	color=(127,205,187)
2	161	162	-2.995305092683	color=(127,205,187)
2	162	163	-3.4310194877984	color=(199,233,180)
2	163	164	-4.630126274872	color=(199,233,180)
2	164	165	-2.8327107421476	color=(127,205,187)
2	165	166	-3.4694773520674	color=(199,233,180)
2	166	167	-2.292027179238	color=(127,205,187)
2	167	168	-3.3959713114274	color=(199,233,180)
2	168	169	-4.59677015699	color=(199,233,180)
2	169	170	-2.098645824434	color=(127,205,187)
2	170	171	-0.8709844099964	color=(65,182,196)
2	171	172	-1.5353718067108	color=(127,205,187)
2	172	173	-1.9061747178414	color=(127,205,187)
2	173	174	-1.7806116575392	color=(127,205,187)
2	174	175	-2.859950054561	color=(127,205,187)
2	175	176	-3.57047266551	color=(199,233,180)
2	176	177	-3.25892736174328	color=(127,205,187)
2	177	178	-1.506818459698	color=(127,205,187)
2	178	179	-1.35759976913	color=(127,205,187)
2	179	180	-0.683615467472	color=(65,182,196)
2	180	181	-2.677818168588	color=(127,205,187)
2	181	182	-2.74044038652	color=(127,205,187)
2	182	183	-2.835710194404	color=(127,205,187)
2	183	184	-1.9551659698991	color=(127,205,187)
2	184	185	-3.52004089087558	color=(199,233,180)
2	185	186	-2.396329020752	color=(127,205,187)
2	186	187	-2.33726731577	color=(127,205,187)
2	187	188	-1.6254913818996	color=(127,205,187)
2	188	189	-1.922920980486	color=(127,205,187)
2	189	190	-2.45249355217866	color=(127,205,187)
2	190	191	-1.7182660467248	color=(127,205,187)
2	191	192	-3.184471248388	color=(127,205,187)
2	192	193	-2.973941978902	color=(127,205,187)
2	193	194	-1.481615231206	color=(127,205,187)
2	194	195	-2.1667009384484	color=(127,205,187)
2	195	196	-2.60180127153292	color=(127,205,187)
2	196	197	-2.9050472069016	color=(127,205,187)
2	197	198	-2.3638423378266	color=(127,205,187)
2	198	199	-2.6856881921578	color=(127,205,187)
2	199	200	-2.6538722687184	color=(127,205,187)
2	200	201	-4.52126112327	color=(199,233,180)
2	201	202	-3.0282678951662	color=(127,205,187)
2	202	203	-0.9143253854166	color=(65,182,196)
2	203	204	-3.91738393854	color=(199,233,180)
2	204	205	-2.960143128706	color=(127,205,187)
2	205	206	-1.618848383303	color=(127,205,187)
2	206	207	-2.33803681378942	color=(127,205,187)
2	207	208	-2.33107951595	color=(127,205,187)
2	208	209	-3.1062044322773	color=(127,205,187)
2	209	210	-3.4029552656688	color=(199,233,180)
2	210	211	-2.4530744522506	color=(127,205,187)
2	211	212	-3.689148719156	color=(199,233,180)
2	212	213	-2.258089464618	color=(127,205,187)
2	213	214	-3.8570715399426	color=(199,233,180)
2	214	215	-3.325457127866	color=(127,205,187)
2	215	216	-2.51302196403852	color=(127,205,187)
2	216	217	-3.334991700254	color=(127,205,187)
2	217	218	-2.1308079596456	color=(127,205,187)
2	218	219	-1.3637211227114	color=(127,205,187)
2	219	220	-3.218264208636	color=(127,205,187)
2	220	221	-3.054920168514	color=(127,205,187)
2	221	222	-2.4311999670696	color=(127,205,187)
2	222	223	-2.434467885242	color=(127,205,187)
2	223	224	-1.3739283836692	color=(127,205,187)
2	224	225	0.111832411750201	color=(65,182,196)
2	225	226	-2.5249407471382	color=(127,205,187)
2	226	227	-2.1632057807356	color=(127,205,187)
2	227	228	-2.348476041892	color=(127,205,187)
2	228	229	-3.5541354753964	color=(199,233,180)
2	229	230	-2.85949829724	color=(127,205,187)
2	230	231	-4.0430121065502	color=(199,233,180)
2	231	232	-3.883354138308	color=(199,233,180)
2	232	233	-2.217872825698	color=(127,205,187)
2	233	234	-3.815563660678	color=(199,233,180)
2	234	235	-3.4393184596622	color=(199,233,180)
2	235	236	-1.7599405191526	color=(127,205,187)
2	236	237	-2.883257760259	color=(127,205,187)
2	237	238	-2.0714471055416	color=(127,205,187)
2	238	239	-2.0123406718212	color=(127,205,187)
2	239	240	-1.6325837420932	color=(127,205,187)
2	240	241	-2.6823186751222	color=(127,205,187)
2	241	242	-1.7434659404548	color=(127,205,187)
2	242	243	-3.017041173116	color=(127,205,187)
2	243	244	-1.04101011118	color=(65,182,196)
2	244	245	-3.3884282640586	color=(199,233,180)
2	245	246	-4.7153658366868	color=(199,233,180)
2	246	247	-2.71157221357174	color=(127,205,187)
2	247	248	-3.5881199447984	color=(199,233,180)
2	248	249	-2.5667809032728	color=(127,205,187)
2	249	250	-2.9200620483292	color=(127,205,187)
2	250	251	-3.259040629686	color=(127,205,187)
2	251	252	-3.286891302264	color=(127,205,187)
2	252	253	-4.2082951276274	color=(199,233,180)
2	253	254	-1.8533517325824	color=(127,205,187)
2	254	255	-1.4587803742404	color=(127,205,187)
2	255	256	-3.7107376638312	color=(199,233,180)
2	256	257	-2.797469418578	color=(127,205,187)
2	257	258	-2.819559214152	color=(127,205,187)
2	258	259	-1.53789708178686	color=(127,205,187)
2	259	260	-1.2481326059002	color=(127,205,187)
2	260	261	-2.703832165272	color=(127,205,187)
2	261	262	-3.35996716014	color=(199,233,180)
2	262	263	-2.775676931606	color=(127,205,187)
2	263	264	-2.754020610442	color=(127,205,187)
2	264	265	-1.848921987047	color=(127,205,187)
2	265	266	-2.349285884024	color=(127,205,187)
2	266	267	-1.368549600072	color=(127,205,187)
2	267	268	-2.8008067109854	color=(127,205,187)
2	268	269	-2.1871195889192	color=(127,205,187)
2	269	270	-1.8917918547336	color=(127,205,187)
2	270	271	-4.67722908864976	color=(199,233,180)
2	271	272	-1.7619819441078	color=(127,205,187)
2	272	273	-4.4014384024036	color=(199,233,180)
2	273	274	-1.6011918267478	color=(127,205,187)
3	0	1	-4.22969051780384	color=(199,233,180)
3	1	2	-2.61946958662	color=(127,205,187)
3	2	3	-3.62574878737	color=(199,233,180)
3	3	4	-3.022250199946	color=(127,205,187)
3	4	5	-3.615662707142	color=(199,233,180)
3	5	6	-3.643461809416	color=(199,233,180)
3	6	7	-3.595290897732	color=(199,233,180)
3	7	8	-3.669875789052	color=(199,233,180)
3	8	9	-3.425341658446	color=(199,233,180)
3	9	10	-2.209920795552	color=(127,205,187)
3	10	11	-3.7135378143784	color=(199,233,180)
3	11	12	-3.196012540114	color=(127,205,187)
3	12	13	-3.243670169024	color=(127,205,187)
3	13	14	-4.661766022886	color=(199,233,180)
3	14	15	-4.0800786877228	color=(199,233,180)
3	15	16	-1.877391465634	color=(127,205,187)
3	16	17	-4.6342986895916	color=(199,233,180)
3	17	18	-3.1172451585402	color=(127,205,187)
3	18	19	-4.01460232862	color=(199,233,180)
3	19	20	-3.236074327492	color=(127,205,187)
3	20	21	-3.04966080248	color=(127,205,187)
3	21	22	-2.617584611298	color=(127,205,187)
3	22	23	-3.902822106842	color=(199,233,180)
3	23	24	-5.4145185090556	color=(199,233,180)
3	24	25	-3.6028619624516	color=(199,233,180)
3	25	26	-4.560573607556	color=(199,233,180)
3	26	27	-2.802655874948	color=(127,205,187)
3	27	28	-3.48432638846	color=(199,233,180)
3	28	29	-3.58018902476	color=(199,233,180)
3	29	30	-2.9917476289896	color=(127,205,187)
3	30	31	-3.1468641624904	color=(127,205,187)
3	31	32	-2.6316596856888	color=(127,205,187)
3	32	33	-3.312272558366	color=(127,205,187)
3	33	34	-4.524809212824	color=(199,233,180)
3	34	35	-3.4212825599016	color=(199,233,180)
3	35	36	-2.0518414256646	color=(127,205,187)
3	36	37	-3.6217184988804	color=(199,233,180)
3	37	38	-5.824479586956	color=(237,248,177)
3	38	39	-6.165730299308	color=(237,248,177)
3	39	40	-3.1294228707552	color=(127,205,187)
3	40	41	-2.57734008389124	color=(127,205,187)
3	41	42	-3.3200149299634	color=(127,205,187)
3	42	43	-2.445181504224	color=(127,205,187)
3	43	44	-2.3275424952574	color=(127,205,187)
3	44	45	-3.46179172652848	color=(199,233,180)
3	45	46	-2.975285725426	color=(127,205,187)
3	46	47	-3.0841273330282	color=(127,205,187)
3	47	48	-2.4340188326596	color=(127,205,187)
3	48	49	-2.224035816454	color=(127,205,187)
3	49	50	-2.96677367282348	color=(127,205,187)
3	50	51	-4.5326021864188	color=(199,233,180)
3	51	52	-2.421029083638	color=(127,205,187)
3	52	53	-2.4260978829996	color=(127,205,187)
3	53	54	-3.711914645782	color=(199,233,180)
3	54	55	-4.6537362203466	color=(199,233,180)
3	55	56	-4.7234483520172	color=(199,233,180)
3	56	57	-4.080734852158	color=(199,233,180)
3	57	58	-2.47590594665568	color=(127,205,187)
3	58	59	-4.759172227598	color=(199,233,180)
3	59	60	-2.474651651804	color=(127,205,187)
3	60	61	-3.727959192872	color=(199,233,180)
3	61	62	-3.21733392813568	color=(127,205,187)
3	62	63	-3.5177046448072	color=(199,233,180)
3	63	64	-3.048036416092	color=(127,205,187)
3	64	65	-2.43278525265736	color=(127,205,187)
3	65	66	-2.656143678858	color=(127,205,187)
3	66	67	-3.872520206658	color=(199,233,180)
3	67	68	-2.756609751752	color=(127,205,187)
3	68	69	-4.171832970262	color=(199,233,180)
3	69	70	-5.7220023730936	color=(237,248,177)
3	70	71	-3.0389697952803	color=(127,205,187)
3	71	72	-4.4260152438216	color=(199,233,180)
3	72	73	-2.710099686724	color=(127,205,187)
3	73	74	-3.254903522576	color=(127,205,187)
3	74	75	-3.17373722117288	color=(127,205,187)
3	75	76	-2.2446527761164	color=(127,205,187)
3	76	77	-2.6483059252088	color=(127,205,187)
3	77	78	-3.4027407142584	color=(199,233,180)
3	78	79	-2.5799770687958	color=(127,205,187)
3	79	80	-3.489738588314	color=(199,233,180)
3	80	81	-3.499355783522	color=(199,233,180)
3	81	82	-3.2919057549652	color=(127,205,187)
3	82	83	-2.9615423153256	color=(127,205,187)
3	83	84	-3.22637024188	color=(127,205,187)
3	84	85	-3.18779602712	color=(127,205,187)
3	85	86	-2.48329524841064	color=(127,205,187)
3	86	87	-4.3630134593458	color=(199,233,180)
3	87	88	-2.994485148562	color=(127,205,187)
3	88	89	-3.8081915238018	color=(199,233,180)
3	89	90	-3.848826272408	color=(199,233,180)
3	90	91	-2.702821085382	color=(127,205,187)
3	91	92	-1.8333653568	color=(127,205,187)
3	92	93	-3.7459960283472	color=(199,233,180)
3	93	94	-6.10266541904424	color=(237,248,177)
3	94	95	-3.976641726442	color=(199,233,180)
3	95	96	-4.4435009288116	color=(199,233,180)
3	96	97	-3.280878287432	color=(127,205,187)
3	97	98	-3.6377348375396	color=(199,233,180)
3	98	99	-1.5686032001836	color=(127,205,187)
3	99	100	-4.5479792976354	color=(199,233,180)
3	100	101	-4.7553331782244	color=(199,233,180)
3	101	102	-2.7859114712768	color=(127,205,187)
3	102	103	-2.71154027448	color=(127,205,187)
3	103	104	-3.596382756784	color=(199,233,180)
3	104	105	-3.532955997522	color=(199,233,180)
3	105	106	-3.5914074225294	color=(199,233,180)
3	106	107	-3.531897275408	color=(199,233,180)
3	107	108	-5.09947740532	color=(199,233,180)
3	108	109	-3.2535428580642	color=(127,205,187)
3	109	110	-3.0418639563796	color=(127,205,187)
3	110	111	-6.429051087934	color=(237,248,177)
3	111	112	-4.5669972911696	color=(199,233,180)
3	112	113	-4.337638759166	color=(199,233,180)
3	113	114	-4.0264693344158	color=(199,233,180)
3	114	115	-4.260673997304	color=(199,233,180)
3	115	116	-3.4392600091132	color=(199,233,180)
3	116	117	-4.3234795394744	color=(199,233,180)
3	117	118	-4.011850417314	color=(199,233,180)
3	118	119	-3.5849330551436	color=(199,233,180)
3	119	120	-5.3125674067154	color=(199,233,180)
3	120	121	-5.496816709988	color=(199,233,180)
3	121	122	-3.43328496981	color=(199,233,180)
3	122	123	-2.77618210538	color=(127,205,187)
3	123	124	-4.99495956115	color=(199,233,180)
3	124	125	-2.6806711208162	color=(127,205,187)
3	125	126	-4.8067181945678	color=(199,233,180)
3	126	127	-2.18372624868636	color=(127,205,187)
3	127	128	-3.577233005392	color=(199,233,180)
3	128	129	-4.077335865252	color=(199,233,180)
3	129	130	-3.3149029625486	color=(127,205,187)
3	130	131	-3.2716393972724	color=(127,205,187)
3	131	132	-2.146619319726	color=(127,205,187)
3	132	133	-3.3180496936244	color=(127,205,187)
3	133	134	-3.3795571161074	color=(199,233,180)
3	134	135	-3.4217998290464	color=(199,233,180)
3	135	136	-3.5645048571288	color=(199,233,180)
3	136	137	-2.437907711635	color=(127,205,187)
3	137	138	-3.3299616304932	color=(127,205,187)
3	138	139	-3.7098049472892	color=(199,233,180)
3	139	140	-4.067182861842	color=(199,233,180)
3	140	141	-5.2345750638752	color=(199,233,180)
3	141	142	-2.8677633277416	color=(127,205,187)
3	142	143	-4.070252309792	color=(199,233,180)
3	143	144	-4.43287041598	color=(199,233,180)
3	144	145	-5.3055194079676	color=(199,233,180)
3	145	146	-4.5135570754288	color=(199,233,180)
3	146	147	-3.1842455936924	color=(127,205,187)
3	147	148	-4.7237348177938	color=(199,233,180)
3	148	149	-2.117510708626	color=(127,205,187)
3	149	150	-3.2568063326912	color=(127,205,187)
3	150	151	-2.9341138880108	color=(127,205,187)
3	151	152	-3.1823666660214	color=(127,205,187)
3	152	153	-3.425214266194	color=(199,233,180)
3	153	154	-3.978227105216	color=(199,233,180)
3	154	155	-4.481357328122	color=(199,233,180)
3	155	156	-3.366031281976	color=(199,233,180)
3	156	157	-3.001841901928	color=(127,205,187)
3	157	158	-3.3351845701956	color=(127,205,187)
3	158	159	-2.2733641976084	color=(127,205,187)
3	159	160	-2.85991946496	color=(127,205,187)
3	160	161	-4.3194242592602	color=(199,233,180)
3	161	162	-3.039126388752	color=(127,205,187)
3	162	163	-3.19945850763238	color=(127,205,187)
3	163	164	-4.195033576066	color=(199,233,180)
3	164	165	-5.235188614886	color=(199,233,180)
3	165	166	-2.3520415225032	color=(127,205,187)
3	166	167	-4.069131376002	color=(199,233,180)
3	167	168	-4.401169547946	color=(199,233,180)
3	168	169	-4.1882658029	color=(199,233,180)
3	169	170	-2.93800409438	color=(127,205,187)
3	170	171	-2.934875973712	color=(127,205,187)
3	171	172	-4.8811688867706	color=(199,233,180)
3	172	173	-3.4069782731478	color=(199,233,180)
3	173	174	-2.9456413360894	color=(127,205,187)
3	174	175	-4.77065426770352	color=(199,233,180)
3	175	176	-2.1185873607882	color=(127,205,187)
3	176	177	-2.4826951049932	color=(127,205,187)
3	177	178	-3.7639999060508	color=(199,233,180)
3	178	179	-4.8666745862896	color=(199,233,180)
3	179	180	-3.859429506848	color=(199,233,180)
3	180	181	-4.4755552922	color=(199,233,180)
3	181	182	-2.596828065786	color=(127,205,187)
3	182	183	-3.039558429928	color=(127,205,187)
3	183	184	-4.1830018328816	color=(199,233,180)
3	184	185	-4.2498273474998	color=(199,233,180)
3	185	186	-3.33638654796748	color=(127,205,187)
3	186	187	-3.5135682201496	color=(199,233,180)
3	187	188	-3.4799443200032	color=(199,233,180)
3	188	189	-3.081752538702	color=(127,205,187)
3	189	190	-3.993583249172	color=(199,233,180)
3	190	191	-3.17306348921	color=(127,205,187)
3	191	192	-6.144388815644	color=(237,248,177)
3	192	193	-3.3789925254638	color=(199,233,180)
3	193	194	-4.2229769393834	color=(199,233,180)
3	194	195	-3.235927946426	color=(127,205,187)
3	195	196	-2.5154402065424	color=(127,205,187)
3	196	197	-3.59919707557186	color=(199,233,180)
3	197	198	-4.6785562195506	color=(199,233,180)
3	198	199	-4.126038511908	color=(199,233,180)
3	199	200	-3.49409436099	color=(199,233,180)
3	200	201	-3.9277262774418	color=(199,233,180)
3	201	202	-2.6426306800492	color=(127,205,187)
3	202	203	-3.990294000822	color=(199,233,180)
3	203	204	-4.02153384610832	color=(199,233,180)
3	204	205	-5.434660733252	color=(199,233,180)
3	205	206	-2.4635576200356	color=(127,205,187)
3	206	207	-4.062461973004	color=(199,233,180)
3	207	208	-3.524136688806	color=(199,233,180)
3	208	209	-4.7930009866808	color=(199,233,180)
3	209	210	-3.4399969176652	color=(199,233,180)
3	210	211	-2.804706983468	color=(127,205,187)
3	211	212	-2.969808787864	color=(127,205,187)
3	212	213	-4.30334397674	color=(199,233,180)
3	213	214	-3.0943682144104	color=(127,205,187)
3	214	215	-2.58297362273	color=(127,205,187)
3	215	216	-5.235180661452	color=(199,233,180)
3	216	217	-3.8535398481732	color=(199,233,180)
3	217	218	-3.1515264351256	color=(127,205,187)
3	218	219	-4.150180204136	color=(199,233,180)
3	219	220	-2.590111692008	color=(127,205,187)
3	220	221	-3.85452890897	color=(199,233,180)
3	221	222	-5.5852466569476	color=(237,248,177)
3	222	223	-4.8238486071024	color=(199,233,180)
3	223	224	-3.054146742082	color=(127,205,187)
3	224	225	-4.072237817928	color=(199,233,180)
3	225	226	-2.892868392858	color=(127,205,187)
3	226	227	-4.4688334587498	color=(199,233,180)
4	0	1	0.87751855741	color=(65,182,196)
4	1	2	2.028064719916	color=(29,145,192)
4	2	3	-0.9202780835672	color=(65,182,196)
4	3	4	0.992428682413999	color=(65,182,196)
4	4	5	0.426745764685	color=(65,182,196)
4	5	6	2.342349535176	color=(29,145,192)
4	6	7	1.429322012918	color=(29,145,192)
4	7	8	2.79639825867156	color=(29,145,192)
4	8	9	0.6498130195462	color=(65,182,196)
4	9	10	0.75948880931	color=(65,182,196)
4	10	11	0.69372720226	color=(65,182,196)
4	11	12	-0.00345485525599987	color=(65,182,196)
4	12	13	0.50331465303	color=(65,182,196)
4	13	14	1.1206355210064	color=(29,145,192)
4	14	15	1.207122581154	color=(29,145,192)
4	15	16	1.839327189096	color=(29,145,192)
4	16	17	0.583625452038	color=(65,182,196)
4	17	18	0.0409013584600002	color=(65,182,196)
4	18	19	0.820873816914	color=(65,182,196)
4	19	20	2.478836444344	color=(29,145,192)
4	20	21	0.42305873386	color=(65,182,196)
4	21	22	1.81104784045	color=(29,145,192)
4	22	23	1.527678566154	color=(29,145,192)
4	23	24	-1.0277982880686	color=(65,182,196)
4	24	25	3.05648638502	color=(29,145,192)
4	25	26	2.8062493885502	color=(29,145,192)
4	26	27	1.352524521086	color=(29,145,192)
4	27	28	2.032806487402	color=(29,145,192)
4	28	29	0.369990918341	color=(65,182,196)
4	29	30	1.194559230666	color=(29,145,192)
4	30	31	-2.6247813740286	color=(127,205,187)
4	31	32	-0.897004641434	color=(65,182,196)
4	32	33	1.458969943314	color=(29,145,192)
4	33	34	1.56364462531	color=(29,145,192)
4	34	35	0.14647835667	color=(65,182,196)
4	35	36	2.0275336137508	color=(29,145,192)
4	36	37	-0.0671372904896	color=(65,182,196)
4	37	38	-0.161216131692	color=(65,182,196)
4	38	39	2.79382478947	color=(29,145,192)
4	39	40	0.702682688402	color=(65,182,196)
4	40	41	-0.342125920131999	color=(65,182,196)
4	41	42	-0.33353456119	color=(65,182,196)
4	42	43	1.0896186078418	color=(65,182,196)
4	43	44	-1.045652581841	color=(65,182,196)
4	44	45	-0.0629722902300003	color=(65,182,196)
4	45	46	0.0456165589520001	color=(65,182,196)
4	46	47	2.0785947118046	color=(29,145,192)
4	47	48	0.390518869964	color=(65,182,196)
4	48	49	2.101148918026	color=(29,145,192)
4	49	50	0.688106151952	color=(65,182,196)
4	50	51	1.78464349955	color=(29,145,192)
4	51	52	1.65786052253	color=(29,145,192)
4	52	53	1.2663554372128	color=(29,145,192)
4	53	54	1.336500789968	color=(29,145,192)
4	54	55	1.16983706491	color=(29,145,192)
4	55	56	1.28178853339	color=(29,145,192)
4	56	57	2.9729883683818	color=(29,145,192)
4	57	58	2.4368779711762	color=(29,145,192)
4	58	59	1.499240805628	color=(29,145,192)
4	59	60	1.227855760402	color=(29,145,192)
4	60	61	2.5780738115938	color=(29,145,192)
4	61	62	1.309592409332	color=(29,145,192)
4	62	63	1.251811287424	color=(29,145,192)
4	63	64	0.437558249922	color=(65,182,196)
4	64	65	1.514035857216	color=(29,145,192)
4	65	66	1.409202073288	color=(29,145,192)
4	66	67	1.370516470984	color=(29,145,192)
4	67	68	1.07514877001666	color=(65,182,196)
4	68	69	1.39197601276	color=(29,145,192)
4	69	70	1.006786778984	color=(65,182,196)
4	70	71	1.043971830766	color=(65,182,196)
4	71	72	0.666478016278	color=(65,182,196)
4	72	73	1.673692168382	color=(29,145,192)
4	73	74	2.275372121614	color=(29,145,192)
4	74	75	3.0059963570362	color=(29,145,192)
4	75	76	2.159141571741	color=(29,145,192)
4	76	77	-0.9940751447264	color=(65,182,196)
4	77	78	-0.67125973742262	color=(65,182,196)
4	78	79	2.40701029127	color=(29,145,192)
4	79	80	0.85745233565599	color=(65,182,196)
4	80	81	2.917217945436	color=(29,145,192)
4	81	82	2.332330055182	color=(29,145,192)
4	82	83	1.854960051021	color=(29,145,192)
4	83	84	-1.095796904048	color=(65,182,196)
4	84	85	2.502201786552	color=(29,145,192)
4	85	86	0.865971633102	color=(65,182,196)
4	86	87	0.652439157288001	color=(65,182,196)
4	87	88	1.1020848028628	color=(29,145,192)
4	88	89	0.766245293278	color=(65,182,196)
4	89	90	0.390761195406	color=(65,182,196)
4	90	91	2.7340502667644	color=(29,145,192)
4	91	92	0.251871825097999	color=(65,182,196)
4	92	93	1.42608133064222	color=(29,145,192)
4	93	94	0.979559438382	color=(65,182,196)
4	94	95	0.1521756094436	color=(65,182,196)
4	95	96	2.601151553538	color=(29,145,192)
4	96	97	1.332585954038	color=(29,145,192)
4	97	98	-0.0440711716900002	color=(65,182,196)
4	98	99	2.1939747405044	color=(29,145,192)
4	99	100	0.826754298444	color=(65,182,196)
4	100	101	0.551580050166001	color=(65,182,196)
4	101	102	1.8026193497	color=(29,145,192)
4	102	103	0.0526540214239999	color=(65,182,196)
4	103	104	1.4205398357304	color=(29,145,192)
4	104	105	2.141088222808	color=(29,145,192)
4	105	106	-0.2775381197732	color=(65,182,196)
4	106	107	-0.0910798251219997	color=(65,182,196)
4	107	108	-0.110702409028001	color=(65,182,196)
4	108	109	-0.2074252649924	color=(65,182,196)
4	109	110	0.451302314058	color=(65,182,196)
4	110	111	-0.205140890464	color=(65,182,196)
4	111	112	1.22056010942596	color=(29,145,192)
4	112	113	-0.832976396014	color=(65,182,196)
4	113	114	1.396670337266	color=(29,145,192)
4	114	115	0.395584725418	color=(65,182,196)
4	115	116	0.767058887786001	color=(65,182,196)
4	116	117	0.715019652051	color=(65,182,196)
4	117	118	0.1650877454	color=(65,182,196)
4	118	119	4.237402340418	color=(34,94,168)
4	119	120	0.6266758730304	color=(65,182,196)
4	120	121	1.97010794676908	color=(29,145,192)
4	121	122	0.555671627103999	color=(65,182,196)
4	122	123	0.554852494798	color=(65,182,196)
4	123	124	2.480893248863	color=(29,145,192)
4	124	125	-0.39743837578024	color=(65,182,196)
4	125	126	1.78479279504	color=(29,145,192)
4	126	127	0.653608965828001	color=(65,182,196)
4	127	128	0.577409900139999	color=(65,182,196)
4	128	129	0.611412888922001	color=(65,182,196)
4	129	130	-0.06917600056116	color=(65,182,196)
4	130	131	0.9678970755934	color=(65,182,196)
4	131	132	1.311047897598	color=(29,145,192)
4	132	133	0.971151422322	color=(65,182,196)
4	133	134	0.57755009674714	color=(65,182,196)
4	134	135	-0.42627907597	color=(65,182,196)
4	135	136	-3.753263201552	color=(199,233,180)
4	136	137	-0.33559151736152	color=(65,182,196)
4	137	138	-0.28218478754682	color=(65,182,196)
4	138	139	1.5313927467944	color=(29,145,192)
4	139	140	1.903002579862	color=(29,145,192)
4	140	141	1.144992607816	color=(29,145,192)
4	141	142	0.595873548586	color=(65,182,196)
4	142	143	0.329585299924	color=(65,182,196)
4	143	144	0.920703442743999	color=(65,182,196)
4	144	145	-0.81036825088222	color=(65,182,196)
4	145	146	-0.642118330954	color=(65,182,196)
4	146	147	-1.201056486368	color=(127,205,187)
4	147	148	-1.6105270903276	color=(127,205,187)
4	148	149	-0.69296154846	color=(65,182,196)
4	149	150	2.3770395940542	color=(29,145,192)
4	150	151	2.8058188891934	color=(29,145,192)
4	151	152	0.0239168511528001	color=(65,182,196)
4	152	153	0.384890860180001	color=(65,182,196)
4	153	154	-0.05185362098536	color=(65,182,196)
4	154	155	0.0757234727459988	color=(65,182,196)
4	155	156	1.346120410128	color=(29,145,192)
4	156	157	2.15624146924224	color=(29,145,192)
4	157	158	0.921038894957	color=(65,182,196)
4	158	159	1.099735191578	color=(65,182,196)
4	159	160	0.8320207535096	color=(65,182,196)
4	160	161	0.4144820266746	color=(65,182,196)
4	161	162	1.928865674996	color=(29,145,192)
4	162	163	-0.693548271754	color=(65,182,196)
4	163	164	-0.908937506874	color=(65,182,196)
4	164	165	2.42681351170464	color=(29,145,192)
4	165	166	0.757382565519999	color=(65,182,196)
4	166	167	0.678709845205	color=(65,182,196)
4	167	168	1.97422193721248	color=(29,145,192)
4	168	169	-0.581854948404	color=(65,182,196)
4	169	170	1.58569622622	color=(29,145,192)
4	170	171	0.5209095026806	color=(65,182,196)
4	171	172	0.565810441356	color=(65,182,196)
4	172	173	-0.1490144494324	color=(65,182,196)
4	173	174	0.0523924112079999	color=(65,182,196)
4	174	175	0.1892574992224	color=(65,182,196)
4	175	176	0.3786246711734	color=(65,182,196)
4	176	177	-0.1185065946382	color=(65,182,196)
4	177	178	-0.33645092389	color=(65,182,196)
4	178	179	1.628634051194	color=(29,145,192)
4	179	180	2.90202636347834	color=(29,145,192)
4	180	181	1.802506607819	color=(29,145,192)
4	181	182	2.0478536548964	color=(29,145,192)
4	182	183	1.99957653926386	color=(29,145,192)
4	183	184	-0.9138612681314	color=(65,182,196)
4	184	185	-0.1307902740198	color=(65,182,196)
4	185	186	2.067349468816	color=(29,145,192)
4	186	187	-0.627691865865	color=(65,182,196)
4	187	188	1.008677483262	color=(65,182,196)
4	188	189	0.5910688266602	color=(65,182,196)
4	189	190	2.31379171275	color=(29,145,192)
4	190	191	1.7642659371112	color=(29,145,192)
4	191	192	-0.0813573032558	color=(65,182,196)
4	192	193	2.046160170922	color=(29,145,192)
4	193	194	1.5845146159	color=(29,145,192)
4	194	195	3.1429813916558	color=(29,145,192)
4	195	196	0.252761380998	color=(65,182,196)
4	196	197	1.6833044250344	color=(29,145,192)
4	197	198	-0.997053892852001	color=(65,182,196)
4	198	199	1.546113403294	color=(29,145,192)
4	199	200	1.818404669502	color=(29,145,192)
4	200	201	0.323433695738	color=(65,182,196)
4	201	202	0.105570112414	color=(65,182,196)
4	202	203	1.020747315178	color=(65,182,196)
4	203	204	0.1318488166588	color=(65,182,196)
4	204	205	2.257436805154	color=(29,145,192)
4	205	206	1.138221165618	color=(29,145,192)
4	206	207	0.6779281003708	color=(65,182,196)
4	207	208	1.01434701201	color=(65,182,196)
4	208	209	0.00248746553599988	color=(65,182,196)
4	209	210	1.9739455398896	color=(29,145,192)
4	210	211	1.741047835652	color=(29,145,192)
4	211	212	0.939458003894	color=(65,182,196)
4	212	213	0.341646713239999	color=(65,182,196)
4	213	214	2.2108764061056	color=(29,145,192)
4	214	215	2.674965703136	color=(29,145,192)
4	215	216	1.777825476924	color=(29,145,192)
4	216	217	1.646738087844	color=(29,145,192)
4	217	218	0.113041256333999	color=(65,182,196)
4	218	219	2.051293258846	color=(29,145,192)
4	219	220	1.501257824794	color=(29,145,192)
4	220	221	0.8161170050254	color=(65,182,196)
4	221	222	1.040087021694	color=(65,182,196)
4	222	223	1.8088662643068	color=(29,145,192)
4	223	224	-0.579591069732	color=(65,182,196)
4	224	225	2.5878681929714	color=(29,145,192)
4	225	226	0.2089469493904	color=(65,182,196)
4	226	227	0.0496131768635001	color=(65,182,196)
4	227	228	0.482205370486	color=(65,182,196)
4	228	229	0.130690412784	color=(65,182,196)
4	229	230	1.33649419032	color=(29,145,192)
4	230	231	0.726476776702	color=(65,182,196)
4	231	232	0.968597390174	color=(65,182,196)
4	232	233	0.91906444799	color=(65,182,196)
4	233	234	-0.803919873344	color=(65,182,196)
4	234	235	-1.624692205716	color=(127,205,187)
4	235	236	1.376766459161	color=(29,145,192)
4	236	237	2.370078495164	color=(29,145,192)
4	237	238	2.340945650082	color=(29,145,192)
4	238	239	2.379481386596	color=(29,145,192)
4	239	240	-1.5830428837544	color=(127,205,187)
4	240	241	0.897778762792	color=(65,182,196)
4	241	242	2.087264497264	color=(29,145,192)
4	242	243	1.4257072212642	color=(29,145,192)
4	243	244	0.1581813019474	color=(65,182,196)
4	244	245	1.23197684377	color=(29,145,192)
4	245	246	1.079357930612	color=(65,182,196)
4	246	247	0.99650825089	color=(65,182,196)
4	247	248	1.865715676832	color=(29,145,192)
4	248	249	1.8235543547774	color=(29,145,192)
4	249	250	0.93792256187196	color=(65,182,196)
4	250	251	1.854801921686	color=(29,145,192)
4	251	252	-0.856720710098	color=(65,182,196)
4	252	253	0.319081869305999	color=(65,182,196)
4	253	254	1.157488757344	color=(29,145,192)
4	254	255	1.369653090316	color=(29,145,192)
4	255	256	1.3615291816366	color=(29,145,192)
4	256	257	1.080534578366	color=(65,182,196)
4	257	258	0.655589400236	color=(65,182,196)
4	258	259	-0.1095578193634	color=(65,182,196)
4	259	260	0.407410230146	color=(65,182,196)
4	260	261	1.147076383394	color=(29,145,192)
4	261	262	1.7001240410862	color=(29,145,192)
4	262	263	2.0144674607634	color=(29,145,192)
4	263	264	1.584495984116	color=(29,145,192)
4	264	265	0.956960974729494	color=(65,182,196)
4	265	266	1.5342887716532	color=(29,145,192)
4	266	267	0.76421058084554	color=(65,182,196)
4	267	268	1.848310163006	color=(29,145,192)
4	268	269	1.022305075982	color=(65,182,196)
4	269	270	0.804122820574	color=(65,182,196)
4	270	271	1.35192444807	color=(29,145,192)
4	271	272	1.073895523378	color=(65,182,196)
4	272	273	1.89312328611515	color=(29,145,192)
4	273	274	0.7029759966634	color=(65,182,196)
4	274	275	1.37743293854	color=(29,145,192)
4	275	276	0.6566818870792	color=(65,182,196)
4	276	277	-1.206908541838	color=(127,205,187)
4	277	278	3.14369550399357	color=(29,145,192)
5	0	1	0.28044156414	color=(65,182,196)
5	1	2	-1.16912339974154	color=(127,205,187)
5	2	3	-0.7846121600996	color=(65,182,196)
5	3	4	-0.6228186589042	color=(65,182,196)
5	4	5	0.4192626773816	color=(65,182,196)
5	5	6	-0.01985286871004	color=(65,182,196)
5	6	7	-2.487707671	color=(127,205,187)
5	7	8	-1.314483937398	color=(127,205,187)
5	8	9	0.8969663958592	color=(65,182,196)
5	9	10	-0.560863285708	color=(65,182,196)
5	10	11	-1.43919576425778	color=(127,205,187)
5	11	12	-0.6900803936002	color=(65,182,196)
5	12	13	0.378200836136	color=(65,182,196)
5	13	14	-0.50095902303986	color=(65,182,196)
5	14	15	-2.144186816004	color=(127,205,187)
5	15	16	-0.565004914377999	color=(65,182,196)
5	16	17	-0.59923703463	color=(65,182,196)
5	17	18	-0.31678511126542	color=(65,182,196)
5	18	19	-1.3837308127206	color=(127,205,187)
5	19	20	0.481370595994	color=(65,182,196)
5	20	21	-1.38365650571	color=(127,205,187)
5	21	22	-0.999190962548	color=(65,182,196)
5	22	23	-0.57564905777	color=(65,182,196)
5	23	24	-0.681479584295	color=(65,182,196)
5	24	25	-1.3375038215286	color=(127,205,187)
5	25	26	-0.7863317291268	color=(65,182,196)
5	26	27	-0.43955212809256	color=(65,182,196)
5	27	28	1.1267329362	color=(29,145,192)
5	28	29	0.651465076288	color=(65,182,196)
5	29	30	-0.267680845042	color=(65,182,196)
5	30	31	0.673561700532	color=(65,182,196)
5	31	32	-0.27318122276172	color=(65,182,196)
5	32	33	-1.0616494416302	color=(65,182,196)
5	33	34	-0.3088811859008	color=(65,182,196)
5	34	35	0.720669059204001	color=(65,182,196)
5	35	36	-0.33790280651	color=(65,182,196)
5	36	37	-3.3036155534048	color=(127,205,187)
5	37	38	-0.345799611416	color=(65,182,196)
5	38	39	-0.093921334894	color=(65,182,196)
5	39	40	-0.971782540268	color=(65,182,196)
5	40	41	-0.0850528295346802	color=(65,182,196)
5	41	42	0.409752860354	color=(65,182,196)
5	42	43	0.58747808084494	color=(65,182,196)
5	43	44	-1.045961062854	color=(65,182,196)
5	44	45	1.1222363813554	color=(29,145,192)
5	45	46	-1.054573544272	color=(65,182,196)
5	46	47	0.76006484705	color=(65,182,196)
5	47	48	-0.51604616666	color=(65,182,196)
5	48	49	-0.6095292775786	color=(65,182,196)
5	49	50	-1.1247886307334	color=(127,205,187)
5	50	51	1.171096703962	color=(29,145,192)
5	51	52	-0.360140536739999	color=(65,182,196)
5	52	53	-0.8669537605632	color=(65,182,196)
5	53	54	-0.358333111036	color=(65,182,196)
5	54	55	-0.74091562029	color=(65,182,196)
5	55	56	-0.591134387698	color=(65,182,196)
5	56	57	0.00439926123465995	color=(65,182,196)
5	57	58	-2.36046885702	color=(127,205,187)
5	58	59	-0.2587971301748	color=(65,182,196)
5	59	60	-0.514717015692	color=(65,182,196)
5	60	61	-0.382174167384	color=(65,182,196)
5	61	62	-0.8687525455986	color=(65,182,196)
5	62	63	-1.1917275715956	color=(127,205,187)
5	63	64	-1.79249810286	color=(127,205,187)
5	64	65	-0.520643997506	color=(65,182,196)
5	65	66	-1.4085849311836	color=(127,205,187)
5	66	67	-0.44268583889096	color=(65,182,196)
5	67	68	-0.33417251195472	color=(65,182,196)
5	68	69	-0.909226587967	color=(65,182,196)
5	69	70	0.124737795368	color=(65,182,196)
5	70	71	0.586133176256	color=(65,182,196)
5	71	72	-0.709040120568	color=(65,182,196)
5	72	73	0.230063099395	color=(65,182,196)
5	73	74	-0.20046533977816	color=(65,182,196)
5	74	75	-2.171596001386	color=(127,205,187)
5	75	76	-1.75399115147	color=(127,205,187)
5	76	77	-1.033568582363	color=(65,182,196)
5	77	78	-0.9690400665382	color=(65,182,196)
5	78	79	-1.49883105448468	color=(127,205,187)
5	79	80	-1.184227475091	color=(127,205,187)
5	80	81	-1.428571593004	color=(127,205,187)
5	81	82	-0.1149666610664	color=(65,182,196)
5	82	83	-0.7950285114538	color=(65,182,196)
5	83	84	-1.20099967988337	color=(127,205,187)
5	84	85	-2.268886038767	color=(127,205,187)
5	85	86	-2.5498670956216	color=(127,205,187)
5	86	87	-0.221438457998	color=(65,182,196)
5	87	88	0.0199785710842	color=(65,182,196)
5	88	89	-0.426499872402001	color=(65,182,196)
5	89	90	-0.0792013072628002	color=(65,182,196)
5	90	91	-0.851707104759	color=(65,182,196)
5	91	92	-0.187430904019999	color=(65,182,196)
5	92	93	0.24973601202	color=(65,182,196)
5	93	94	-0.974944622922	color=(65,182,196)
5	94	95	-0.9571135274158	color=(65,182,196)
5	95	96	-0.60874219905	color=(65,182,196)
5	96	97	-0.720459302381078	color=(65,182,196)
5	97	98	-0.595153206038	color=(65,182,196)
5	98	99	-0.5894657325566	color=(65,182,196)
5	99	100	-2.1240607534684	color=(127,205,187)
5	100	101	-0.177046062764	color=(65,182,196)
5	101	102	-0.000615983658399988	color=(65,182,196)
5	102	103	-1.2259721851574	color=(127,205,187)
5	103	104	-0.8960104529194	color=(65,182,196)
5	104	105	0.17124334614	color=(65,182,196)
5	105	106	-0.887276856794	color=(65,182,196)
5	106	107	0.84947220012	color=(65,182,196)
5	107	108	-0.8642684936708	color=(65,182,196)
5	108	109	-1.273042985856	color=(127,205,187)
5	109	110	-0.7812061467568	color=(65,182,196)
5	110	111	-0.92664872854	color=(65,182,196)
5	111	112	-0.8700544289616	color=(65,182,196)
5	112	113	-1.391689494628	color=(127,205,187)
5	113	114	-1.6146464542046	color=(127,205,187)
5	114	115	-1.97164360240708	color=(127,205,187)
5	115	116	-1.787211630622	color=(127,205,187)
5	116	117	1.320531443828	color=(29,145,192)
5	117	118	-0.249373366828	color=(65,182,196)
5	118	119	1.343358711416	color=(29,145,192)
5	119	120	-0.44511587772474	color=(65,182,196)
5	120	121	-1.3605083611204	color=(127,205,187)
5	121	122	-1.868901371299	color=(127,205,187)
5	122	123	-1.828085633318	color=(127,205,187)
5	123	124	-2.56408699107	color=(127,205,187)
5	124	125	-0.2298786090928	color=(65,182,196)
5	125	126	0.46959771478	color=(65,182,196)
5	126	127	0.672456488936	color=(65,182,196)
5	127	128	-0.0585966411320005	color=(65,182,196)
5	128	129	-0.4514229751616	color=(65,182,196)
5	129	130	0.2136844076876	color=(65,182,196)
5	130	131	-0.575382923634	color=(65,182,196)
5	131	132	-1.3064078571438	color=(127,205,187)
5	132	133	0.2381983307009	color=(65,182,196)
5	133	134	-1.635860495112	color=(127,205,187)
5	134	135	-0.374528959441999	color=(65,182,196)
5	135	136	-0.913853908996	color=(65,182,196)
5	136	137	-0.5344214737342	color=(65,182,196)
5	137	138	0.934972390068	color=(65,182,196)
5	138	139	-0.8974024842124	color=(65,182,196)
5	139	140	-1.6980039842796	color=(127,205,187)
5	140	141	-0.0253643409224	color=(65,182,196)
5	141	142	-0.550353769062	color=(65,182,196)
5	142	143	-0.0665992733219998	color=(65,182,196)
5	143	144	-0.4742595379178	color=(65,182,196)
5	144	145	0.556836758434	color=(65,182,196)
5	145	146	-1.9350329222346	color=(127,205,187)
5	146	147	-1.82562324411682	color=(127,205,187)
5	147	148	-1.366562516692	color=(127,205,187)
5	148	149	-0.9449926707575	color=(65,182,196)
5	149	150	-1.655054060854	color=(127,205,187)
5	150	151	0.27888586499	color=(65,182,196)
5	151	152	-1.1494132731596	color=(127,205,187)
5	152	153	-0.965120167009	color=(65,182,196)
5	153	154	-1.4365351367626	color=(127,205,187)
5	154	155	-0.180845404188	color=(65,182,196)
5	155	156	-1.312067547893	color=(127,205,187)
5	156	157	-1.000371499446	color=(65,182,196)
5	157	158	0.4327616085514	color=(65,182,196)
5	158	159	-0.808963949818	color=(65,182,196)
5	159	160	-1.029872399448	color=(65,182,196)
5	160	161	-0.8454057238506	color=(65,182,196)
5	161	162	0.138796103276	color=(65,182,196)
5	162	163	0.652926433304	color=(65,182,196)
5	163	164	-0.5753221247438	color=(65,182,196)
5	164	165	-2.197302945826	color=(127,205,187)
5	165	166	0.4704367776906	color=(65,182,196)
5	166	167	-1.00719187992528	color=(65,182,196)
5	167	168	-0.770326564268	color=(65,182,196)
5	168	169	-0.9960228559166	color=(65,182,196)
5	169	170	0.6465692610936	color=(65,182,196)
5	170	171	-1.00877425538	color=(65,182,196)
5	171	172	-0.765293499818	color=(65,182,196)
5	172	173	0.100445887138	color=(65,182,196)
5	173	174	-0.912230289721998	color=(65,182,196)
5	174	175	-0.787214305412	color=(65,182,196)
5	175	176	-0.27940314396704	color=(65,182,196)
5	176	177	-1.2839650395192	color=(127,205,187)
5	177	178	-1.38460876588156	color=(127,205,187)
5	178	179	-1.31143978567386	color=(127,205,187)
5	179	180	-0.533353299979	color=(65,182,196)
5	180	181	0.428523691752	color=(65,182,196)
5	181	182	0.395319829514	color=(65,182,196)
5	182	183	0.66445933162	color=(65,182,196)
5	183	184	0.0076137772532	color=(65,182,196)
5	184	185	0.322614117892	color=(65,182,196)
5	185	186	-0.8218720477864	color=(65,182,196)
5	186	187	-0.737448672646	color=(65,182,196)
5	187	188	-0.5075970266808	color=(65,182,196)
5	188	189	0.235427752936	color=(65,182,196)
5	189	190	-0.0715897800884001	color=(65,182,196)
5	190	191	-1.14968690934764	color=(127,205,187)
5	191	192	-1.32351703757145	color=(127,205,187)
5	192	193	-0.6015030072742	color=(65,182,196)
5	193	194	-1.1033222709	color=(65,182,196)
5	194	195	0.86096340885	color=(65,182,196)
5	195	196	-1.5353859605906	color=(127,205,187)
5	196	197	-0.763484446578	color=(65,182,196)
5	197	198	-0.432910274668	color=(65,182,196)
5	198	199	-0.933791310286	color=(65,182,196)
5	199	200	0.500304248703999	color=(65,182,196)
5	200	201	0.209054642388	color=(65,182,196)
5	201	202	0.37208790425454	color=(65,182,196)
5	202	203	-0.417639862922	color=(65,182,196)
5	203	204	-0.970691563738	color=(65,182,196)
5	204	205	0.117698249262	color=(65,182,196)
5	205	206	-0.5194609399946	color=(65,182,196)
5	206	207	0.321601542658001	color=(65,182,196)
5	207	208	-0.9653001818952	color=(65,182,196)
5	208	209	-0.396577881468	color=(65,182,196)
5	209	210	-1.3296724631856	color=(127,205,187)
5	210	211	-1.32603228840611	color=(127,205,187)
5	211	212	-0.9108022739804	color=(65,182,196)
5	212	213	2.225386719986	color=(29,145,192)
5	213	214	-0.038091713492	color=(65,182,196)
5	214	215	-1.410855654512	color=(127,205,187)
5	215	216	-3.447618267604	color=(199,233,180)
5	216	217	-0.629321544802	color=(65,182,196)
5	217	218	-1.6084647368672	color=(127,205,187)
5	218	219	-0.6858913997068	color=(65,182,196)
5	219	220	-0.568448364575	color=(65,182,196)
5	220	221	-0.514625957605999	color=(65,182,196)
5	221	222	-0.40211756656608	color=(65,182,196)
5	222	223	0.404714271574	color=(65,182,196)
5	223	224	-1.0942447275436	color=(65,182,196)
5	224	225	-0.9225219215882	color=(65,182,196)
5	225	226	-0.9218515722766	color=(65,182,196)
5	226	227	-0.852454111964	color=(65,182,196)
5	227	228	-0.9663035622668	color=(65,182,196)
5	228	229	-1.123737743982	color=(127,205,187)
5	229	230	-1.5424195407688	color=(127,205,187)
5	230	231	0.5183801841968	color=(65,182,196)
5	231	232	0.592503421306001	color=(65,182,196)
5	232	233	-0.0977566949439996	color=(65,182,196)
5	233	234	-0.38331097403	color=(65,182,196)
5	234	235	-1.0108065646746	color=(65,182,196)
5	235	236	0.110032680485999	color=(65,182,196)
5	236	237	0.00572229882400066	color=(65,182,196)
5	237	238	-1.095888478212	color=(65,182,196)
5	238	239	-1.2748377433702	color=(127,205,187)
5	239	240	0.055784874467	color=(65,182,196)
5	240	241	0.41627969130382	color=(65,182,196)
5	241	242	0.292265874419988	color=(65,182,196)
5	242	243	-1.349763525366	color=(127,205,187)
5	243	244	-0.8707466710178	color=(65,182,196)
5	244	245	0.7995076781132	color=(65,182,196)
5	245	246	-2.133749295458	color=(127,205,187)
5	246	247	0.291416777776	color=(65,182,196)
5	247	248	-1.22353493128438	color=(127,205,187)
5	248	249	-1.704285484576	color=(127,205,187)
5	249	250	-0.9498887843032	color=(65,182,196)
5	250	251	-1.542659471724	color=(127,205,187)
5	251	252	-2.2105241791262	color=(127,205,187)
5	252	253	-0.8849360886796	color=(65,182,196)
5	253	254	0.2236344081106	color=(65,182,196)
5	254	255	-1.67494670041242	color=(127,205,187)
5	255	256	-0.0814096658134	color=(65,182,196)
5	256	257	-1.501515446658	color=(127,205,187)
5	257	258	0.0417701701440008	color=(65,182,196)
5	258	259	-0.14506470777	color=(65,182,196)
5	259	260	-0.994970174804	color=(65,182,196)
5	260	261	-0.931592649116	color=(65,182,196)
5	261	262	-0.7434448887838	color=(65,182,196)
5	262	263	0.704651782036	color=(65,182,196)
5	263	264	0.985386212366	color=(65,182,196)
5	264	265	-0.365795559475	color=(65,182,196)
5	265	266	-1.523834547584	color=(127,205,187)
5	266	267	-0.32982717712	color=(65,182,196)
5	267	268	-0.8846506784932	color=(65,182,196)
5	268	269	-0.84245447042524	color=(65,182,196)
5	269	270	-0.65507920045	color=(65,182,196)
5	270	271	-1.102769712284	color=(65,182,196)
5	271	272	-0.650654789013	color=(65,182,196)
5	272	273	-0.382796084728	color=(65,182,196)
5	273	274	0.573191042042	color=(65,182,196)
5	274	275	-0.92465670807	color=(65,182,196)
5	275	276	0.670261616126	color=(65,182,196)
5	276	277	0.230904190934	color=(65,182,196)
5	277	278	1.5974612486272	color=(29,145,192)
5	278	279	-0.643963613072	color=(65,182,196)
5	279	280	-0.6120087726748	color=(65,182,196)
5	280	281	-0.69765069753884	color=(65,182,196)
5	281	282	-1.423317079188	color=(127,205,187)
5	282	283	-1.3564703714072	color=(127,205,187)
5	283	284	-0.5180775181804	color=(65,182,196)
5	284	285	-1.4517264196686	color=(127,205,187)
5	285	286	-0.1380088805822	color=(65,182,196)
5	286	287	0.0666730750940001	color=(65,182,196)
5	287	288	-0.8457583887004	color=(65,182,196)
5	288	289	-0.8419985377886	color=(65,182,196)
5	289	290	-0.9715910745384	color=(65,182,196)
5	290	291	-1.32794072511762	color=(127,205,187)
6	0	1	5.2543817436144	color=(34,94,168)
6	1	2	5.4459580281948	color=(34,94,168)
6	2	3	5.8526781760834	color=(37,52,148)
6	3	4	6.2756077807256	color=(37,52,148)
6	4	5	5.866482602122	color=(37,52,148)
6	5	6	5.614648753748	color=(37,52,148)
6	6	7	5.475274842792	color=(34,94,168)
6	7	8	6.562000377728	color=(37,52,148)
6	8	9	7.1904002493272	color=(37,52,148)
6	9	10	7.0892349378736	color=(37,52,148)
6	10	11	6.06859112735	color=(37,52,148)
6	11	12	5.9244320542266	color=(37,52,148)
6	12	13	5.775918207028	color=(37,52,148)
6	13	14	5.940611065403	color=(37,52,148)
6	14	15	5.8507365970234	color=(37,52,148)
6	15	16	5.4058838597564	color=(34,94,168)
6	16	17	5.71674150708	color=(37,52,148)
6	17	18	5.359691624298	color=(34,94,168)
6	18	19	7.295056730946	color=(37,52,148)
6	19	20	5.489424593748	color=(34,94,168)
6	20	21	5.976638429534	color=(37,52,148)
6	21	22	6.106322201794	color=(37,52,148)
6	22	23	5.962968138168	color=(37,52,148)
6	23	24	4.543101665242	color=(34,94,168)
6	24	25	5.87550651533	color=(37,52,148)
6	25	26	5.3070258593116	color=(34,94,168)
6	26	27	5.473960411896	color=(34,94,168)
6	27	28	4.668339016468	color=(34,94,168)
6	28	29	6.488561010336	color=(37,52,148)
6	29	30	4.442800980282	color=(34,94,168)
6	30	31	5.771291790559	color=(37,52,148)
6	31	32	5.7015470395618	color=(37,52,148)
6	32	33	4.49399024884	color=(34,94,168)
6	33	34	5.955175355522	color=(37,52,148)
6	34	35	5.7586220364668	color=(37,52,148)
6	35	36	6.766625186858	color=(37,52,148)
6	36	37	3.802620841574	color=(34,94,168)
6	37	38	6.558460227164	color=(37,52,148)
6	38	39	5.991734634652	color=(37,52,148)
6	39	40	4.950145128408	color=(34,94,168)
6	40	41	6.21934557045	color=(37,52,148)
6	41	42	6.323176603654	color=(37,52,148)
6	42	43	5.30202290344	color=(34,94,168)
6	43	44	6.355432584656	color=(37,52,148)
6	44	45	6.9778869684038	color=(37,52,148)
6	45	46	5.711518483708	color=(37,52,148)
6	46	47	5.93364250521	color=(37,52,148)
6	47	48	5.21873217129	color=(34,94,168)
6	48	49	6.5388020975902	color=(37,52,148)
6	49	50	5.4423848975432	color=(34,94,168)
6	50	51	6.267858447596	color=(37,52,148)
6	51	52	4.942655608754	color=(34,94,168)
6	52	53	5.151925117966	color=(34,94,168)
6	53	54	5.788197228062	color=(37,52,148)
6	54	55	5.118424383716	color=(34,94,168)
6	55	56	4.9213496044528	color=(34,94,168)
6	56	57	6.315747266736	color=(37,52,148)
6	57	58	6.078039612758	color=(37,52,148)
6	58	59	5.171111007152	color=(34,94,168)
6	59	60	4.814388632928	color=(34,94,168)
7	0	1	-1.37208002675558	color=(127,205,187)
7	1	2	-1.9575857535434	color=(127,205,187)
7	2	3	0.257243317886	color=(65,182,196)
7	3	4	-0.3740778727088	color=(65,182,196)
7	4	5	-1.456678514676	color=(127,205,187)
7	5	6	-0.4468433934612	color=(65,182,196)
7	6	7	-2.4418442938378	color=(127,205,187)
7	7	8	-2.45060784461	color=(127,205,187)
7	8	9	-4.36528134183	color=(199,233,180)
7	9	10	0.49877082339312	color=(65,182,196)
7	10	11	-1.6713524117566	color=(127,205,187)
7	11	12	-1.3188296247198	color=(127,205,187)
7	12	13	-1.22379423778944	color=(127,205,187)
7	13	14	-2.704970255024	color=(127,205,187)
7	14	15	-1.241584410376	color=(127,205,187)
7	15	16	-1.93001265895	color=(127,205,187)
7	16	17	-1.5778743027122	color=(127,205,187)
7	17	18	-1.65973117375	color=(127,205,187)
7	18	19	-0.789550788908	color=(65,182,196)
7	19	20	-1.127914633186	color=(127,205,187)
7	20	21	-1.9152830150454	color=(127,205,187)
7	21	22	-1.398331975554	color=(127,205,187)
7	22	23	-1.043731149154	color=(65,182,196)
7	23	24	-2.5388867520984	color=(127,205,187)
7	24	25	-1.958541172454	color=(127,205,187)
7	25	26	-1.774803432758	color=(127,205,187)
7	26	27	-0.798782073081	color=(65,182,196)
7	27	28	0.5292511132474	color=(65,182,196)
7	28	29	-1.865882977342	color=(127,205,187)
7	29	30	-1.3055641457256	color=(127,205,187)
7	30	31	0.32675558346	color=(65,182,196)
7	31	32	0.152950478892	color=(65,182,196)
7	32	33	-2.363392576816	color=(127,205,187)
7	33	34	-1.873080838696	color=(127,205,187)
7	34	35	-1.1810152770194	color=(127,205,187)
7	35	36	-0.9157172146	color=(65,182,196)
7	36	37	0.313615882182	color=(65,182,196)
7	37	38	-2.35957928719	color=(127,205,187)
7	38	39	-1.53180689087285	color=(127,205,187)
7	39	40	-0.6844911847256	color=(65,182,196)
7	40	41	-1.302241572482	color=(127,205,187)
7	41	42	-0.840067676838	color=(65,182,196)
7	42	43	-1.486223474032	color=(127,205,187)
7	43	44	-0.6309919973278	color=(65,182,196)
7	44	45	-2.0390214714714	color=(127,205,187)
7	45	46	-0.654429157204	color=(65,182,196)
7	46	47	-0.465220544919	color=(65,182,196)
7	47	48	-2.301617452598	color=(127,205,187)
7	48	49	-3.064017315116	color=(127,205,187)
7	49	50	-1.5940671060668	color=(127,205,187)
7	50	51	-1.4903651161274	color=(127,205,187)
7	51	52	-1.095698246614	color=(65,182,196)
7	52	53	-0.511584340105999	color=(65,182,196)
7	53	54	-0.510731951458	color=(65,182,196)
7	54	55	-1.3943922574724	color=(127,205,187)
7	55	56	-1.3855092821432	color=(127,205,187)
7	56	57	-1.8566224295824	color=(127,205,187)
7	57	58	-0.844328296562	color=(65,182,196)
7	58	59	-1.21271395136	color=(127,205,187)
7	59	60	-0.0432732200635999	color=(65,182,196)
7	60	61	-1.409617264028	color=(127,205,187)
7	61	62	-2.150388605254	color=(127,205,187)
7	62	63	-1.7118017151444	color=(127,205,187)
7	63	64	-1.02982498082872	color=(65,182,196)
7	64	65	-2.252384288532	color=(127,205,187)
7	65	66	-1.010411002856	color=(65,182,196)
7	66	67	-1.378478674326	color=(127,205,187)
7	67	68	-1.38051054233	color=(127,205,187)
7	68	69	-1.2439630415874	color=(127,205,187)
7	69	70	-0.8227757787508	color=(65,182,196)
7	70	71	-0.4766770500356	color=(65,182,196)
7	71	72	-2.18642711107	color=(127,205,187)
7	72	73	-0.9372423200804	color=(65,182,196)
7	73	74	-0.98514190389728	color=(65,182,196)
7	74	75	-1.587332613874	color=(127,205,187)
7	75	76	-1.9649165201316	color=(127,205,187)
7	76	77	-1.3664228257504	color=(127,205,187)
7	77	78	-1.7499818867624	color=(127,205,187)
7	78	79	-0.834033274440001	color=(65,182,196)
7	79	80	-1.1372672627776	color=(127,205,187)
7	80	81	-2.767573203288	color=(127,205,187)
7	81	82	-1.34309087558312	color=(127,205,187)
7	82	83	-2.887653677112	color=(127,205,187)
7	83	84	-0.5983637675854	color=(65,182,196)
7	84	85	-1.564446375954	color=(127,205,187)
7	85	86	-1.070906023712	color=(65,182,196)
7	86	87	-2.2832377367462	color=(127,205,187)
7	87	88	-1.23466422474574	color=(127,205,187)
7	88	89	-0.548327032924	color=(65,182,196)
7	89	90	-0.421385612427	color=(65,182,196)
7	90	91	-0.609482426452	color=(65,182,196)
7	91	92	-2.3497311651254	color=(127,205,187)
7	92	93	-1.4363773592512	color=(127,205,187)
7	93	94	-1.40695258897	color=(127,205,187)
7	94	95	-0.888891046348	color=(65,182,196)
7	95	96	0.3188832481	color=(65,182,196)
7	96	97	-3.710500975046	color=(199,233,180)
7	97	98	-2.528063844204	color=(127,205,187)
7	98	99	-3.4814040770264	color=(199,233,180)
7	99	100	-2.20251680334	color=(127,205,187)
7	100	101	-0.4801649072714	color=(65,182,196)
7	101	102	-0.27097590362536	color=(65,182,196)
7	102	103	-0.77267401238358	color=(65,182,196)
7	103	104	-3.099444612618	color=(127,205,187)
7	104	105	-2.231332644486	color=(127,205,187)
7	105	106	-1.9892658838824	color=(127,205,187)
7	106	107	-1.717599857622	color=(127,205,187)
7	107	108	-0.9088858037124	color=(65,182,196)
7	108	109	-2.5387628219436	color=(127,205,187)
7	109	110	-0.3141846538002	color=(65,182,196)
7	110	111	-0.754483239178001	color=(65,182,196)
7	111	112	-1.1850572266932	color=(127,205,187)
7	112	113	-2.70691479732212	color=(127,205,187)
7	113	114	-1.833003030374	color=(127,205,187)
7	114	115	-1.0101512608094	color=(65,182,196)
7	115	116	-1.0001783254144	color=(65,182,196)
7	116	117	-1.4195100244058	color=(127,205,187)
7	117	118	-2.069160117108	color=(127,205,187)
7	118	119	-1.963334818446	color=(127,205,187)
7	119	120	-1.09448894481622	color=(65,182,196)
7	120	121	-1.233384433114	color=(127,205,187)
7	121	122	-1.3690939218638	color=(127,205,187)
7	122	123	-1.141105041478	color=(127,205,187)
7	123	124	-1.1211296175616	color=(127,205,187)
7	124	125	-2.85750663010854	color=(127,205,187)
7	125	126	-2.540310589784	color=(127,205,187)
7	126	127	-1.7250960865	color=(127,205,187)
7	127	128	-0.54583972048	color=(65,182,196)
7	128	129	-1.136869836258	color=(127,205,187)
7	129	130	-3.1399294165792	color=(127,205,187)
7	130	131	-2.075619293032	color=(127,205,187)
7	131	132	-2.07616949478	color=(127,205,187)
7	132	133	-2.33691504341	color=(127,205,187)
7	133	134	-0.735828517348	color=(65,182,196)
7	134	135	-0.151952297728	color=(65,182,196)
7	135	136	-1.0307143168522	color=(65,182,196)
7	136	137	-1.49637902704456	color=(127,205,187)
7	137	138	-2.71568351148	color=(127,205,187)
7	138	139	-1.42764691572	color=(127,205,187)
7	139	140	-1.227814829008	color=(127,205,187)
7	140	141	-2.1258756131936	color=(127,205,187)
7	141	142	-1.3948923197436	color=(127,205,187)
7	142	143	-0.409134433498	color=(65,182,196)
7	143	144	-1.3188111546276	color=(127,205,187)
7	144	145	-0.2221761364634	color=(65,182,196)
7	145	146	-0.5160072712952	color=(65,182,196)
7	146	147	-0.71744130249636	color=(65,182,196)
7	147	148	-1.89231452519	color=(127,205,187)
7	148	149	-1.835139631964	color=(127,205,187)
7	149	150	-3.217658842272	color=(127,205,187)
7	150	151	-1.029854700104	color=(65,182,196)
7	151	152	-1.822299978367	color=(127,205,187)
7	152	153	-1.928849037474	color=(127,205,187)
7	153	154	-2.101030885856	color=(127,205,187)
7	154	155	-1.315791959756	color=(127,205,187)
7	155	156	-1.149349817916	color=(127,205,187)
7	156	157	-0.1982069886106	color=(65,182,196)
7	157	158	-1.4316490089444	color=(127,205,187)
7	158	159	-3.210759800434	color=(127,205,187)
7	159	160	-1.229796463292	color=(127,205,187)
7	160	161	-0.515386631404	color=(65,182,196)
7	161	162	-1.494603322506	color=(127,205,187)
7	162	163	-1.789563593428	color=(127,205,187)
7	163	164	-1.322328103867	color=(127,205,187)
7	164	165	-1.2568303711772	color=(127,205,187)
7	165	166	-0.77559517784	color=(65,182,196)
7	166	167	-0.39274667722938	color=(65,182,196)
7	167	168	-2.7804269340348	color=(127,205,187)
7	168	169	-1.3716499021282	color=(127,205,187)
7	169	170	-0.893021727966	color=(65,182,196)
7	170	171	-1.3057563177958	color=(127,205,187)
7	171	172	-0.07140620833148	color=(65,182,196)
7	172	173	0.34210031060624	color=(65,182,196)
7	173	174	-2.0796417275844	color=(127,205,187)
7	174	175	-0.9261256228944	color=(65,182,196)
7	175	176	-0.5162604995696	color=(65,182,196)
7	176	177	-1.4975004753834	color=(127,205,187)
7	177	178	-0.6002109799724	color=(65,182,196)
7	178	179	-1.14175558576832	color=(127,205,187)
7	179	180	-5.100604378872	color=(199,233,180)
7	180	181	-1.1245534502324	color=(127,205,187)
7	181	182	-1.049462537824	color=(65,182,196)
7	182	183	0.5603836267418	color=(65,182,196)
7	183	184	-2.1694967903232	color=(127,205,187)
7	184	185	-3.686831278332	color=(199,233,180)
7	185	186	-1.263873016492	color=(127,205,187)
7	186	187	0.113724160238	color=(65,182,196)
7	187	188	-0.93063341518114	color=(65,182,196)
7	188	189	-0.95874405314	color=(65,182,196)
7	189	190	-1.198141666961	color=(127,205,187)
7	190	191	-0.073530352589	color=(65,182,196)
7	191	192	-2.563811296686	color=(127,205,187)
7	192	193	-1.0167236022452	color=(65,182,196)
7	193	194	0.49125304887276	color=(65,182,196)
7	194	195	-1.53439091419564	color=(127,205,187)
7	195	196	-0.603033124878	color=(65,182,196)
7	196	197	-0.95661705957148	color=(65,182,196)
7	197	198	-0.192965878334	color=(65,182,196)
7	198	199	-2.3566271625264	color=(127,205,187)
7	199	200	-0.97652337245	color=(65,182,196)
7	200	201	-2.3640988788352	color=(127,205,187)
7	201	202	-1.5144410603464	color=(127,205,187)
7	202	203	-0.72022780662068	color=(65,182,196)
7	203	204	-1.359114992334	color=(127,205,187)
7	204	205	-0.770289041376	color=(65,182,196)
7	205	206	-0.8958549856376	color=(65,182,196)
7	206	207	-1.019591632019	color=(65,182,196)
7	207	208	-1.726798495084	color=(127,205,187)
7	208	209	-1.093533137272	color=(65,182,196)
7	209	210	-1.1024326623918	color=(65,182,196)
7	210	211	-0.6217026015376	color=(65,182,196)
7	211	212	-2.170479518962	color=(127,205,187)
7	212	213	-0.868241372940001	color=(65,182,196)
7	213	214	-1.717227471634	color=(127,205,187)
7	214	215	-0.29634390756588	color=(65,182,196)
7	215	216	-1.0616878060352	color=(65,182,196)
7	216	217	-2.7075779997828	color=(127,205,187)
7	217	218	-0.102799879939999	color=(65,182,196)
7	218	219	-1.4778542446286	color=(127,205,187)
7	219	220	-2.363883251486	color=(127,205,187)
7	220	221	-1.30754371039172	color=(127,205,187)
7	221	222	-1.3985716064575	color=(127,205,187)
7	222	223	-4.668583289314	color=(199,233,180)
7	223	224	-1.2668737438392	color=(127,205,187)
7	224	225	-1.3548426711842	color=(127,205,187)
7	225	226	-2.1558742907248	color=(127,205,187)
7	226	227	-1.2933657934168	color=(127,205,187)
7	227	228	1.1067615057294	color=(29,145,192)
7	228	229	0.1567762017294	color=(65,182,196)
7	229	230	-1.1842550153	color=(127,205,187)
7	230	231	-1.729824580262	color=(127,205,187)
7	231	232	-1.1401516654298	color=(127,205,187)
7	232	233	-1.641427305494	color=(127,205,187)
7	233	234	-1.7219842099074	color=(127,205,187)
7	234	235	-1.6027271699886	color=(127,205,187)
7	235	236	-1.8260066382556	color=(127,205,187)
7	236	237	-1.179461457121	color=(127,205,187)
7	237	238	-1.4257275884508	color=(127,205,187)
7	238	239	0.0539358663879996	color=(65,182,196)
7	239	240	-1.723580635934	color=(127,205,187)
7	240	241	-0.422221509602	color=(65,182,196)
7	241	242	-2.1443655093138	color=(127,205,187)
7	242	243	-2.149008413156	color=(127,205,187)
7	243	244	-0.996758361244	color=(65,182,196)
7	244	245	-0.4504213727902	color=(65,182,196)
7	245	246	-1.3311724817242	color=(127,205,187)
7	246	247	-2.223547445118	color=(127,205,187)
7	247	248	-1.3658691597	color=(127,205,187)
7	248	249	-0.5510403858454	color=(65,182,196)
7	249	250	-1.7705857466236	color=(127,205,187)
7	250	251	-0.8532966666762	color=(65,182,196)
7	251	252	-2.4687028828192	color=(127,205,187)
7	252	253	-0.9226476520404	color=(65,182,196)
7	253	254	-1.991060871816	color=(127,205,187)
7	254	255	-0.6322803135256	color=(65,182,196)
7	255	256	-2.160167069032	color=(127,205,187)
7	256	257	-2.228064922236	color=(127,205,187)
7	257	258	-1.8838713294724	color=(127,205,187)
7	258	259	-0.94530551562398	color=(65,182,196)
7	259	260	-2.372207391986	color=(127,205,187)
7	260	261	-1.3045346818388	color=(127,205,187)
7	261	262	-2.97723390694	color=(127,205,187)
7	262	263	-0.414965054854	color=(65,182,196)
7	263	264	-1.048784616125	color=(65,182,196)
7	264	265	-1.42838635866248	color=(127,205,187)
7	265	266	-1.0940722356156	color=(65,182,196)
7	266	267	-1.4651728140142	color=(127,205,187)
7	267	268	-0.843759140802	color=(65,182,196)
7	268	269	-3.5021621833128	color=(199,233,180)
7	269	270	-0.857696643577	color=(65,182,196)
7	270	271	-3.008300526656	color=(127,205,187)
7	271	272	-2.394163054148	color=(127,205,187)
7	272	273	-0.5731977107996	color=(65,182,196)
7	273	274	-2.124490983074	color=(127,205,187)
7	274	275	-1.231545626442	color=(127,205,187)
7	275	276	-2.500112030784	color=(127,205,187)
7	276	277	-0.3387793196616	color=(65,182,196)
7	277	278	-1.4929235673028	color=(127,205,187)
7	278	279	-1.1117836520588	color=(65,182,196)
7	279	280	-0.80036252900916	color=(65,182,196)
8	0	1	-3.832848733178	color=(199,233,180)
8	1	2	-4.47612234902	color=(199,233,180)
8	2	3	-4.283544303822	color=(199,233,180)
8	3	4	-7.5652659799276	color=(237,248,177)
8	4	5	-4.4524591075792	color=(199,233,180)
8	5	6	-5.4685492555534	color=(199,233,180)
8	6	7	-4.473308216842	color=(199,233,180)
8	7	8	-5.4208546044668	color=(199,233,180)
8	8	9	-4.2693450781804	color=(199,233,180)
8	9	10	-5.8894758179588	color=(237,248,177)
8	10	11	-5.4325898206152	color=(199,233,180)
8	11	12	-5.1679131071164	color=(199,233,180)
8	12	13	-4.4301293800862	color=(199,233,180)
8	13	14	-3.9311999852368	color=(199,233,180)
8	14	15	-5.91810626601172	color=(237,248,177)
8	15	16	-4.715209296942	color=(199,233,180)
8	16	17	-5.6890025314256	color=(237,248,177)
8	17	18	-6.1352914909453	color=(237,248,177)
8	18	19	-5.3619176643548	color=(199,233,180)
8	19	20	-6.02825661160988	color=(237,248,177)
8	20	21	-2.547077170463	color=(127,205,187)
8	21	22	-4.744547399876	color=(199,233,180)
8	22	23	-5.3280660012214	color=(199,233,180)
8	23	24	-3.6739449367056	color=(199,233,180)
8	24	25	-5.2065851305528	color=(199,233,180)
8	25	26	-4.7113876438574	color=(199,233,180)
8	26	27	-4.35927270817	color=(199,233,180)
8	27	28	-6.0751420703378	color=(237,248,177)
8	28	29	-4.06215579136	color=(199,233,180)
8	29	30	-3.677425794732	color=(199,233,180)
8	30	31	-4.7345168368256	color=(199,233,180)
8	31	32	-4.11257419217	color=(199,233,180)
8	32	33	-5.1314512367756	color=(199,233,180)
8	33	34	-4.75169516231	color=(199,233,180)
8	34	35	-6.6763143233954	color=(237,248,177)
8	35	36	-4.5043169279332	color=(199,233,180)
8	36	37	-5.006360178508	color=(199,233,180)
8	37	38	-4.8124669055926	color=(199,233,180)
8	38	39	-5.6403923912852	color=(237,248,177)
8	39	40	-5.4041377758804	color=(199,233,180)
8	40	41	-6.544820754609	color=(237,248,177)
8	41	42	-6.0410583291848	color=(237,248,177)
8	42	43	-3.8714490022108	color=(199,233,180)
8	43	44	-4.3625032648012	color=(199,233,180)
8	44	45	-4.3585508431508	color=(199,233,180)
8	45	46	-6.2571775370782	color=(237,248,177)
8	46	47	-4.019201285496	color=(199,233,180)
8	47	48	-4.9862031244138	color=(199,233,180)
8	48	49	-6.2699518571284	color=(237,248,177)
8	49	50	-6.7426345785007	color=(237,248,177)
8	50	51	-8.152968046504	color=(255,255,217)
8	51	52	-4.8882796814706	color=(199,233,180)
8	52	53	-5.090614739946	color=(199,233,180)
8	53	54	-4.245725629162	color=(199,233,180)
8	54	55	-5.98964675606229	color=(237,248,177)
8	55	56	-5.68929278250519	color=(237,248,177)
8	56	57	-4.210821238408	color=(199,233,180)
8	57	58	-4.6534869001064	color=(199,233,180)
8	58	59	-6.909039021788	color=(237,248,177)
8	59	60	-5.5067666450968	color=(199,233,180)
8	60	61	-5.5400705236324	color=(199,233,180)
8	61	62	-3.418858026594	color=(199,233,180)
8	62	63	-3.3343119436808	color=(127,205,187)
8	63	64	-4.1150958201818	color=(199,233,180)
8	64	65	-4.609098498366	color=(199,233,180)
8	65	66	-6.762342163014	color=(237,248,177)
8	66	67	-4.8865173660916	color=(199,233,180)
8	67	68	-5.5162462859108	color=(199,233,180)
8	68	69	-4.145628442154	color=(199,233,180)
8	69	70	-6.61828286735696	color=(237,248,177)
8	70	71	-5.3867247248972	color=(199,233,180)
8	71	72	-4.1112903158524	color=(199,233,180)
8	72	73	-4.016143399714	color=(199,233,180)
8	73	74	-5.0214541836436	color=(199,233,180)
8	74	75	-3.876502240134	color=(199,233,180)
8	75	76	-4.364067667508	color=(199,233,180)
8	76	77	-5.1132308634916	color=(199,233,180)
8	77	78	-5.611580055071	color=(237,248,177)
8	78	79	-6.09250394790768	color=(237,248,177)
8	79	80	-4.276641508604	color=(199,233,180)
8	80	81	-4.6069129438128	color=(199,233,180)
8	81	82	-5.8497299079692	color=(237,248,177)
8	82	83	-5.708009039028	color=(237,248,177)
8	83	84	-4.038622468308	color=(199,233,180)
8	84	85	-4.92420466068352	color=(199,233,180)
8	85	86	-4.8180930422772	color=(199,233,180)
8	86	87	-5.9756979927282	color=(237,248,177)
8	87	88	-5.6308683116766	color=(237,248,177)
8	88	89	-4.1894540140884	color=(199,233,180)
8	89	90	-4.33298770557	color=(199,233,180)
8	90	91	-4.787420057038	color=(199,233,180)
8	91	92	-3.710162491022	color=(199,233,180)
8	92	93	-5.9955638648568	color=(237,248,177)
8	93	94	-4.9752051150572	color=(199,233,180)
8	94	95	-7.247917978022	color=(237,248,177)
8	95	96	-5.7990061018432	color=(237,248,177)
8	96	97	-5.4351853324866	color=(199,233,180)
8	97	98	-4.4855481641934	color=(199,233,180)
8	98	99	-5.9413599832328	color=(237,248,177)
8	99	100	-5.6068163290276	color=(237,248,177)
8	100	101	-4.1816592008474	color=(199,233,180)
8	101	102	-5.1396348360876	color=(199,233,180)
8	102	103	-5.117445361478	color=(199,233,180)
8	103	104	-6.1730055691492	color=(237,248,177)
8	104	105	-5.809981104198	color=(237,248,177)
8	105	106	-3.918881395256	color=(199,233,180)
8	106	107	-4.5699979247808	color=(199,233,180)
8	107	108	-6.9288966842692	color=(237,248,177)
8	108	109	-4.5795011396033	color=(199,233,180)
8	109	110	-3.4221078452624	color=(199,233,180)
8	110	111	-5.5302482877272	color=(199,233,180)
8	111	112	-4.0245914542	color=(199,233,180)
8	112	113	-5.303163222895	color=(199,233,180)
8	113	114	-6.5764025958126	color=(237,248,177)
8	114	115	-5.54112637514	color=(199,233,180)
8	115	116	-7.23543683705	color=(237,248,177)
8	116	117	-4.243295053536	color=(199,233,180)
8	117	118	-4.5038193001012	color=(199,233,180)
8	118	119	-4.154237743824	color=(199,233,180)
8	119	120	-6.54186260276	color=(237,248,177)
8	120	121	-5.835345095524	color=(237,248,177)
8	121	122	-5.0959817615884	color=(199,233,180)
8	122	123	-4.305357669082	color=(199,233,180)
8	123	124	-3.845803915278	color=(199,233,180)
8	124	125	-3.796519691822	color=(199,233,180)
8	125	126	-4.447914989786	color=(199,233,180)
8	126	127	-6.522122852238	color=(237,248,177)
8	127	128	-4.1777596749996	color=(199,233,180)
8	128	129	-7.0861087230568	color=(237,248,177)
8	129	130	-7.44279505696872	color=(237,248,177)
8	130	131	-5.7268362442544	color=(237,248,177)
8	131	132	-3.133786165037	color=(127,205,187)
8	132	133	-5.7259909556216	color=(237,248,177)
8	133	134	-3.5197874745948	color=(199,233,180)
8	134	135	-5.1075148387386	color=(199,233,180)
8	135	136	-4.6118506896492	color=(199,233,180)
8	136	137	-5.3250811278732	color=(199,233,180)
8	137	138	-5.27979692118	color=(199,233,180)
8	138	139	-5.7227642945456	color=(237,248,177)
8	139	140	-4.9254585972154	color=(199,233,180)
8	140	141	-5.1501586010968	color=(199,233,180)
8	141	142	-5.2210114181314	color=(199,233,180)
8	142	143	-4.633223807292	color=(199,233,180)
8	143	144	-4.981842721048	color=(199,233,180)
8	144	145	-5.19647577869924	color=(199,233,180)
8	145	146	-4.0523890925108	color=(199,233,180)
8	146	147	-5.921521246889	color=(237,248,177)
8	147	148	-5.4921362759062	color=(199,233,180)
8	148	149	-5.2519393564352	color=(199,233,180)
8	149	150	-4.167841943666	color=(199,233,180)
8	150	151	-4.116426417742	color=(199,233,180)
8	151	152	-5.19120426618628	color=(199,233,180)
8	152	153	-3.4602377795324	color=(199,233,180)
8	153	154	-4.9029950499064	color=(199,233,180)
8	154	155	-5.9761232802426	color=(237,248,177)
8	155	156	-4.389239770032	color=(199,233,180)
8	156	157	-5.9165278112582	color=(237,248,177)
8	157	158	-4.9428136883732	color=(199,233,180)
8	158	159	-4.6003252377208	color=(199,233,180)
8	159	160	-5.0946807295632	color=(199,233,180)
8	160	161	-3.85633062531	color=(199,233,180)
8	161	162	-4.74886943457576	color=(199,233,180)
8	162	163	-4.474853951824	color=(199,233,180)
8	163	164	-4.2982836389676	color=(199,233,180)
8	164	165	-4.354161331492	color=(199,233,180)
8	165	166	-2.8126896991052	color=(127,205,187)
8	166	167	-5.2927849084884	color=(199,233,180)
8	167	168	-4.271931766678	color=(199,233,180)
8	168	169	-4.7603795175932	color=(199,233,180)
8	169	170	-5.3138075546676	color=(199,233,180)
8	170	171	-5.9685692180022	color=(237,248,177)
8	171	172	-4.427252627092	color=(199,233,180)
8	172	173	-4.4826750906432	color=(199,233,180)
8	173	174	-5.171135772822	color=(199,233,180)
8	174	175	-4.501534470276	color=(199,233,180)
8	175	176	-5.9026740123608	color=(237,248,177)
8	176	177	-3.952038873966	color=(199,233,180)
8	177	178	-4.081193170636	color=(199,233,180)
8	178	179	-6.70699933355472	color=(237,248,177)
8	179	180	-4.439295456876	color=(199,233,180)
8	180	181	-3.58910747171	color=(199,233,180)
8	181	182	-6.3472825790464	color=(237,248,177)
8	182	183	-4.106887411114	color=(199,233,180)
8	183	184	-4.4832815190904	color=(199,233,180)
8	184	185	-5.1249107639912	color=(199,233,180)
8	185	186	-5.1488866802684	color=(199,233,180)
8	186	187	-4.7940645537144	color=(199,233,180)
8	187	188	-4.7003821680908	color=(199,233,180)
8	188	189	-6.0685855805138	color=(237,248,177)
8	189	190	-6.4777783179064	color=(237,248,177)
8	190	191	-5.0590441352336	color=(199,233,180)
8	191	192	-5.174981050984	color=(199,233,180)
8	192	193	-4.747783052442	color=(199,233,180)
8	193	194	-4.313813952022	color=(199,233,180)
8	194	195	-3.03669633002	color=(127,205,187)
8	195	196	-4.501020248868	color=(199,233,180)
8	196	197	-4.691104011082	color=(199,233,180)
8	197	198	-5.63141043367264	color=(237,248,177)
8	198	199	-3.877856301126	color=(199,233,180)
8	199	200	-4.539504679274	color=(199,233,180)
8	200	201	-6.4271372834434	color=(237,248,177)
8	201	202	-4.3852347190636	color=(199,233,180)
8	202	203	-5.3728584226044	color=(199,233,180)
8	203	204	-4.719090684328	color=(199,233,180)
8	204	205	-7.8164474006716	color=(255,255,217)
8	205	206	-4.447196336426	color=(199,233,180)
8	206	207	-3.963530096598	color=(199,233,180)
8	207	208	-4.3223876659	color=(199,233,180)
8	208	209	-4.340960790412	color=(199,233,180)
8	209	210	-4.149679806006	color=(199,233,180)
8	210	211	-4.762470267532	color=(199,233,180)
8	211	212	-3.652099036276	color=(199,233,180)
8	212	213	-4.027159220304	color=(199,233,180)
8	213	214	-5.70625923919569	color=(237,248,177)
8	214	215	-5.2045650884828	color=(199,233,180)
8	215	216	-4.8681130677812	color=(199,233,180)
8	216	217	-4.029017609772	color=(199,233,180)
8	217	218	-4.926907661932	color=(199,233,180)
8	218	219	-5.4153083754548	color=(199,233,180)
8	219	220	-5.3261367489448	color=(199,233,180)
8	220	221	-4.8661829348716	color=(199,233,180)
8	221	222	-7.273217486415	color=(237,248,177)
8	222	223	-4.6006908253124	color=(199,233,180)
8	223	224	-5.16663401284122	color=(199,233,180)
8	224	225	-4.6993002846604	color=(199,233,180)
8	225	226	-4.348591675712	color=(199,233,180)
8	226	227	-4.398746312516	color=(199,233,180)
8	227	228	-5.8862196496892	color=(237,248,177)
8	228	229	-4.181585431874	color=(199,233,180)
8	229	230	-5.0803425035384	color=(199,233,180)
8	230	231	-4.9733738845788	color=(199,233,180)
8	231	232	-5.618586696585	color=(237,248,177)
8	232	233	-6.10717952495956	color=(237,248,177)
8	233	234	-7.155895396402	color=(237,248,177)
8	234	235	-5.8302280498518	color=(237,248,177)
8	235	236	-4.0289800605504	color=(199,233,180)
8	236	237	-6.258882067172	color=(237,248,177)
8	237	238	-3.461062765956	color=(199,233,180)
8	238	239	-5.6003467242006	color=(237,248,177)
8	239	240	-6.10631377961744	color=(237,248,177)
8	240	241	-6.3897659353482	color=(237,248,177)
8	241	242	-4.091025850586	color=(199,233,180)
8	242	243	-4.278507241552	color=(199,233,180)
8	243	244	-3.802917297676	color=(199,233,180)
8	244	245	-4.431036597982	color=(199,233,180)
8	245	246	-4.9420709913778	color=(199,233,180)
8	246	247	-3.9553054471686	color=(199,233,180)
8	247	248	-4.585285705274	color=(199,233,180)
8	248	249	-4.44804448768	color=(199,233,180)
8	249	250	-6.36204231110904	color=(237,248,177)
8	250	251	-3.620313545064	color=(199,233,180)
8	251	252	-5.1211686079784	color=(199,233,180)
8	252	253	-3.760734736526	color=(199,233,180)
8	253	254	-4.8838067546652	color=(199,233,180)
8	254	255	-4.065740351228	color=(199,233,180)
8	255	256	-5.32894119084	color=(199,233,180)
8	256	257	-5.4289827288238	color=(199,233,180)
8	257	258	-5.2700214986288	color=(199,233,180)
8	258	259	-3.80774669345	color=(199,233,180)
8	259	260	-5.4831603689464	color=(199,233,180)
8	260	261	-6.9003493817132	color=(237,248,177)
8	261	262	-4.811349286068	color=(199,233,180)
8	262	263	-6.60156889091968	color=(237,248,177)
8	263	264	-4.018736327574	color=(199,233,180)
8	264	265	-3.7839054833456	color=(199,233,180)
8	265	266	-5.4548637350984	color=(199,233,180)
8	266	267	-4.392278730932	color=(199,233,180)
8	267	268	-4.658515400344	color=(199,233,180)
8	268	269	-5.1284865167212	color=(199,233,180)
8	269	270	-6.00272407330086	color=(237,248,177)
8	270	271	-5.4933868964986	color=(199,233,180)
8	271	272	-3.7703858350528	color=(199,233,180)
8	272	273	-5.2412933516356	color=(199,233,180)
8	273	274	-4.7758413704972	color=(199,233,180)
8	274	275	-3.900227263854	color=(199,233,180)
8	275	276	-5.8405105205532	color=(237,248,177)
8	276	277	-5.4524262889248	color=(199,233,180)
8	277	278	-4.623411783918	color=(199,233,180)
8	278	279	-3.7433256549092	color=(199,233,180)
8	279	280	-5.2625529086036	color=(199,233,180)
8	280	281	-6.5202412363362	color=(237,248,177)
8	281	282	-5.39735156947248	color=(199,233,180)
8	282	283	-6.7298722205116	color=(237,248,177)
8	283	284	-4.256522638286	color=(199,233,180)
8	284	285	-4.147523275106	color=(199,233,180)
8	285	286	-6.1617759541676	color=(237,248,177)
8	286	287	-4.52354655349	color=(199,233,180)
8	287	288	-3.566678418542	color=(199,233,180)
8	288	289	-6.803539903694	color=(237,248,177)
8	289	290	-5.198598413004	color=(199,233,180)
8	290	291	-4.880477421196	color=(199,233,180)
8	291	292	-6.5765797493954	color=(237,248,177)
8	292	293	-3.8898961387368	color=(199,233,180)
8	293	294	-5.5039732650528	color=(199,233,180)
8	294	295	-3.68302635984	color=(199,233,180)
8	295	296	-5.0919484568112	color=(199,233,180)
8	296	297	-4.395297857664	color=(199,233,180)
8	297	298	-4.0278118963704	color=(199,233,180)
8	298	299	-5.2142272117952	color=(199,233,180)
8	299	300	-6.1257930669372	color=(237,248,177)
8	300	301	-4.220609652298	color=(199,233,180)
8	301	302	-4.5452341502604	color=(199,233,180)
8	302	303	-5.6751045052768	color=(237,248,177)
8	303	304	-5.8005024534784	color=(237,248,177)
8	304	305	-4.8323810429632	color=(199,233,180)
8	305	306	-4.205056518756	color=(199,233,180)
8	306	307	-4.8948451131524	color=(199,233,180)
8	307	308	-3.801975326272	color=(199,233,180)
